Actor1CountryCode,Actor2countryCode,EventRootCode,SQLDATE,NumMentions
ABW,ABW,09,20071123,4
COL,ABW,04,20091210,5
NLD,ABW,17,20071123,1
USA,ABW,04,20131024,10
USA,ABW,11,20120507,6
USA,ABW,04,20080327,1
AFG,AFG,18,20040601,2
AFG,AFG,19,20060808,1
AFG,AFG,19,20140329,41
AFG,AFG,03,20041011,5
AFG,AFG,11,20130812,2
AFG,AFG,04,20020823,1
AFG,AFG,01,20101102,5
AFG,AFG,01,20080523,5
AFG,AFG,11,20100128,30
AFG,AFG,01,20090831,25
AFG,AFG,17,20110328,10
AFG,AFG,03,20010930,2
AFG,AFG,19,20111017,1
AFG,AFG,16,20111118,12
AFG,AFG,07,20101220,6
AFG,AFG,02,20110603,207
AFG,AFG,17,20091127,2
AFG,AFG,19,20060417,1
AFG,AFG,01,20131004,2
AFG,AFG,17,20140328,12
AFG,AFG,09,20090218,3
AFG,AFG,04,20121122,3
AFG,AFG,19,20111015,41
AFG,AFG,19,20120715,18
AFG,AFG,01,20130509,2
AFG,AFG,11,20090925,9
AFG,AFG,11,20071128,4
AFG,AFG,04,20040516,2
AFG,AFG,04,20111003,6
AFG,AFG,07,20141008,5
AFG,AFG,19,20060906,3
AFG,AFG,05,20021212,1
AFG,AFG,17,20141006,1
AFG,AFG,17,20111127,4
AFG,AFG,18,20090719,1
AFG,AFG,04,20131212,1
AFG,AFG,19,20120827,32
AFG,AFG,08,20100801,2
AFG,AFG,05,20121010,3
AFG,AFG,03,20030701,6
AFG,AFG,01,20041027,7
AFG,AFG,13,20111107,10
AFG,AFG,02,20100712,1
AFG,AFG,04,20140406,18
AFG,AFG,18,20140808,8
AFG,AFG,18,20100911,6
AFG,AFG,08,20140112,6
AFG,AFG,13,20101202,2
AFG,AFG,02,20100620,7
AFG,AFG,19,20051204,10
AFG,AFG,04,20110116,1
AFG,AFG,05,20100722,5
AFG,AFG,02,20110419,2
AFG,AFG,07,20090329,15
AFG,AFG,01,20091207,3
AFG,AFG,05,20140614,2
AFG,AFG,13,20070228,6
AFG,AFG,12,20100325,2
AFG,AFG,08,20150103,2
AFG,AFG,19,20140126,1
AFG,AFG,18,20110712,4
AFG,AFG,04,20130212,36
AFG,AFG,01,20080818,5
AFG,AFG,10,20100208,2
AFG,AFG,01,20070403,3
AFG,AFG,05,20100310,4
AFG,AFG,12,20071022,4
AFG,AFG,19,20140928,562
AFG,AFG,08,20060505,1
AFG,AFG,04,20101009,1
AFG,AFG,16,20130729,4
AFG,AFG,19,20120416,20
AFG,AFG,11,20060202,14
AFG,AFG,04,20100330,4
AFG,AFG,08,20130609,2
AFG,AFG,07,20110713,1
AFG,AFG,18,20150118,16
AFG,AFG,05,20050128,1
AFG,AFG,03,20020604,2
AFG,AFG,12,20131207,2
AFG,AFG,19,20131110,6
AFG,AFG,18,20081020,1
AFG,AFG,01,20090810,6
AFG,AFG,16,20100823,4
AFG,AFG,04,20110330,67
AFG,AFG,05,20000916,1
AFG,AFG,17,20110301,5
AFG,AFG,13,20101016,9
AFG,AFG,18,20121221,2
AFG,AFG,19,20091027,14
AFG,AFG,18,20110606,1
AFG,AFG,11,20101221,18
AFG,AFG,03,20131207,2
AFG,AFG,02,20101213,11
AFG,AFG,04,20080901,3
AFG,AFG,14,20120223,15
AFG,AFG,19,20120105,4
AFG,AFG,17,20131110,8
AFG,AFG,17,20060130,3
AFG,AFG,12,20130804,5
AFG,AFG,17,20110613,3
AFG,AFG,01,20110920,7
AFG,AFG,11,20130717,4
AFG,AFG,19,20140810,1
AFG,AFG,01,20110711,10
AFG,AFG,17,20110625,4
AFG,AFG,02,20090914,9
AFG,AFG,04,20020506,2
AFG,AFG,19,20110724,12
AFG,AFG,11,20101230,6
AFG,AFG,04,20040905,1
AFG,AFG,19,20100910,24
AFG,AFG,18,20140810,10
AFG,AFG,04,20100510,8
AFG,AFG,11,20150102,8
AFG,AFG,11,20080720,14
AFG,AFG,19,20150118,40
AFG,AFG,04,20021028,3
AFG,AFG,06,20111122,2
AFG,AFG,02,20100221,15
AFG,AFG,01,20120104,9
AFG,AFG,11,20130112,2
AFG,AFG,03,20080801,9
AFG,AFG,04,20140303,8
AFG,AFG,01,20060915,7
AFG,AFG,19,20071030,4
AFG,AFG,01,20060101,3
AFG,AFG,09,20031203,1
AFG,AFG,04,20140204,12
AFG,AFG,04,20030429,1
AFG,AFG,19,20110303,2
AFG,AFG,11,20070929,11
AFG,AFG,13,20071218,4
AFG,AFG,01,20090313,2
AFG,AFG,13,20100218,8
AFG,AFG,01,20131121,4
AFG,AFG,01,20130221,1
AFG,AFG,11,20131124,20
AFG,AFG,05,20100128,9
AFG,AFG,08,20130921,7
AFG,AFG,11,20130810,4
AFG,AFG,02,20020507,2
AFG,AFG,07,20091203,25
AFG,AFG,08,20080718,5
AFG,AFG,02,20071016,2
AFG,AFG,05,20141027,44
AFG,AFG,11,20020514,1
AFG,AFG,19,20140406,5
AFG,AFG,01,20090801,8
AFG,AFG,08,20111120,5
AFG,AFG,18,20050519,4
AFG,AFG,19,20141212,20
AFG,AFG,05,20031119,9
AFG,AFG,09,20090620,2
AFG,AFG,01,20040804,2
AFG,AFG,17,20130418,10
AFG,AFG,11,20100126,2
AFG,AFG,13,20140703,10
AFG,AFG,19,20020306,9
AFG,AFG,17,20140325,6
AFG,AFG,04,20100801,5
AFG,AFG,04,20030621,8
AFG,AFG,01,20120226,1
AFG,AFG,02,20071002,2
AFG,AFG,19,20080707,3
AFG,AFG,12,20080802,18
AFG,AFG,18,20140529,2
AFG,AFG,05,20090521,3
AFG,AFG,11,20121116,4
AFG,AFG,17,20140118,6
AFG,AFG,08,20110611,12
AFG,AFG,01,20140629,16
AFG,AFG,01,20110814,9
AFG,AFG,04,20131105,2
AFG,AFG,02,20040613,2
AFG,AFG,05,20091117,72
AFG,AFG,13,20090706,12
AFG,AFG,02,20061129,4
AFG,AFG,06,20080219,4
AFG,AFG,08,20060428,4
AFG,AFG,06,20070430,2
AFG,AFG,05,20100616,2
AFG,AFG,06,20110322,87
AFG,AFG,01,20041207,2
AFG,AFG,19,20121229,2
AFG,AFG,06,20090912,1
AFG,AFG,17,20100705,8
AFG,AFG,19,20100424,8
AFG,AFG,11,20090401,3
AFG,AFG,08,20140127,80
AFG,AFG,19,20110814,144
AFG,AFG,18,20071214,10
AFG,AFG,01,20091210,4
AFG,AFG,17,20110228,9
AFG,AFG,19,20020205,1
AFG,AFG,03,20110921,5
AFG,AFG,02,20091222,2
AFG,AFG,04,20070515,10
AFG,AFG,08,20130709,16
AFG,AFG,03,20081219,40
AFG,AFG,19,20060703,12
AFG,AFG,17,20110111,2
AFG,AFG,17,20100912,3
AFG,AFG,09,20110705,1
AFG,AFG,14,20120808,2
AFG,AFG,04,20130322,1
AFG,AFG,17,20020707,5
AFG,AFG,17,20011215,2
AFG,AFG,19,20070510,12
AFG,AFG,04,20030404,3
AFG,AFG,19,20020423,1
AFG,AFG,11,20070820,8
AFG,AFG,01,20050306,6
AFG,AFG,17,20110602,2
AFG,AFG,01,20080712,3
AFG,AFG,19,20120816,28
AFG,AFG,17,20071004,2
AFG,AFG,18,20111129,12
AFG,AFG,05,20130808,10
AFG,AFG,08,20120124,18
AFG,AFG,17,20101121,8
AFG,AFG,17,20120317,9
AFG,AFG,19,20071210,9
AFG,AFG,01,20071111,16
AFG,AFG,01,20011203,5
AFG,AFG,11,20130426,10
AFG,AFG,04,20130528,4
AFG,AFG,05,20111029,5
AFG,AFG,17,20040612,4
AFG,AFG,19,20140317,10
AFG,AFG,03,20120109,4
AFG,AFG,17,20100429,28
AFG,AFG,04,20100323,3
AFG,AFG,04,20100917,194
AFG,AFG,01,20110922,5
AFG,AFG,13,20091013,9
AFG,AFG,05,20130311,4
AFG,AFG,19,20100123,2
AFG,AFG,05,20120907,1
AFG,AFG,07,20100131,4
AFG,AFG,17,20141125,616
AFG,AFG,05,20120120,3
AFG,AFG,03,20100928,11
AFG,AFG,01,20100928,12
AFG,AFG,01,20101216,19
AFG,AFG,11,20120609,4
AFG,AFG,18,20110517,1
AFG,AFG,13,20090926,8
AFG,AFG,19,20060517,4
AFG,AFG,16,20090910,2
AFG,AFG,17,20121231,2
AFG,AFG,13,20100221,1
AFG,AFG,11,20110108,2
AFG,AFG,18,20130227,7
AFG,AFG,03,20140204,5
AFG,AFG,02,20140612,8
AFG,AFG,04,20020927,1
AFG,AFG,07,20140719,61
AFG,AFG,08,20020221,5
AFG,AFG,13,20140707,5
AFG,AFG,11,20081029,1
AFG,AFG,19,20070520,8
AFG,AFG,01,20120127,43
AFG,AFG,19,20091201,15
AFG,AFG,02,20100430,2
AFG,AFG,19,20050626,2
AFG,AFG,05,20030304,15
AFG,AFG,10,20011113,1
AFG,AFG,19,20120223,41
AFG,AFG,04,20121206,6
AFG,AFG,04,20150211,14
AFG,AFG,13,20130905,6
AFG,AFG,12,20120223,7
AFG,AFG,09,20150105,10
AFG,AFG,07,20101112,1
AFG,AFG,11,20140402,62
AFG,AFG,18,20040106,4
AFR,AFG,19,20120918,8
AFR,AFG,04,20120319,9
AFR,AFG,04,20100819,1
AGO,AFG,19,20120312,2
ALB,AFG,01,20140602,2
ARE,AFG,02,20081008,6
ARE,AFG,04,20140720,1
ARE,AFG,17,20101022,7
ARG,AFG,08,20141029,5
ARM,AFG,07,20130628,48
AUS,AFG,04,20070516,9
AUS,AFG,04,20070713,2
AUS,AFG,05,20080904,2
AUS,AFG,07,20071004,8
AUS,AFG,01,20071031,3
AUS,AFG,19,20110806,4
AUS,AFG,05,20071206,2
AUS,AFG,04,20080115,6
AUS,AFG,07,20141218,56
AUS,AFG,04,20101003,4
AUS,AFG,01,20120417,5
AUS,AFG,08,20110926,2
AUS,AFG,05,20130623,6
AUS,AFG,06,20120413,4
AUS,AFG,15,20090330,6
AUS,AFG,04,20131028,8
AUS,AFG,07,20060221,14
AUT,AFG,19,20130215,8
BEL,AFG,05,20130402,10
BEL,AFG,01,20101014,1
BEL,AFG,04,20061101,1
BGD,AFG,04,20100913,6
BGR,AFG,03,20040602,6
BHR,AFG,19,20110221,2
BRA,AFG,07,20120402,2
BRA,AFG,11,20080721,9
CAN,AFG,19,20090108,5
CAN,AFG,19,20110221,1
CAN,AFG,07,20130905,10
CAN,AFG,08,20090416,7
CAN,AFG,02,20091108,2
CAN,AFG,08,20100403,4
CAN,AFG,04,20140509,65
CAN,AFG,19,20140318,6
CAN,AFG,04,20130109,8
CAN,AFG,17,20090819,1
CAN,AFG,04,20140511,1
CAN,AFG,19,20130622,32
CAN,AFG,06,20091230,4
CAN,AFG,05,20080428,2
CAN,AFG,18,20090413,9
CAN,AFG,19,20110708,7
CAN,AFG,11,20060425,6
CAN,AFG,13,20101108,4
CAN,AFG,19,20110407,16
CAN,AFG,01,20100918,27
CAN,AFG,06,20080120,18
CAN,AFG,08,20071106,4
CAN,AFG,06,20030327,9
CAN,AFG,18,20111010,6
CAN,AFG,02,20090323,2
CAS,AFG,03,20090615,2
CHE,AFG,19,20070929,5
CHE,AFG,04,20020403,2
CHN,AFG,04,20100406,1
CHN,AFG,03,20140922,5
CHN,AFG,06,20141108,1
CHN,AFG,05,20100410,2
CHN,AFG,05,20150209,1
CHN,AFG,04,20000410,4
CHN,AFG,01,20020706,2
CHN,AFG,19,20040119,4
CHN,AFG,03,20130925,5
CHN,AFG,04,20040620,2
CHN,AFG,03,20020123,9
CHN,AFG,08,20110628,6
CUB,AFG,08,20140622,362
CZE,AFG,03,20011220,4
CZE,AFG,05,20090504,2
DEU,AFG,05,20141210,2
DEU,AFG,02,20080403,2
DEU,AFG,08,20100414,8
DEU,AFG,04,20060602,5
DEU,AFG,04,20140601,5
DEU,AFG,03,20110716,1
DEU,AFG,19,20091212,5
DEU,AFG,16,20011202,6
DEU,AFG,04,20111203,14
DEU,AFG,01,20061009,4
DEU,AFG,02,20100403,2
DEU,AFG,19,20080123,2
DEU,AFG,13,20080210,6
DEU,AFG,04,20011222,12
DEU,AFG,02,20090907,28
DEU,AFG,04,20111031,7
DEU,AFG,01,20060928,5
DEU,AFG,07,20020605,9
DEU,AFG,03,20080418,9
DEU,AFG,07,20140604,9
DEU,AFG,07,20090311,6
DEU,AFG,06,20041204,1
DEU,AFG,04,20100124,2
DEU,AFG,03,20111103,9
DEU,AFG,12,20111204,3
DNK,AFG,05,20080201,3
DNK,AFG,08,20140130,6
DNK,AFG,07,20131104,2
DNK,AFG,01,20031109,5
DNK,AFG,01,20140204,10
EGY,AFG,04,20130621,4
ESP,AFG,04,20020607,2
ESP,AFG,04,20081223,5
EUR,AFG,06,20111115,8
EUR,AFG,02,20090909,18
FIN,AFG,04,20130208,2
FIN,AFG,15,20100914,6
FRA,AFG,05,20081026,2
FRA,AFG,04,20120525,34
FRA,AFG,19,20121120,1
FRA,AFG,19,20100212,5
FRA,AFG,04,20070414,1
FRA,AFG,03,20080608,9
FRA,AFG,05,20080412,3
FRA,AFG,04,20100204,5
FRA,AFG,04,20030627,4
FRA,AFG,02,20120523,8
FRA,AFG,04,20051002,8
FRA,AFG,05,20030222,2
FRA,AFG,08,20120515,3
FRA,AFG,01,20110715,18
FRA,AFG,07,20080328,2
FRA,AFG,13,20120506,15
FRA,AFG,04,20080407,9
FRA,AFG,18,20050529,4
FRA,AFG,18,20101220,3
FRA,AFG,08,20110713,9
GBR,AFG,04,20080528,6
GBR,AFG,04,20090717,16
GBR,AFG,01,20121006,9
GBR,AFG,04,20111207,10
GBR,AFG,19,20090731,21
GBR,AFG,08,20091110,2
GBR,AFG,04,20050317,4
GBR,AFG,17,20070621,9
GBR,AFG,01,20101208,9
GBR,AFG,19,20070812,10
GBR,AFG,05,20020131,9
GBR,AFG,04,20100117,9
GBR,AFG,07,20070228,4
GBR,AFG,04,20020117,5
GBR,AFG,06,20140720,1
GBR,AFG,08,20141012,2
GBR,AFG,04,20131028,1
GBR,AFG,12,20100206,4
GBR,AFG,13,20121023,3
GBR,AFG,04,20021226,4
GBR,AFG,07,20070226,5
GBR,AFG,09,20090712,2
GBR,AFG,03,20121109,3
GBR,AFG,05,20070217,5
GBR,AFG,05,20080210,4
GBR,AFG,12,20101108,12
GBR,AFG,04,20101202,8
GBR,AFG,01,20100423,1
GBR,AFG,11,20081107,2
GBR,AFG,18,20020421,2
GBR,AFG,01,20090713,4
GBR,AFG,03,20090327,11
GBR,AFG,02,20070808,9
GBR,AFG,07,20140514,4
GBR,AFG,19,20090726,21
GBR,AFG,19,20071210,2
GBR,AFG,04,20071025,3
GBR,AFG,13,20070223,8
GBR,AFG,19,20011027,9
GBR,AFG,03,20020403,1
GBR,AFG,04,20130125,4
GBR,AFG,19,20141127,20
GBR,AFG,14,20011110,2
GBR,AFG,02,20050721,1
GBR,AFG,19,20060702,17
GBR,AFG,15,20090119,1
GBR,AFG,07,20090623,4
GBR,AFG,03,20130814,1
GBR,AFG,19,20131016,68
GBR,AFG,19,20120328,2
GBR,AFG,07,20091126,45
GBR,AFG,02,20131205,3
GBR,AFG,07,20090211,3
GBR,AFG,06,20120701,7
GRD,AFG,03,20080314,4
HUN,AFG,19,20131014,1
IDN,AFG,09,20090711,4
IND,AFG,17,20120903,8
IND,AFG,04,20140520,1
IND,AFG,03,20011231,2
IND,AFG,02,20090205,1
IRL,AFG,02,20141007,4
IRN,AFG,19,20011113,4
IRN,AFG,02,20131122,4
IRN,AFG,05,20020131,2
IRN,AFG,11,20101127,2
IRN,AFG,05,20120211,3
IRN,AFG,19,20030809,1
IRN,AFG,04,20020114,1
IRN,AFG,05,20140817,2
IRN,AFG,13,20020813,1
IRN,AFG,01,20090830,6
IRN,AFG,10,20130807,6
IRN,AFG,12,20100203,5
IRN,AFG,17,20011027,1
IRN,AFG,18,20110117,1
IRN,AFG,04,20111227,1
IRN,AFG,15,20090423,1
IRN,AFG,01,20110921,2
IRN,AFG,01,20070130,10
IRN,AFG,05,20021023,2
IRN,AFG,05,20101212,5
IRN,AFG,17,20070529,2
IRN,AFG,08,20010303,7
IRN,AFG,04,20071015,3
IRN,AFG,03,20100803,6
IRN,AFG,04,20080412,1
IRN,AFG,11,20110118,7
IRN,AFG,01,20070531,9
IRN,AFG,07,20040422,9
IRN,AFG,17,20020214,9
IRN,AFG,04,20020826,5
IRN,AFG,19,20060510,7
IRN,AFG,19,20090525,2
IRN,AFG,11,20081220,7
IRN,AFG,01,20120628,2
IRN,AFG,11,20131129,1
IRN,AFG,04,20130620,12
IRN,AFG,04,20100705,40
IRN,AFG,04,20120321,2
IRN,AFG,05,20100729,2
IRN,AFG,03,20070320,3
IRN,AFG,04,20071020,4
IRN,AFG,17,20130907,4
IRN,AFG,04,20110703,15
IRQ,AFG,04,20090618,2
IRQ,AFG,04,20130603,1
IRQ,AFG,01,20130814,4
IRQ,AFG,01,20070721,2
IRQ,AFG,12,20050923,9
IRQ,AFG,04,20120906,2
IRQ,AFG,01,20110608,9
IRQ,AFG,04,20081214,1
IRQ,AFG,01,20070409,1
IRQ,AFG,07,20141212,3
IRQ,AFG,04,20150206,2
IRQ,AFG,14,20100129,12
IRQ,AFG,19,20140727,30
IRQ,AFG,19,20130916,4
IRQ,AFG,11,20011013,1
IRQ,AFG,03,20070426,3
IRQ,AFG,04,20101211,3
IRQ,AFG,13,20060914,1
IRQ,AFG,08,20121207,2
IRQ,AFG,19,20110907,4
IRQ,AFG,18,20070429,7
IRQ,AFG,04,20111121,11
IRQ,AFG,04,20100821,14
IRQ,AFG,04,20120220,2
IRQ,AFG,19,20040111,1
IRQ,AFG,04,20081103,1
IRQ,AFG,02,20080714,6
IRQ,AFG,01,20111031,3
IRQ,AFG,04,20110816,3
IRQ,AFG,12,20120224,2
IRQ,AFG,04,20091122,6
IRQ,AFG,03,20010808,1
ISR,AFG,18,20100212,2
ISR,AFG,04,20040611,7
ISR,AFG,05,20140725,4
ITA,AFG,08,20041110,4
ITA,AFG,08,20070319,9
ITA,AFG,05,20010519,9
ITA,AFG,18,20090909,30
ITA,AFG,11,20060909,3
ITA,AFG,15,20020813,7
ITA,AFG,07,20080512,2
ITA,AFG,03,20020326,6
JOR,AFG,04,20080915,1
JPN,AFG,04,20020123,6
JPN,AFG,04,20040617,13
JPN,AFG,07,20090323,16
JPN,AFG,01,20010728,1
JPN,AFG,04,20020125,2
JPN,AFG,03,20130813,6
JPN,AFG,12,20071006,5
JPN,AFG,07,20080829,9
JPN,AFG,05,20070813,6
JPN,AFG,03,20030610,5
KAZ,AFG,11,20080602,8
KAZ,AFG,04,20111207,7
KAZ,AFG,08,20130625,10
KGZ,AFG,08,20120404,7
KGZ,AFG,05,20070825,7
KOR,AFG,03,20070726,3
KOR,AFG,01,20070815,3
KOR,AFG,04,20070720,5
KOR,AFG,07,20080107,6
KOR,AFG,05,20070904,5
KWT,AFG,09,20130825,8
LBY,AFG,11,20110622,7
LBY,AFG,04,20111023,6
LBY,AFG,04,20110825,6
MDV,AFG,04,20100915,2
MDV,AFG,17,20090710,20
MKD,AFG,03,20091130,1
MNG,AFG,19,20090723,2
MNG,AFG,06,20070123,1
MNG,AFG,04,20110322,2
MYS,AFG,04,20110424,1
NER,AFG,04,20110909,2
NGA,AFG,01,20110817,1
NLD,AFG,15,20070924,10
NLD,AFG,08,20081107,4
NLD,AFG,18,20080108,2
NOR,AFG,04,20021215,3
NOR,AFG,07,20090309,2
NOR,AFG,15,20100627,8
NOR,AFG,06,20100129,10
NPL,AFG,03,20150117,6
NZL,AFG,08,20120820,6
NZL,AFG,19,20120530,9
PAK,AFG,02,20140317,8
PAK,AFG,11,20111029,28
PAK,AFG,18,20080417,7
PAK,AFG,02,20100315,9
PAK,AFG,04,20120318,6
PAK,AFG,17,20100218,68
PAK,AFG,18,20011120,2
PAK,AFG,04,20061205,1
PAK,AFG,18,20100529,2
PAK,AFG,01,20090428,12
PAK,AFG,17,20090416,30
PAK,AFG,11,20130907,31
PAK,AFG,17,20050917,1
PAK,AFG,18,20090917,7
PAK,AFG,02,20100916,8
PAK,AFG,09,20131010,2
PAK,AFG,03,20101224,6
PAK,AFG,17,20120708,1
PAK,AFG,02,20130520,6
PAK,AFG,03,20140220,11
PAK,AFG,04,20140214,30
PAK,AFG,08,20080529,3
PAK,AFG,04,20100707,10
PAK,AFG,04,20081102,1
PAK,AFG,19,20101004,10
PAK,AFG,12,20060626,13
PAK,AFG,08,20030317,21
PAK,AFG,04,20130715,13
PAK,AFG,05,20130912,20
PAK,AFG,03,20090218,9
PAK,AFG,04,20000514,4
PAK,AFG,02,20070212,6
PAK,AFG,04,20071015,6
PAK,AFG,01,20130510,4
PAK,AFG,19,20130614,4
PAK,AFG,05,20111114,1
PAK,AFG,05,20011113,3
PAK,AFG,02,20070623,9
PAK,AFG,18,20020530,1
PAK,AFG,16,20070118,5
PAK,AFG,19,20131219,2
PAK,AFG,08,20131114,20
PAK,AFG,03,20110215,12
PAK,AFG,04,20131023,16
PAK,AFG,03,20090216,13
PAK,AFG,19,20081116,2
PAK,AFG,19,20011120,9
PAK,AFG,01,20100510,2
PAK,AFG,01,20140222,60
PAK,AFG,04,20090929,3
PAK,AFG,19,20111101,2
PAK,AFG,03,20090418,30
PAK,AFG,05,20111029,1
PAK,AFG,01,20070105,1
PAK,AFG,19,20090827,83
PAK,AFG,11,20100728,1
PAK,AFG,07,20070714,10
PAK,AFG,18,20080922,10
PAK,AFG,01,20100215,3
PAK,AFG,18,20100826,8
PAK,AFG,04,20141101,1
PAK,AFG,04,20121018,4
PAK,AFG,10,20130915,8
PAK,AFG,04,20071010,4
PAK,AFG,09,20121213,5
PAK,AFG,01,20080513,5
PAK,AFG,07,20100930,9
PAK,AFG,01,20140521,8
PAK,AFG,11,20121022,35
PAK,AFG,03,20141124,2
PAK,AFG,11,20101105,10
PAK,AFG,03,20131015,4
PAK,AFG,15,20060827,4
PAK,AFG,03,20130513,8
PAK,AFG,19,20110220,46
PAK,AFG,16,20100930,2
PAK,AFG,19,20090513,36
PAK,AFG,04,20121023,5
PAK,AFG,06,20070515,2
PAK,AFG,01,20030930,1
PAK,AFG,11,20090524,5
PAK,AFG,19,20120815,6
PAK,AFG,04,20130127,10
PAK,AFG,08,20030422,1
PAK,AFG,19,20141217,24
PAK,AFG,13,20140912,6
PAK,AFG,15,20050728,1
PAK,AFG,03,20120611,8
PAK,AFG,15,20080229,8
PAK,AFG,19,20120713,1
PAK,AFG,07,20131005,2
PAK,AFG,06,20120929,10
PAK,AFG,19,20110329,4
PAK,AFG,01,20141215,6
PAK,AFG,03,20120812,2
PAK,AFG,03,20130205,12
PAK,AFG,11,20130802,8
PAK,AFG,01,20130329,8
PAK,AFG,13,20121107,2
PAK,AFG,04,20090727,8
PAK,AFG,16,20130620,7
PAK,AFG,16,20091123,1
PAK,AFG,19,20110610,6
PAK,AFG,03,20140112,10
PAK,AFG,02,20130927,4
PAK,AFG,13,20011031,2
PAK,AFG,01,20140714,2
PAK,AFG,11,20070403,33
PAK,AFG,04,20070704,3
PAK,AFG,02,20100219,4
PAK,AFG,12,20091030,2
PAK,AFG,08,20070614,1
PAK,AFG,05,20140511,2
PAK,AFG,01,20110922,13
PAK,AFG,19,20130812,10
PAK,AFG,08,20130211,14
PAK,AFG,04,20090327,25
PAK,AFG,12,20070426,36
PAK,AFG,03,20130911,1
PAK,AFG,13,20140417,8
PAK,AFG,11,20101005,1
PAK,AFG,05,20021223,8
PAK,AFG,01,20110505,49
PAK,AFG,04,20120710,4
PAK,AFG,04,20100429,2
PAK,AFG,11,20080708,2
PAK,AFG,06,20130514,6
PAK,AFG,19,20120901,1
PAK,AFG,19,20090707,6
PAK,AFG,03,20061206,1
PAK,AFG,02,20030924,2
PAK,AFG,18,20120102,2
PAK,AFG,17,20021126,1
PAK,AFG,01,20000614,5
PAK,AFG,16,20140223,8
PAK,AFG,17,20030630,6
PAK,AFG,13,20081202,2
PAK,AFG,01,20131205,5
PAK,AFG,07,20131017,6
PAK,AFG,11,20130703,12
PAK,AFG,14,20070310,9
PAK,AFG,12,20120910,8
PAK,AFG,04,20130820,6
PAK,AFG,07,20060301,6
PAK,AFG,04,20070115,1
PAK,AFG,15,20011126,6
PAK,AFG,05,20101211,1
PAK,AFG,11,20120626,1
PAK,AFG,17,20140715,4
PAK,AFG,04,20130830,4
PAK,AFG,04,20100125,10
PAK,AFG,19,20080119,1
PHL,AFG,04,20041030,3
POL,AFG,04,20120306,6
POL,AFG,06,20030625,2
POL,AFG,07,20091130,2
POL,AFG,17,20080605,5
POL,AFG,07,20120730,2
POL,AFG,02,20100615,6
PRT,AFG,10,20101120,3
QAT,AFG,01,20090615,18
RUS,AFG,08,20040214,2
RUS,AFG,04,20011215,5
RUS,AFG,08,20091008,2
RUS,AFG,15,20040215,4
RUS,AFG,03,20041215,2
RUS,AFG,04,20020210,3
RUS,AFG,04,20011128,3
RUS,AFG,03,20101210,2
RUS,AFG,01,20141106,2
RUS,AFG,01,20131120,4
RUS,AFG,01,20140822,8
RUS,AFG,01,20131106,10
RUS,AFG,01,20080102,1
RUS,AFG,01,20011211,6
RUS,AFG,04,20070713,1
RUS,AFG,03,20101102,4
RUS,AFG,02,20010923,9
RUS,AFG,04,20041206,5
RUS,AFG,12,20010928,5
RUS,AFG,05,20110330,2
RUS,AFG,04,20130516,1
RUS,AFG,04,20130717,6
SAS,AFG,04,20090123,2
SAS,AFG,01,20110125,3
SAU,AFG,04,20140930,4
SAU,AFG,19,20131013,4
SAU,AFG,01,20080707,2
SAU,AFG,13,20010926,5
SAU,AFG,03,20021120,2
SAU,AFG,04,20011102,1
SAU,AFG,19,20111009,4
SAU,AFG,08,20081001,1
SAU,AFG,04,20030516,6
SAU,AFG,18,20110915,26
SAU,AFG,04,20090618,1
SAU,AFG,17,20141226,12
SEA,AFG,05,20100721,2
SOM,AFG,05,20090304,3
SOM,AFG,06,20141111,1
SOM,AFG,19,20130620,8
SRB,AFG,11,20121108,8
SSD,AFG,04,20140603,1
SVK,AFG,02,20091023,26
SVK,AFG,04,20091023,4
SWE,AFG,15,20100522,2
SWE,AFG,08,20140506,2
SWE,AFG,19,20121208,8
SWE,AFG,02,20141030,1
SYR,AFG,04,20100111,2
SYR,AFG,02,20130908,2
THA,AFG,19,20120322,1
TJK,AFG,11,20050115,2
TJK,AFG,01,20140503,4
TJK,AFG,19,20011029,2
TJK,AFG,06,20111104,5
TJK,AFG,04,20100204,15
TJK,AFG,06,20020927,6
TJK,AFG,04,20001001,3
TJK,AFG,04,20110901,1
TJK,AFG,19,20020104,2
TJK,AFG,03,20140205,1
TJK,AFG,04,20120928,8
TJK,AFG,04,20110225,3
TJK,AFG,01,20081204,4
TJK,AFG,04,20020126,2
TKM,AFG,11,20020124,2
TKM,AFG,03,20010614,5
TKM,AFG,06,20020722,9
TTO,AFG,03,20091121,1
TUN,AFG,19,20140512,1
TUR,AFG,04,20081026,5
TUR,AFG,07,20100125,7
TUR,AFG,19,20090320,7
TUR,AFG,04,20090222,20
TUR,AFG,19,20141124,2
TUR,AFG,02,20080325,3
TUR,AFG,04,20081205,18
TUR,AFG,04,20020125,1
TUR,AFG,04,20121209,6
UKR,AFG,04,20080125,4
UKR,AFG,07,20140903,15
UKR,AFG,06,20100812,8
USA,AFG,19,20121012,1
USA,AFG,19,20090817,10
USA,AFG,04,20150217,8
USA,AFG,03,20130810,10
USA,AFG,12,20101121,1
USA,AFG,18,20080130,12
USA,AFG,09,20100806,2
USA,AFG,02,20091125,12
USA,AFG,03,20130803,2
USA,AFG,04,20140701,4
USA,AFG,03,20020403,7
USA,AFG,04,20100416,10
USA,AFG,14,20120425,3
USA,AFG,08,20090327,2
USA,AFG,14,20110614,19
USA,AFG,03,20131212,4
USA,AFG,04,20121106,2
USA,AFG,03,20080612,6
USA,AFG,04,20110611,3
USA,AFG,02,20150110,1
USA,AFG,02,20091022,10
USA,AFG,07,20050823,28
USA,AFG,13,20101108,1
USA,AFG,07,20100131,4
USA,AFG,04,20080907,1
USA,AFG,04,20110913,39
USA,AFG,07,20091105,9
USA,AFG,02,20090203,3
USA,AFG,15,20050608,1
USA,AFG,17,20140925,1
USA,AFG,19,20130910,2
USA,AFG,05,20141024,32
USA,AFG,11,20110107,20
USA,AFG,19,20121206,22
USA,AFG,11,20111103,2
USA,AFG,05,20120505,3
USA,AFG,05,20110517,15
USA,AFG,11,20141031,3
USA,AFG,12,20001026,4
USA,AFG,01,20090426,36
USA,AFG,19,20110228,36
USA,AFG,19,20130728,4
USA,AFG,02,20110316,5
USA,AFG,04,20110510,4
USA,AFG,19,20130311,6
USA,AFG,04,20140630,18
USA,AFG,03,20120914,10
USA,AFG,04,20140219,8
USA,AFG,04,20120223,1252
USA,AFG,19,20120105,15
USA,AFG,01,20100902,5
USA,AFG,08,20110224,6
USA,AFG,03,20130726,6
USA,AFG,14,20120829,6
USA,AFG,04,20090502,7
USA,AFG,01,20080715,1
USA,AFG,08,20110623,13
USA,AFG,04,20130511,10
USA,AFG,01,20140218,98
USA,AFG,04,20071103,2
USA,AFG,11,20020620,3
USA,AFG,05,20140211,2
USA,AFG,08,20120105,10
USA,AFG,05,20130802,2
USA,AFG,05,20130715,8
USA,AFG,04,20131216,15
USA,AFG,08,20011011,3
USA,AFG,03,20121208,8
USA,AFG,16,20101110,2
USA,AFG,05,20130218,2
USA,AFG,04,20100113,11
USA,AFG,06,20130619,4
USA,AFG,04,20101015,25
USA,AFG,04,20101008,6
USA,AFG,05,20110314,6
USA,AFG,02,20100511,9
USA,AFG,10,20110602,7
USA,AFG,05,20030821,4
USA,AFG,02,20130109,4
USA,AFG,05,20120326,10
USA,AFG,13,20120316,18
USA,AFG,19,20130619,23
USA,AFG,19,20080725,6
USA,AFG,18,20140514,8
USA,AFG,04,20011015,2
USA,AFG,04,20060130,6
USA,AFG,06,20131228,5
USA,AFG,05,20140705,8
USA,AFG,04,20120507,12
USA,AFG,05,20120523,1
USA,AFG,04,20140120,2
USA,AFG,03,20140405,2
USA,AFG,14,20130311,10
USA,AFG,17,20111111,9
USA,AFG,11,20140616,20
USA,AFG,08,20140526,10
USA,AFG,05,20131119,27
USA,AFG,01,20101118,8
USA,AFG,03,20131114,64
USA,AFG,13,20100917,25
USA,AFG,17,20091230,15
USA,AFG,01,20100729,7
USA,AFG,05,20140930,2
USA,AFG,01,20120311,147
USA,AFG,17,20141122,30
USA,AFG,09,20100722,9
USA,AFG,19,20121224,2
USA,AFG,19,20070414,5
USA,AFG,01,20110405,1
USA,AFG,07,20140504,12
USA,AFG,11,20071024,2
USA,AFG,19,20041005,1
USA,AFG,04,20100923,7
USA,AFG,04,20121021,2
USA,AFG,01,20110722,1
USA,AFG,02,20090711,12
USA,AFG,04,20100209,7
USA,AFG,19,20080831,8
USA,AFG,19,20120915,20
USA,AFG,01,20100808,5
USA,AFG,04,20100620,2
USA,AFG,01,20130210,4
USA,AFG,19,20131117,10
USA,AFG,07,20100605,3
USA,AFG,11,20091107,6
USA,AFG,19,20130516,15
USA,AFG,19,20090723,20
USA,AFG,19,20120926,8
USA,AFG,02,20091118,20
USA,AFG,04,20120108,6
USA,AFG,12,20111110,8
USA,AFG,01,20070724,9
USA,AFG,01,20111103,7
USA,AFG,06,20101026,63
USA,AFG,03,20090930,4
USA,AFG,07,20100222,8
USA,AFG,18,20091007,4
USA,AFG,04,20091006,12
USA,AFG,11,20080901,9
USA,AFG,02,20101020,4
USA,AFG,05,20070326,3
USA,AFG,06,20140507,8
USA,AFG,19,20130531,8
USA,AFG,07,20110927,2
USA,AFG,07,20090504,4
USA,AFG,04,20110711,3
USA,AFG,18,20130727,10
USA,AFG,06,20110601,3
USA,AFG,05,20070221,2
USA,AFG,15,20090219,9
USA,AFG,03,20121023,12
USA,AFG,07,20080305,5
USA,AFG,02,20101012,9
USA,AFG,08,20140502,10
USA,AFG,07,20031117,8
USA,AFG,19,20140109,1
USA,AFG,06,20130211,4
USA,AFG,04,20090410,2
USA,AFG,08,20020428,4
USA,AFG,05,20130515,8
USA,AFG,03,20090111,2
USA,AFG,07,20081016,4
USA,AFG,05,20090501,8
USA,AFG,04,20061127,1
USA,AFG,19,20100530,10
USA,AFG,07,20070805,7
USA,AFG,07,20110303,2
USA,AFG,03,20091204,5
USA,AFG,09,20100126,7
USA,AFG,16,20131210,24
USA,AFG,15,20141115,18
USA,AFG,07,20100218,14
USA,AFG,19,20110928,6
USA,AFG,13,20111009,91
USA,AFG,04,20070717,12
USA,AFG,04,20021029,4
USA,AFG,01,20100815,9
USA,AFG,04,20031205,4
USA,AFG,01,20121111,4
USA,AFG,04,20030421,4
USA,AFG,04,20090212,5
USA,AFG,19,20110707,4
USA,AFG,11,20130920,5
USA,AFG,04,20111230,225
USA,AFG,04,20091224,20
USA,AFG,19,20070228,6
USA,AFG,03,20120707,8
USA,AFG,19,20021013,7
USA,AFG,11,20111127,9
USA,AFG,03,20131224,8
USA,AFG,17,20070203,7
USA,AFG,19,20120514,3
USA,AFG,17,20130615,1
USA,AFG,07,20091124,9
USA,AFG,13,20140203,4
USA,AFG,16,20130326,4
USA,AFG,19,20130907,72
USA,AFG,01,20090207,8
USA,AFG,04,20100506,9
USA,AFG,09,20061125,3
USA,AFG,15,20090731,1
USA,AFG,19,20110216,17
USA,AFG,07,20100309,4
USA,AFG,08,20110322,2
USA,AFG,05,20090816,2
USA,AFG,02,20090404,4
USA,AFG,04,20100106,9
USA,AFG,03,20090111,9
USA,AFG,06,20100821,44
USA,AFG,17,20131011,167
USA,AFG,04,20100903,45
USA,AFG,03,20120715,3
USA,AFG,04,20100428,2
USA,AFG,07,20110724,9
USA,AFG,11,20030330,2
USA,AFG,04,20070802,12
USA,AFG,07,20120619,8
USA,AFG,05,20060317,28
USA,AFG,19,20120312,57
USA,AFG,05,20101006,10
USA,AFG,15,20100217,8
USA,AFG,07,20140913,14
USA,AFG,07,20090427,4
USA,AFG,04,20100928,16
USA,AFG,11,20100104,16
USA,AFG,11,20011213,3
USA,AFG,09,20020718,4
USA,AFG,03,20120509,4
USA,AFG,14,20110403,2
USA,AFG,19,20141222,8
USA,AFG,08,20110622,24
USA,AFG,01,20080325,7
USA,AFG,01,20100202,8
USA,AFG,04,20080722,36
USA,AFG,05,20140621,12
USA,AFG,19,20030209,4
USA,AFG,05,20110107,12
USA,AFG,17,20130311,12
UZB,AFG,04,20110601,5
UZB,AFG,04,20031204,2
VNM,AFG,05,20120701,12
VNM,AFG,04,20100325,8
WST,AFG,11,20110112,9
WST,AFG,17,20120902,200
WST,AFG,08,20140625,15
WST,AFG,03,20030704,1
WST,AFG,09,20070623,16
WST,AFG,19,20090827,16
WST,AFG,07,20141207,2
WST,AFG,08,20130911,2
WST,AFG,13,20141224,24
WST,AFG,04,20120918,33
WST,AFG,01,20120513,18
WST,AFG,07,20041009,23
WST,AFG,08,20111015,35
WST,AFG,07,20120202,12
WST,AFG,04,20100215,8
WST,AFG,05,20141011,4
WST,AFG,18,20061203,5
WST,AFG,09,20100721,5
WST,AFG,02,20120520,144
WST,AFG,06,20041019,2
WST,AFG,08,20120602,27
WST,AFG,06,20140925,4
WST,AFG,11,20120112,18
WST,AFG,01,20081011,18
WST,AFG,19,20110810,32
WST,AFG,19,20130319,6
WST,AFG,03,20120518,7
WST,AFG,05,20100222,8
WST,AFG,10,20120628,10
WST,AFG,11,20080606,2
WST,AFG,02,20120228,4
WST,AFG,17,20061224,1
WST,AFG,19,20140928,4
WST,AFG,19,20110227,1
WST,AFG,05,20100415,4
WST,AFG,05,20070201,7
WST,AFG,03,20031128,4
WST,AFG,05,20100211,1
WST,AFG,05,20110308,35
WST,AFG,08,20120131,8
WST,AFG,08,20140813,10
WST,AFG,04,20120521,11
WST,AFG,06,20120919,6
WST,AFG,05,20110305,8
WST,AFG,02,20130221,6
WST,AFG,19,20090915,9
WST,AFG,03,20141004,10
WST,AFG,18,20111212,2
WST,AFG,19,20071002,5
WST,AFG,07,20140224,8
WST,AFG,19,20061123,18
WST,AFG,08,20141129,6
WST,AFG,19,20101010,87
WST,AFG,04,20101216,22
WST,AFG,08,20130422,12
WST,AFG,13,20101118,22
WST,AFG,19,20090616,2
WST,AFG,05,20080826,4
WST,AFG,08,20120326,99
WST,AFG,19,20101229,28
WST,AFG,01,20100505,18
WST,AFG,01,20121125,2
YEM,AFG,06,20100203,2
YEM,AFG,02,20120705,1
ZAF,AFG,19,20100219,1
ZAF,AFG,04,20100629,2
ZWE,AFG,17,20091128,9
ZWE,AFG,19,20110909,3
AFG,AFR,01,20141001,2
AFR,AFR,04,20091105,7
AFR,AFR,04,20090424,9
AFR,AFR,04,20100317,2
AFR,AFR,03,20140531,10
AFR,AFR,18,20090126,1
AFR,AFR,04,20090312,3
AFR,AFR,11,20010510,3
AFR,AFR,03,20080709,3
AFR,AFR,18,20121120,4
AFR,AFR,17,20120217,2
AFR,AFR,01,20020802,1
AFR,AFR,05,20100117,3
AFR,AFR,02,20080616,2
AFR,AFR,17,20090807,2
AFR,AFR,01,20060629,14
AFR,AFR,12,20031029,3
AFR,AFR,01,20120315,3
AFR,AFR,10,20110615,36
AFR,AFR,09,20080422,2
AFR,AFR,02,20050731,1
AFR,AFR,08,20100327,2
AFR,AFR,11,20000427,6
AFR,AFR,03,20080107,4
AFR,AFR,02,20090207,8
AFR,AFR,01,20130619,8
AFR,AFR,04,20131030,10
AFR,AFR,03,20141018,2
AFR,AFR,10,20090406,12
AFR,AFR,04,20131012,6
AFR,AFR,04,20030203,8
AFR,AFR,19,20080128,3
AFR,AFR,05,20050124,3
AFR,AFR,01,20000817,2
AFR,AFR,17,20090922,12
AFR,AFR,04,20090207,2
AFR,AFR,17,20120830,60
AFR,AFR,11,20071204,4
AFR,AFR,05,20090105,2
AFR,AFR,11,20030812,3
AFR,AFR,17,20110322,3
AFR,AFR,19,20080722,4
AFR,AFR,01,20100410,30
AFR,AFR,12,20100827,26
AFR,AFR,01,20080225,12
AFR,AFR,04,20000828,8
AFR,AFR,04,20130117,2
AFR,AFR,05,20111203,3
AFR,AFR,17,20020625,2
AFR,AFR,13,20120502,2
AFR,AFR,04,20080731,3
AFR,AFR,11,20130708,2
AFR,AFR,04,20131025,12
AFR,AFR,13,20100714,2
AFR,AFR,07,20110829,4
AFR,AFR,04,20070904,10
AFR,AFR,05,20120128,9
AFR,AFR,17,20070628,2
AFR,AFR,11,20111114,3
AFR,AFR,05,20070920,4
AGO,AFR,02,20130322,2
AGO,AFR,04,20090220,8
AGO,AFR,04,20130730,6
AGO,AFR,04,20021116,6
AGO,AFR,01,20041223,4
AGO,AFR,04,20130616,10
AGO,AFR,04,20090309,6
AGO,AFR,04,20000607,1
AGO,AFR,05,20031213,5
AGO,AFR,05,20120727,4
AGO,AFR,04,20091008,1
AGO,AFR,03,20060801,1
AGO,AFR,04,20150113,1
AGO,AFR,04,20031217,5
AGO,AFR,04,20140112,10
ARE,AFR,03,20140708,2
ARE,AFR,04,20141117,6
ARE,AFR,12,20120603,9
AUS,AFR,04,20100611,1
AUS,AFR,05,20110823,13
AUS,AFR,03,20070411,2
AUS,AFR,04,20140118,8
AUS,AFR,04,20090525,2
AUS,AFR,04,20150203,40
AUS,AFR,04,20141212,3
AUS,AFR,06,20120829,8
AUS,AFR,09,20100630,2
AUS,AFR,09,20140103,1
AUS,AFR,04,20150108,1
AUS,AFR,04,20110716,7
AUT,AFR,04,20140107,20
BDI,AFR,10,20120106,1
BDI,AFR,19,20131224,2
BDI,AFR,04,20021122,9
BDI,AFR,03,20081206,4
BDI,AFR,08,20011011,1
BDI,AFR,07,20111118,168
BDI,AFR,05,20011218,2
BEL,AFR,04,20110403,1
BEL,AFR,18,20090728,8
BEL,AFR,04,20060222,3
BEN,AFR,05,20111124,1
BEN,AFR,02,20030831,2
BFA,AFR,07,20110214,9
BFA,AFR,04,20090320,60
BFA,AFR,01,20050107,4
BFA,AFR,08,20141101,5
BGR,AFR,17,20070531,1
BRA,AFR,04,20110420,3
BWA,AFR,10,20110822,1
BWA,AFR,04,20011010,1
BWA,AFR,17,20140504,5
BWA,AFR,12,20111201,18
BWA,AFR,04,20121001,8
BWA,AFR,04,20140326,6
BWA,AFR,02,20120118,6
CAN,AFR,18,20090715,2
CAN,AFR,04,20111207,5
CAN,AFR,04,20080831,5
CAN,AFR,04,20030601,8
CAN,AFR,04,20141126,2
CAN,AFR,04,20100926,35
CHE,AFR,01,20140828,4
CHN,AFR,04,20100927,4
CHN,AFR,04,20000426,4
CHN,AFR,05,20110522,20
CHN,AFR,03,20030119,1
CHN,AFR,04,20140811,10
CHN,AFR,01,20141005,4
CHN,AFR,04,20080412,2
CHN,AFR,13,20071110,3
CHN,AFR,17,20081127,3
CHN,AFR,04,20120111,9
CHN,AFR,04,20040628,3
CHN,AFR,01,20090112,4
CHN,AFR,04,20061105,7
CHN,AFR,04,20050422,1
CHN,AFR,04,20060618,12
CHN,AFR,01,20120926,2
CHN,AFR,19,20100204,4
CHN,AFR,04,20040630,2
CHN,AFR,05,20140626,3
CHN,AFR,04,20091015,2
CIV,AFR,02,20131031,10
CIV,AFR,04,20110103,4
CIV,AFR,04,20050123,9
CIV,AFR,07,20130130,8
CMR,AFR,04,20131101,2
CMR,AFR,04,20140329,3
CMR,AFR,19,20120315,1
CMR,AFR,05,20050611,6
COD,AFR,04,20120906,2
COD,AFR,01,20140819,5
COD,AFR,19,20150116,10
COD,AFR,04,20011130,3
COG,AFR,05,20130805,10
COG,AFR,15,20040621,2
COG,AFR,07,20000504,6
CUB,AFR,05,20090722,2
CUB,AFR,04,20000321,2
CUB,AFR,04,20010325,2
CUB,AFR,07,20141209,63
CZE,AFR,01,20060105,5
DEU,AFR,04,20100517,2
DEU,AFR,12,20100930,3
DEU,AFR,01,20110427,2
DEU,AFR,04,20070606,6
DNK,AFR,19,20091210,20
DZA,AFR,04,20080707,9
DZA,AFR,04,20020911,9
EGY,AFR,04,20130311,16
EGY,AFR,06,20000712,4
EGY,AFR,19,20081124,4
EGY,AFR,04,20140523,4
EGY,AFR,05,20091109,2
EGY,AFR,01,20050205,2
EGY,AFR,04,20040703,4
EGY,AFR,19,20090209,8
ERI,AFR,04,20000525,16
ESP,AFR,04,20070826,2
ESP,AFR,01,20080710,7
ESP,AFR,04,20040424,5
ETH,AFR,01,20141014,4
ETH,AFR,04,20090429,18
ETH,AFR,03,20060918,5
ETH,AFR,04,20100117,2
ETH,AFR,01,20070417,9
ETH,AFR,05,20020209,4
ETH,AFR,13,20090204,5
ETH,AFR,04,20060414,1
ETH,AFR,04,20090824,1
ETH,AFR,03,20090203,1
ETH,AFR,04,20140131,7
ETH,AFR,03,20110520,20
ETH,AFR,07,20010826,8
EUR,AFR,01,20071212,9
EUR,AFR,07,20120222,5
EUR,AFR,05,20011109,5
EUR,AFR,04,20150214,4
EUR,AFR,04,20120129,4
EUR,AFR,06,20070129,3
EUR,AFR,01,20110524,6
EUR,AFR,07,20070521,4
EUR,AFR,07,20070515,9
EUR,AFR,04,20140515,4
EUR,AFR,06,20090312,2
EUR,AFR,04,20110403,10
EUR,AFR,07,20090724,4
EUR,AFR,09,20090914,5
EUR,AFR,07,20060508,7
EUR,AFR,03,20000224,8
EUR,AFR,04,20070320,9
FIN,AFR,01,20140513,4
FRA,AFR,06,20130613,1
FRA,AFR,04,20010123,2
FRA,AFR,04,20120322,2
FRA,AFR,08,20130103,4
FRA,AFR,05,20030310,4
FRA,AFR,04,20030124,2
FRA,AFR,02,20121005,30
FRA,AFR,05,20130114,568
FRA,AFR,12,20130114,21
FRA,AFR,08,20070702,9
FRA,AFR,11,20071207,2
FRA,AFR,17,20011119,2
FRA,AFR,05,20131010,18
FRA,AFR,06,20100218,4
GAB,AFR,01,20100818,9
GBR,AFR,04,20080927,1
GBR,AFR,04,20140307,4
GBR,AFR,05,20070703,9
GBR,AFR,17,20000622,13
GBR,AFR,11,20140511,1
GBR,AFR,01,20091007,4
GBR,AFR,11,20070921,2
GBR,AFR,03,20080602,2
GBR,AFR,04,20140101,7
GBR,AFR,03,20120831,2
GBR,AFR,17,20080201,2
GBR,AFR,04,20000204,1
GBR,AFR,04,20110719,473
GBR,AFR,04,20000108,18
GBR,AFR,04,20140225,5
GBR,AFR,03,20070611,4
GBR,AFR,05,20140919,1
GBR,AFR,01,20120213,15
GBR,AFR,07,20110530,6
GBR,AFR,03,20110711,6
GBR,AFR,19,20101212,8
GBR,AFR,05,20121214,1
GBR,AFR,05,20070601,4
GBR,AFR,03,20050706,5
GBR,AFR,04,20080410,3
GBR,AFR,05,20081106,6
GBR,AFR,05,20140707,3
GBR,AFR,01,20040814,9
GBR,AFR,03,20090112,2
GBR,AFR,06,20000911,1
GHA,AFR,03,20140426,8
GHA,AFR,13,20090422,4
GHA,AFR,04,20110618,1
GHA,AFR,01,20130616,20
GHA,AFR,16,20091203,1
GHA,AFR,01,20141112,4
GHA,AFR,04,20080122,5
GHA,AFR,07,20140710,1
GHA,AFR,05,20090109,9
GHA,AFR,04,20110524,4
GHA,AFR,06,20071127,2
GIN,AFR,03,20071009,42
GIN,AFR,01,20091118,2
GIN,AFR,09,20070218,8
GIN,AFR,02,20131016,10
GMB,AFR,04,20140801,4
GMB,AFR,01,20110209,4
GMB,AFR,05,20120416,4
GMB,AFR,04,20071109,5
GNQ,AFR,01,20050729,2
GNQ,AFR,17,20141218,5
GRC,AFR,02,20120525,9
GRC,AFR,19,20110610,4
GRD,AFR,02,20001127,3
HTI,AFR,04,20071209,2
IDN,AFR,04,20130309,1
IND,AFR,05,20111201,4
IND,AFR,05,20110526,8
IRL,AFR,17,20111117,4
IRL,AFR,04,20080405,4
IRL,AFR,09,20120201,4
IRN,AFR,04,20020203,1
IRN,AFR,04,20090701,4
IRQ,AFR,08,20130824,1
IRQ,AFR,19,20080327,12
IRQ,AFR,09,20090615,6
ISR,AFR,11,20140901,3
ISR,AFR,04,20090408,3
ISR,AFR,01,20140821,8
ISR,AFR,10,20001013,3
ITA,AFR,04,20130711,4
ITA,AFR,01,20131005,226
ITA,AFR,04,20130712,1
ITA,AFR,01,20110402,4
ITA,AFR,18,20120314,18
ITA,AFR,01,20050403,2
JAM,AFR,19,20141106,6
JOR,AFR,05,20121006,60
JOR,AFR,05,20120520,18
JPN,AFR,04,20080530,4
JPN,AFR,12,20150218,4
JPN,AFR,19,20131103,10
JPN,AFR,05,20090223,12
JPN,AFR,04,20080529,5
JPN,AFR,07,20140314,10
KEN,AFR,03,20080320,9
KEN,AFR,04,20070131,6
KEN,AFR,04,20010425,7
KEN,AFR,04,20110926,35
KEN,AFR,01,20101001,7
KEN,AFR,01,20140422,4
KEN,AFR,11,20131013,20
KEN,AFR,10,20020707,5
KEN,AFR,12,20030809,6
KEN,AFR,04,20100824,10
KEN,AFR,06,20060523,2
KEN,AFR,01,20131011,4
KEN,AFR,19,20140325,35
KEN,AFR,12,20070331,8
KEN,AFR,04,20130814,1
KEN,AFR,05,20041207,16
KEN,AFR,06,20030720,4
KEN,AFR,19,20111021,1
KEN,AFR,01,20130327,4
KEN,AFR,01,20081105,10
KEN,AFR,01,20120321,4
KEN,AFR,04,20140314,10
KEN,AFR,04,20140610,3
KEN,AFR,09,20090420,1
KEN,AFR,05,20050720,9
KEN,AFR,12,20050302,7
KOR,AFR,03,20130523,7
KOR,AFR,07,20150118,6
KOR,AFR,04,20101002,252
KOR,AFR,04,20100106,2
KOR,AFR,01,20131118,2
KWT,AFR,05,20100608,4
LBR,AFR,01,20121121,4
LBR,AFR,04,20090814,11
LBR,AFR,04,20030511,5
LBR,AFR,01,20141020,8
LBR,AFR,05,20070423,1
LBR,AFR,04,20060116,29
LBR,AFR,04,20030606,2
LBR,AFR,01,20041111,3
LBR,AFR,10,20121105,4
LBR,AFR,01,20141114,2
LBY,AFR,11,20140724,10
LBY,AFR,04,20110420,8
LBY,AFR,11,20140318,2
LBY,AFR,04,20090924,2
LBY,AFR,04,20111220,2
LBY,AFR,03,20090701,44
LBY,AFR,19,20141226,10
LBY,AFR,01,20140225,25
LBY,AFR,04,20110922,9
LKA,AFR,01,20131208,2
LKA,AFR,02,20130922,2
LSO,AFR,05,20010418,6
LSO,AFR,06,20030520,2
LSO,AFR,05,20140915,1
LSO,AFR,19,20140914,4
LUX,AFR,01,20150120,8
MAR,AFR,02,20101017,8
MAR,AFR,08,20050523,3
MAR,AFR,15,20150203,8
MAR,AFR,03,20140910,10
MDG,AFR,02,20110614,3
MDG,AFR,04,20140130,1
MKD,AFR,17,20101116,10
MLI,AFR,04,20041207,2
MLI,AFR,05,20120111,4
MLT,AFR,02,20121006,8
MMR,AFR,04,20140719,10
MMR,AFR,08,20091109,4
MOZ,AFR,06,20030929,16
MOZ,AFR,06,20090508,4
MOZ,AFR,19,20120601,9
MOZ,AFR,04,20050622,7
MOZ,AFR,06,20130827,8
MOZ,AFR,01,20091027,1
MOZ,AFR,16,20130627,4
MOZ,AFR,03,20000313,2
MOZ,AFR,06,20111201,2
MOZ,AFR,01,20100525,9
MOZ,AFR,05,20070712,4
MRT,AFR,04,20140211,8
MWI,AFR,04,20131219,4
MWI,AFR,19,20050830,9
MWI,AFR,07,20041211,9
MYS,AFR,04,20060125,6
MYS,AFR,04,20000426,4
MYS,AFR,04,20140311,2
NAM,AFR,10,20140620,2
NAM,AFR,07,20030714,2
NAM,AFR,08,20050509,7
NAM,AFR,07,20091126,4
NAM,AFR,06,20120618,2
NAM,AFR,17,20140605,4
NAM,AFR,02,20070603,8
NER,AFR,03,20091123,10
NER,AFR,03,20140327,4
NGA,AFR,04,20140224,1
NGA,AFR,09,20140524,4
NGA,AFR,03,20140808,1
NGA,AFR,02,20140320,2
NGA,AFR,19,20140924,1
NGA,AFR,04,20100928,5
NGA,AFR,08,20140705,4
NGA,AFR,04,20130902,2
NGA,AFR,12,20040305,1
NGA,AFR,19,20100913,2
NGA,AFR,01,20011030,8
NGA,AFR,12,20141126,2
NGA,AFR,09,20071004,3
NGA,AFR,08,20110210,2
NGA,AFR,04,20050704,4
NGA,AFR,02,20150204,1
NGA,AFR,09,20130804,7
NGA,AFR,03,20100702,9
NGA,AFR,01,20141229,4
NGA,AFR,01,20140404,2
NGA,AFR,11,20140626,6
NGA,AFR,01,20020725,1
NLD,AFR,17,20120530,1
NLD,AFR,05,20121101,2
NLD,AFR,08,20110126,4
NOR,AFR,04,20141030,6
NZL,AFR,06,20130922,8
NZL,AFR,04,20140721,2
PAK,AFR,04,20110727,2
PAK,AFR,01,20011019,3
PHL,AFR,08,20080206,3
POL,AFR,16,20090420,3
POL,AFR,12,20090814,9
PRK,AFR,04,20080318,8
PRT,AFR,04,20071205,10
QAT,AFR,04,20020514,4
RUS,AFR,05,20010609,5
RUS,AFR,04,20070218,1
RUS,AFR,01,20131005,4
RUS,AFR,06,20070402,1
RUS,AFR,16,20110222,10
RUS,AFR,17,20100910,9
RUS,AFR,05,20090915,1
RUS,AFR,04,20120718,10
RWA,AFR,04,20050912,1
RWA,AFR,01,20080516,7
RWA,AFR,08,20140102,71
RWA,AFR,04,20141016,6
RWA,AFR,19,20131126,10
RWA,AFR,19,20130822,10
RWA,AFR,17,20150129,2
RWA,AFR,03,20110331,4
SAF,AFR,04,20080821,3
SAU,AFR,04,20131126,10
SAU,AFR,07,20090519,5
SAU,AFR,17,20110929,9
SDN,AFR,19,20120502,9
SDN,AFR,04,20110513,4
SDN,AFR,03,20050730,2
SDN,AFR,04,20040611,6
SDN,AFR,11,20130524,8
SDN,AFR,01,20141105,8
SDN,AFR,02,20090205,5
SDN,AFR,19,20110702,45
SDN,AFR,04,20130121,4
SDN,AFR,03,20061114,10
SDN,AFR,01,20100202,7
SDN,AFR,01,20130621,2
SDN,AFR,03,20071028,4
SDN,AFR,04,20000112,1
SEN,AFR,04,20000523,4
SEN,AFR,02,20020416,5
SEN,AFR,03,20120801,20
SEN,AFR,19,20140416,2
SLE,AFR,04,20141026,4
SLE,AFR,03,20070130,5
SOM,AFR,01,20110512,2
SOM,AFR,08,20120706,49
SOM,AFR,05,20090821,16
SOM,AFR,18,20090215,1
SOM,AFR,17,20140717,10
SOM,AFR,18,20130619,6
SOM,AFR,03,20131007,3
SOM,AFR,04,20110706,36
SOM,AFR,04,20110819,10
SOM,AFR,08,20131130,10
SOM,AFR,19,20140624,42
SOM,AFR,07,20070223,2
SSD,AFR,04,20141022,32
SSD,AFR,05,20140305,6
SWZ,AFR,09,20040507,1
SWZ,AFR,04,20120504,6
SWZ,AFR,05,20120703,2
SWZ,AFR,04,20140324,2
SWZ,AFR,04,20131125,2
SWZ,AFR,05,20140709,8
SWZ,AFR,08,20120227,10
SYC,AFR,04,20060321,1
SYR,AFR,04,20111004,8
SYR,AFR,01,20140410,1
SYR,AFR,04,20110511,1
TCD,AFR,07,20090929,1
TUN,AFR,04,20130922,2
TUN,AFR,02,20130711,10
TUN,AFR,04,20130318,4
TUN,AFR,05,20141010,10
TUN,AFR,04,20001124,1
TUR,AFR,01,20070521,4
TZA,AFR,03,20060207,7
TZA,AFR,04,20060628,11
TZA,AFR,04,20150216,8
TZA,AFR,07,20080530,2
TZA,AFR,04,20131021,6
TZA,AFR,01,20110615,1
TZA,AFR,13,20010310,8
UGA,AFR,01,20020226,3
UGA,AFR,05,20150122,2
UGA,AFR,01,20060828,3
UGA,AFR,04,20130731,10
UGA,AFR,17,20091019,9
UGA,AFR,19,20111015,10
UGA,AFR,03,20110903,1
UGA,AFR,08,20040802,4
UGA,AFR,04,20050819,2
UGA,AFR,04,20100915,14
UGA,AFR,04,20070624,10
UGA,AFR,18,20140417,3
UGA,AFR,12,20140617,130
UGA,AFR,02,20140224,1
UGA,AFR,05,20091118,9
USA,AFR,01,20090225,14
USA,AFR,11,20110830,18
USA,AFR,11,20051006,2
USA,AFR,05,20141113,1
USA,AFR,04,20140801,546
USA,AFR,07,20060315,2
USA,AFR,04,20000209,3
USA,AFR,02,20070831,5
USA,AFR,03,20040414,7
USA,AFR,01,20070307,2
USA,AFR,01,20120801,4
USA,AFR,16,20030828,4
USA,AFR,11,20020605,3
USA,AFR,01,20111026,1
USA,AFR,10,20100827,2
USA,AFR,17,20091020,4
USA,AFR,01,20130624,6
USA,AFR,03,20131101,10
USA,AFR,11,20150129,10
USA,AFR,05,20130629,5
USA,AFR,17,20141021,5
USA,AFR,04,20130123,20
USA,AFR,04,20141107,8
USA,AFR,04,20091213,10
USA,AFR,02,20141013,6
USA,AFR,04,20101223,50
USA,AFR,05,20140702,10
USA,AFR,03,20130825,2
USA,AFR,05,20121203,2
USA,AFR,11,20130121,4
USA,AFR,04,20100702,5
USA,AFR,04,20071205,12
USA,AFR,15,20140223,4
USA,AFR,02,20140927,16
USA,AFR,04,20130708,10
USA,AFR,04,20140324,7
USA,AFR,17,20010802,2
USA,AFR,03,20090517,2
USA,AFR,17,20130619,3
USA,AFR,01,20101210,5
USA,AFR,13,20121029,7
USA,AFR,05,20140228,12
USA,AFR,04,20110921,18
USA,AFR,02,20090927,2
USA,AFR,19,20140306,5
USA,AFR,01,20091221,3
USA,AFR,01,20091014,4
USA,AFR,04,20080214,5
USA,AFR,04,20130702,24
USA,AFR,02,20130813,10
USA,AFR,04,20090712,9
USA,AFR,06,20141125,15
USA,AFR,01,20101126,14
USA,AFR,02,20121004,10
USA,AFR,15,20040510,14
USA,AFR,07,20110310,4
USA,AFR,02,20141012,4
USA,AFR,11,20120328,7
USA,AFR,19,20131213,1
USA,AFR,08,20120105,3
USA,AFR,11,20010809,6
USA,AFR,08,20140211,4
USA,AFR,10,20131007,8
USA,AFR,01,20091211,9
USA,AFR,11,20140909,17
USA,AFR,17,20141104,5
USA,AFR,03,20111220,2
USA,AFR,07,20130205,70
USA,AFR,08,20141208,3
USA,AFR,17,20120910,2
USA,AFR,05,20131226,6
USA,AFR,01,20110128,2
USA,AFR,04,20090516,1
USA,AFR,01,20101126,7
USA,AFR,01,20140919,2
USA,AFR,11,20131105,12
USA,AFR,03,20140109,2
USA,AFR,16,20090127,4
USA,AFR,04,20100212,4
VAT,AFR,04,20081027,4
VAT,AFR,01,20121024,2
VNM,AFR,04,20060919,5
WAF,AFR,04,20090223,6
WSM,AFR,13,20101127,1
WST,AFR,06,20130108,1
WST,AFR,03,20051222,9
YEM,AFR,04,20110707,4
YEM,AFR,04,20090514,4
ZAF,AFR,19,20120116,36
ZAF,AFR,08,20030604,3
ZAF,AFR,04,20130618,1
ZAF,AFR,19,20141207,71
ZAF,AFR,19,20120615,1
ZAF,AFR,05,20100830,2
ZAF,AFR,19,20130401,1
ZAF,AFR,04,20081125,9
ZAF,AFR,04,20100305,2
ZAF,AFR,04,20081113,4
ZAF,AFR,04,20040628,6
ZAF,AFR,04,20080626,2
ZAF,AFR,04,20110817,9
ZAF,AFR,04,20140722,10
ZAF,AFR,04,20110615,1
ZAF,AFR,04,20060718,4
ZAF,AFR,19,20080501,2
ZAF,AFR,09,20130926,2
ZAF,AFR,11,20150213,8
ZAF,AFR,04,20001025,1
ZAF,AFR,01,20131211,29
ZAF,AFR,02,20140612,4
ZAF,AFR,11,20110913,31
ZAF,AFR,05,20120609,2
ZAF,AFR,04,20090707,4
ZAF,AFR,18,20060923,4
ZAF,AFR,19,20150107,4
ZAF,AFR,01,20080623,5
ZAF,AFR,02,20071122,2
ZAF,AFR,01,20140415,1
ZAF,AFR,01,20070228,8
ZAF,AFR,18,20110209,8
ZAF,AFR,17,20071226,4
ZAF,AFR,09,20080521,6
ZAF,AFR,04,20110617,2
ZAF,AFR,01,20140327,4
ZAF,AFR,04,20080522,4
ZAF,AFR,18,20130208,50
ZAF,AFR,01,20120709,10
ZAF,AFR,04,20050526,4
ZAF,AFR,04,20110523,3
ZAF,AFR,04,20140515,1
ZAF,AFR,01,20140526,2
ZAF,AFR,17,20030209,1
ZAF,AFR,04,20010406,5
ZAF,AFR,04,20131117,1
ZAF,AFR,02,20000719,4
ZAF,AFR,01,20130814,10
ZAF,AFR,07,20020805,4
ZAF,AFR,04,20030327,4
ZAF,AFR,04,20130214,21
ZAF,AFR,04,20070427,2
ZAF,AFR,14,20120207,3
ZAF,AFR,04,20140523,3
ZAF,AFR,12,20040609,4
ZAF,AFR,12,20040420,1
ZAF,AFR,05,20130916,4
ZAF,AFR,03,20091006,2
ZAF,AFR,11,20120217,10
ZAF,AFR,04,20110502,1
ZAF,AFR,02,20131125,4
ZAF,AFR,04,20130327,7
ZAF,AFR,02,20140303,4
ZAF,AFR,09,20111013,4
ZAF,AFR,11,20061211,1
ZAF,AFR,18,20120418,45
ZAF,AFR,17,20080908,3
ZAF,AFR,02,20110506,4
ZAF,AFR,12,20101022,4
ZAF,AFR,11,20140425,12
ZAF,AFR,01,20141119,14
ZAF,AFR,12,20131223,4
ZAF,AFR,04,20110824,15
ZAF,AFR,04,20030205,5
ZAF,AFR,02,20130908,8
ZAF,AFR,18,20120331,4
ZAF,AFR,08,20150214,10
ZAF,AFR,17,20080626,1
ZAF,AFR,01,20140217,7
ZAF,AFR,01,20140714,12
ZAF,AFR,04,20150101,12
ZAF,AFR,03,20140713,1
ZAF,AFR,01,20001203,2
ZAF,AFR,17,20141017,4
ZAF,AFR,17,20060810,3
ZAF,AFR,07,20121116,4
ZAF,AFR,04,20100218,5
ZAF,AFR,04,20090415,1
ZAF,AFR,09,20021108,3
ZAF,AFR,11,20110811,2
ZAF,AFR,01,20080626,3
ZAF,AFR,01,20090430,3
ZAF,AFR,07,20141117,20
ZAF,AFR,12,20120718,2
ZAF,AFR,01,20100415,7
ZAF,AFR,19,20090314,28
ZAF,AFR,04,20021215,3
ZAF,AFR,18,20140131,6
ZAF,AFR,11,20080519,4
ZAF,AFR,05,20030619,2
ZAF,AFR,18,20120620,4
ZAF,AFR,11,20101111,4
ZAF,AFR,01,20040124,2
ZAF,AFR,19,20140730,4
ZAF,AFR,17,20000630,1
ZAF,AFR,18,20120511,5
ZAF,AFR,13,20100203,4
ZAF,AFR,02,20020830,2
ZAF,AFR,03,20130627,16
ZAF,AFR,17,20140212,8
ZAF,AFR,05,20150122,16
ZAF,AFR,17,20110501,2
ZAF,AFR,14,20090923,4
ZAF,AFR,01,20020202,4
ZAF,AFR,07,20030910,3
ZAF,AFR,19,20130131,1
ZAF,AFR,03,20110520,4
ZAF,AFR,19,20110309,2
ZMB,AFR,04,20130613,8
ZMB,AFR,02,20070717,2
ZMB,AFR,01,20120907,4
ZMB,AFR,04,20120806,12
ZMB,AFR,03,20090727,80
ZMB,AFR,03,20101211,10
ZMB,AFR,04,20131218,4
ZWE,AFR,01,20111210,5
ZWE,AFR,03,20080818,2
ZWE,AFR,08,20080410,18
ZWE,AFR,11,20090824,3
ZWE,AFR,04,20030218,1
ZWE,AFR,07,20121213,2
ZWE,AFR,03,20060628,4
ZWE,AFR,18,20141201,4
ZWE,AFR,03,20130805,4
ZWE,AFR,12,20131121,6
ZWE,AFR,17,20140109,10
ZWE,AFR,01,20131104,4
ZWE,AFR,03,20060608,3
ZWE,AFR,04,20080622,3
ZWE,AFR,13,20010514,4
ZWE,AFR,01,20070527,7
ZWE,AFR,01,20020319,9
ZWE,AFR,06,20020208,7
ZWE,AFR,01,20081027,9
ZWE,AFR,04,20060710,1
ZWE,AFR,11,20090401,5
AFR,AGO,01,20120418,16
AFR,AGO,04,20081029,2
AFR,AGO,03,20090808,1
AFR,AGO,04,20110527,4
AFR,AGO,05,20030402,4
AFR,AGO,04,20120507,5
AFR,AGO,01,20101125,9
AFR,AGO,03,20060530,1
AFR,AGO,04,20140208,1
AFR,AGO,02,20020806,9
AFR,AGO,05,20000404,1
AGO,AGO,19,20000330,10
AGO,AGO,04,20010330,9
AGO,AGO,04,20130813,3
AGO,AGO,04,20110421,4
AGO,AGO,03,20070409,2
AGO,AGO,02,20030505,9
AGO,AGO,02,20091104,5
AGO,AGO,04,20030503,5
AGO,AGO,04,20060517,2
AGO,AGO,08,20010724,6
AGO,AGO,19,20110726,1
AGO,AGO,10,20120731,5
AGO,AGO,03,20100720,9
AGO,AGO,03,20080325,4
AGO,AGO,04,20081208,9
AGO,AGO,04,20030813,4
AGO,AGO,04,20110617,7
AGO,AGO,01,20130923,1
AGO,AGO,04,20101207,9
AZE,AGO,04,20130220,3
BDI,AGO,01,20100426,6
BFA,AGO,04,20140314,10
BRA,AGO,04,20041021,7
BRA,AGO,04,20130220,2
BRA,AGO,04,20101115,2
BRA,AGO,06,20140808,2
BWA,AGO,06,20141010,4
BWA,AGO,03,20020326,8
CHE,AGO,04,20000620,2
CHN,AGO,04,20050804,5
CHN,AGO,05,20131209,6
CMR,AGO,04,20001122,5
COD,AGO,03,20090806,30
COG,AGO,08,20131018,16
CPV,AGO,04,20020510,9
CUB,AGO,04,20090203,2
CUB,AGO,04,20120702,3
CUB,AGO,01,20090210,4
CUB,AGO,04,20141221,4
DEU,AGO,04,20110713,4
DZA,AGO,05,20010422,8
ETH,AGO,07,20120905,8
FIN,AGO,07,20120517,1
GBR,AGO,04,20130818,1
GBR,AGO,11,20140707,10
GBR,AGO,19,20140521,10
GBR,AGO,04,20140321,8
GIN,AGO,04,20080211,3
GNB,AGO,03,20100927,4
ISR,AGO,11,20110429,14
ITA,AGO,04,20071116,7
JPN,AGO,01,20070521,1
KHM,AGO,04,20140215,2
MCO,AGO,17,20141121,34
MOZ,AGO,03,20030429,2
MOZ,AGO,08,20131116,3
NAM,AGO,02,20080703,1
NAM,AGO,01,20090525,4
NAM,AGO,08,20000109,2
NAM,AGO,06,20130724,1
NAM,AGO,19,20080322,15
NAM,AGO,03,20060928,1
NGA,AGO,03,20110913,3
NGA,AGO,05,20020225,1
PRT,AGO,13,20020910,2
PRT,AGO,08,20010705,1
PRT,AGO,05,20061017,1
PRT,AGO,01,20091005,4
PRT,AGO,04,20010303,1
PRY,AGO,08,20021108,6
RWA,AGO,03,20141217,24
SAF,AGO,04,20030325,6
SAF,AGO,04,20111128,18
SAU,AGO,17,20000213,2
SSD,AGO,04,20140504,1
SSD,AGO,05,20130909,2
STP,AGO,04,20130703,6
UGA,AGO,19,20020718,1
UGA,AGO,04,20001107,2
USA,AGO,02,20120419,1
USA,AGO,06,20121024,4
USA,AGO,17,20130326,4
USA,AGO,03,20091215,5
USA,AGO,17,20131005,6
USA,AGO,05,20090225,2
USA,AGO,04,20101212,2
USA,AGO,05,20100423,8
USA,AGO,04,20121204,10
VEN,AGO,04,20060903,2
VEN,AGO,03,20091104,2
ZMB,AGO,03,20010405,2
ZWE,AGO,03,20100901,5
ZWE,AGO,03,20071119,2
USA,AIA,19,20120924,2
AFG,ALB,06,20020725,9
AFR,ALB,09,20110708,1
ALB,ALB,05,20121106,2
ALB,ALB,04,20040114,9
ALB,ALB,05,20010314,3
ALB,ALB,06,20070507,2
ALB,ALB,19,20010827,1
ALB,ALB,02,20061123,9
ALB,ALB,19,20000606,1
ALB,ALB,04,20141030,16
ALB,ALB,07,20120328,1
ALB,ALB,01,20091007,13
ALB,ALB,01,20091027,9
ALB,ALB,17,20080725,2
ALB,ALB,04,20110915,2
ALB,ALB,04,20090511,1
AUT,ALB,10,20060302,5
BEL,ALB,04,20131007,4
BGR,ALB,05,20070129,1
COL,ALB,04,20110220,2
DEU,ALB,07,20010404,4
DEU,ALB,17,20020510,2
EUR,ALB,11,20120305,2
EUR,ALB,01,20080208,2
EUR,ALB,05,20140616,16
EUR,ALB,04,20020313,3
FIN,ALB,19,20100101,116
FRA,ALB,02,20051219,5
GBR,ALB,04,20140626,8
GRC,ALB,03,20060301,2
GRC,ALB,19,20060503,7
HRV,ALB,07,20090401,2
HTI,ALB,07,20140806,2
IRN,ALB,04,20030315,15
ITA,ALB,19,20120714,6
ITA,ALB,05,20060510,4
ITA,ALB,01,20001229,1
ITA,ALB,11,20000720,4
KWT,ALB,05,20110117,1
MDA,ALB,17,20010620,3
MKD,ALB,01,20031124,2
MKD,ALB,05,20070321,1
MKD,ALB,04,20010222,2
MKD,ALB,19,20050109,2
MKD,ALB,17,20140730,10
MKD,ALB,12,20010523,5
MKD,ALB,05,20040207,9
MKD,ALB,11,20010413,4
MKD,ALB,04,20011023,1
MKD,ALB,12,20131122,5
MKD,ALB,19,20030908,5
MKD,ALB,11,20010518,6
MKD,ALB,07,20011005,1
MKD,ALB,02,20090304,9
NLD,ALB,04,20131213,2
RUS,ALB,05,20071127,2
RUS,ALB,19,20000524,8
SRB,ALB,15,20041222,4
SRB,ALB,09,20101218,1
SRB,ALB,17,20001230,5
SRB,ALB,19,20030819,1
SWE,ALB,05,20010129,1
SWE,ALB,06,20111103,4
TUR,ALB,06,20050520,2
TUR,ALB,17,20090502,6
TUR,ALB,05,20080226,3
USA,ALB,03,20140812,4
USA,ALB,04,20030502,7
USA,ALB,01,20070603,1
USA,ALB,10,20080216,4
WST,ALB,10,20061122,2
WST,ALB,05,20000228,1
WST,ALB,17,20040323,2
WST,ALB,17,20050913,6
WST,ALB,01,20070511,1
WST,ALB,01,20010107,2
WST,ALB,04,20010712,9
WST,ALB,04,20070226,2
WST,ALB,04,20080813,5
WST,ALB,04,20000609,4
WST,ALB,06,20010304,2
WST,ALB,10,20040408,4
WST,ALB,04,20080226,8
AUT,AND,03,20131114,4
ISR,AND,08,20140716,4
AFG,ARE,04,20120125,4
AFR,ARE,01,20131030,2
ARE,ARE,04,20071129,3
ARE,ARE,05,20110416,4
ARE,ARE,01,20090729,5
ARE,ARE,17,20120125,17
ARE,ARE,19,20100302,9
ARE,ARE,02,20141103,4
ARE,ARE,01,20120410,1
ARE,ARE,10,20101028,2
ARE,ARE,03,20030817,2
ARE,ARE,17,20140601,4
ARE,ARE,03,20080430,2
ARE,ARE,06,20100503,5
ARE,ARE,03,20100826,9
ARE,ARE,04,20130315,2
ARE,ARE,04,20141120,4
ARE,ARE,05,20100620,1
ARE,ARE,04,20140829,6
ARE,ARE,04,20140205,1
ARE,ARE,06,20070623,6
ARE,ARE,05,20110510,8
ARE,ARE,10,20110126,4
ARE,ARE,03,20140225,2
ARE,ARE,19,20120721,4
ARE,ARE,07,20140805,4
ARE,ARE,04,20130923,4
ARE,ARE,05,20090623,4
ARG,ARE,03,20100820,2
ARM,ARE,04,20130508,4
AUS,ARE,04,20131119,4
AUS,ARE,04,20120917,3
AUS,ARE,03,20130627,18
AUS,ARE,16,20131012,12
BDI,ARE,04,20141001,2
BGD,ARE,06,20140819,1
BHR,ARE,05,20061212,1
BHR,ARE,03,20100204,2
BHR,ARE,04,20110210,2
BHR,ARE,05,20070529,6
BRA,ARE,04,20071015,5
CAN,ARE,04,20110615,1
CAN,ARE,04,20101127,4
CAN,ARE,08,20071217,26
CHE,ARE,08,20100227,107
CHE,ARE,07,20080123,5
CHN,ARE,04,20120620,2
CHN,ARE,03,20110202,1
CHN,ARE,05,20120116,3
DEU,ARE,06,20000318,5
DEU,ARE,01,20101102,9
EGY,ARE,05,20131029,8
EGY,ARE,03,20140212,1
EGY,ARE,03,20131123,8
EGY,ARE,04,20030326,3
EGY,ARE,05,20140321,6
EGY,ARE,01,20070927,2
EGY,ARE,04,20000909,5
EGY,ARE,08,20120229,8
EGY,ARE,04,20120702,24
EGY,ARE,01,20100203,2
EGY,ARE,05,20131230,2
EGY,ARE,05,20150119,2
ERI,ARE,04,20070507,2
ESP,ARE,07,20080229,3
FRA,ARE,04,20140429,4
FRA,ARE,04,20130614,1
FRA,ARE,01,20090904,4
GBR,ARE,04,20130905,5
GBR,ARE,05,20110912,1
GBR,ARE,07,20110325,9
GBR,ARE,05,20140425,1
GBR,ARE,12,20120523,4
GBR,ARE,04,20111110,8
GBR,ARE,11,20140821,2
GBR,ARE,04,20120826,1
GBR,ARE,01,20140518,10
GBR,ARE,04,20120229,1
GBR,ARE,02,20140206,1
GBR,ARE,04,20111013,1
GBR,ARE,11,20110914,3
GBR,ARE,18,20130722,1
GRC,ARE,04,20131007,2
IDN,ARE,03,20110519,9
IND,ARE,04,20140820,2
IND,ARE,05,20140720,4
IRN,ARE,02,20140905,4
IRN,ARE,01,20130208,8
IRN,ARE,03,20110507,5
IRN,ARE,17,20141018,10
IRN,ARE,11,20120328,5
IRQ,ARE,01,20030419,1
IRQ,ARE,05,20140429,3
IRQ,ARE,04,20040722,1
IRQ,ARE,04,20070711,7
IRQ,ARE,04,20090508,2
IRQ,ARE,04,20071218,8
ISR,ARE,04,20140722,3
ISR,ARE,12,20100117,6
ITA,ARE,05,20131126,2
ITA,ARE,05,20130205,10
ITA,ARE,04,20150130,2
ITA,ARE,04,20110418,1
JOR,ARE,04,20150127,8
JOR,ARE,07,20101017,3
KOR,ARE,04,20130923,1
KOR,ARE,05,20121101,1
KWT,ARE,04,20110223,6
KWT,ARE,04,20101224,5
KWT,ARE,17,20140220,6
LBN,ARE,04,20140529,1
LBN,ARE,04,20140523,2
LBY,ARE,17,20140212,27
LKA,ARE,07,20090812,5
LKA,ARE,04,20121017,2
MAR,ARE,04,20010723,3
MAR,ARE,07,20111126,4
MYS,ARE,05,20080721,1
MYS,ARE,04,20140901,5
MYS,ARE,01,20090115,4
NGA,ARE,04,20141113,1
NLD,ARE,04,20140912,5
NOR,ARE,08,20130724,1
OMN,ARE,04,20120107,9
OMN,ARE,03,20070518,2
OMN,ARE,04,20081224,3
OMN,ARE,04,20140211,6
OMN,ARE,04,20110611,8
PAK,ARE,02,20120112,6
PAK,ARE,04,20120716,2
PAK,ARE,04,20120710,2
PAK,ARE,05,20010925,1
PAK,ARE,09,20100217,5
PAK,ARE,04,20120112,16
PAK,ARE,03,20090121,20
PGS,ARE,02,20120414,2
PHL,ARE,04,20130815,12
PHL,ARE,11,20141221,1
PHL,ARE,01,20140616,1
POL,ARE,03,20120423,4
PRK,ARE,19,20090526,4
PRT,ARE,04,20140826,4
PSE,ARE,01,20100224,1
PSE,ARE,13,20100224,4
PSE,ARE,01,20050729,3
QAT,ARE,04,20140824,8
QAT,ARE,05,20041219,1
QAT,ARE,05,20070521,6
QAT,ARE,04,20150131,8
QAT,ARE,02,20110411,2
QAT,ARE,04,20021002,5
QAT,ARE,04,20080605,4
RUS,ARE,03,20020209,2
RUS,ARE,06,20110224,5
RUS,ARE,04,20130920,6
SAU,ARE,01,20130623,1
SAU,ARE,04,20131112,2
SAU,ARE,03,20100318,5
SAU,ARE,04,20121205,10
SAU,ARE,02,20090314,2
SAU,ARE,04,20080107,1
SAU,ARE,17,20131009,16
SAU,ARE,04,20141118,4
SAU,ARE,01,20110321,1
SAU,ARE,07,20140730,2
SAU,ARE,11,20140323,112
SAU,ARE,11,20101122,2
SDN,ARE,07,20120421,5
SGP,ARE,04,20110417,6
SYC,ARE,03,20140913,2
SYR,ARE,04,20140623,2
SYR,ARE,04,20010122,3
SYR,ARE,05,20120514,1
SYR,ARE,06,20120918,24
SYR,ARE,01,20150107,1
TCD,ARE,04,20150211,4
THA,ARE,04,20091129,3
THA,ARE,02,20140630,1
THA,ARE,19,20010115,1
TKM,ARE,03,20100210,5
TUN,ARE,17,20120416,6
TUR,ARE,03,20090807,15
UGA,ARE,04,20140718,1
USA,ARE,04,20120507,1
USA,ARE,01,20080606,4
USA,ARE,01,20140521,2
USA,ARE,03,20101026,1
USA,ARE,03,20130630,10
USA,ARE,07,20131101,10
USA,ARE,08,20130709,1
USA,ARE,08,20140107,8
USA,ARE,05,20090611,9
USA,ARE,01,20110522,3
USA,ARE,06,20131210,3
USA,ARE,04,20130830,2
USA,ARE,05,20140624,4
VEN,ARE,17,20111015,3
YEM,ARE,17,20130517,2
YEM,ARE,19,20120402,1
ZWE,ARE,19,20050925,1
AFR,ARG,05,20121202,2
AFR,ARG,03,20080623,2
AGO,ARG,04,20141114,2
ARE,ARG,11,20091109,5
ARG,ARG,16,20100617,2
ARG,ARG,08,20020108,2
ARG,ARG,17,20130613,4
ARG,ARG,12,20140403,6
ARG,ARG,12,20020214,2
ARG,ARG,06,20080615,2
ARG,ARG,11,20110622,2
ARG,ARG,02,20130227,6
ARG,ARG,04,20100120,5
ARG,ARG,19,20140901,2
ARG,ARG,04,20140105,4
ARG,ARG,01,20081126,2
ARG,ARG,09,20150129,12
ARG,ARG,03,20110715,10
ARG,ARG,04,20090904,9
ARG,ARG,04,20130828,30
ARG,ARG,04,20120428,2
ARG,ARG,04,20101206,5
ARG,ARG,03,20000416,26
ARG,ARG,05,20130812,8
ARG,ARG,03,20130417,20
ARG,ARG,01,20100527,3
ARG,ARG,05,20070411,2
ARM,ARG,04,20130409,10
AUS,ARG,05,20090225,1
AUS,ARG,04,20110529,8
AUT,ARG,08,20110823,4
BGR,ARG,05,20121003,1
BLZ,ARG,05,20131023,10
BOL,ARG,12,20050527,9
BOL,ARG,03,20130918,1
BOL,ARG,04,20150122,4
BOL,ARG,04,20080430,4
BRA,ARG,04,20130129,2
BRA,ARG,01,20130529,2
BRA,ARG,04,20130217,16
BRA,ARG,19,20001005,1
BRA,ARG,01,20080222,4
CAN,ARG,05,20000112,1
CAN,ARG,04,20120216,9
CHL,ARG,01,20050312,1
CHL,ARG,07,20080208,3
CHL,ARG,16,20110626,28
CHL,ARG,03,20030816,6
CHN,ARG,05,20090907,5
CHN,ARG,04,20121105,2
CHN,ARG,06,20130924,10
CHN,ARG,06,20140810,2
COL,ARG,01,20041211,2
COL,ARG,04,20130917,4
CUB,ARG,04,20040229,5
CUB,ARG,04,20130113,37
DEU,ARG,05,20130126,4
DEU,ARG,05,20020215,1
ECU,ARG,18,20010608,2
EGY,ARG,05,20080120,2
ESP,ARG,14,20101211,4
ESP,ARG,06,20110127,4
ESP,ARG,04,20131009,6
ESP,ARG,02,20130815,2
ESP,ARG,04,20140819,23
ESP,ARG,02,20101229,2
ESP,ARG,04,20110728,63
ESP,ARG,05,20130813,4
EUR,ARG,01,20131212,24
FJI,ARG,03,20090207,7
FRA,ARG,04,20120423,2
FRA,ARG,03,20131125,6
GBR,ARG,02,20140407,1
GBR,ARG,14,20120907,2
GBR,ARG,19,20101205,16
GBR,ARG,04,20100225,1
GBR,ARG,11,20100122,9
GBR,ARG,04,20100224,4
GBR,ARG,19,20140716,4
GRC,ARG,04,20121003,2
IRN,ARG,13,20150120,10
IRQ,ARG,03,20091123,2
ISR,ARG,04,20140104,2
ITA,ARG,01,20010706,2
ITA,ARG,11,20140205,5
ITA,ARG,02,20130319,6
ITA,ARG,05,20010315,8
ITA,ARG,04,20120117,1
ITA,ARG,04,20120509,6
JAM,ARG,04,20080922,6
MEX,ARG,05,20110617,1
MEX,ARG,04,20090623,2
MEX,ARG,17,20030630,4
MMR,ARG,03,20100214,1
PAK,ARG,04,20080615,4
PER,ARG,04,20131105,2
PHL,ARG,02,20110607,4
PHL,ARG,01,20080627,9
PHL,ARG,18,20130714,4
PHL,ARG,04,20120117,1
PHL,ARG,01,20090804,1
POL,ARG,04,20010709,2
PRY,ARG,05,20080806,1
PRY,ARG,04,20070224,4
PRY,ARG,04,20100511,1
RUS,ARG,01,20091207,9
RUS,ARG,01,20031011,2
SAU,ARG,04,20120102,9
SEN,ARG,08,20110105,7
SRB,ARG,04,20110214,28
SYR,ARG,10,20010609,2
SYR,ARG,05,20130519,1
URY,ARG,03,20100421,8
URY,ARG,01,20140416,1
URY,ARG,08,20060315,8
URY,ARG,01,20080625,2
URY,ARG,04,20010419,6
URY,ARG,04,20050113,7
URY,ARG,04,20121031,8
URY,ARG,07,20140101,4
USA,ARG,11,20040115,2
USA,ARG,08,20121227,1
USA,ARG,04,20140827,3
USA,ARG,01,20101029,1
USA,ARG,04,20020130,2
USA,ARG,01,20090111,2
USA,ARG,07,20121102,2
USA,ARG,18,20130813,2
USA,ARG,06,20110415,11
USA,ARG,11,20120819,6
USA,ARG,01,20060418,2
USA,ARG,04,20030723,4
USA,ARG,01,20090206,3
USA,ARG,11,20120120,7
USA,ARG,04,20131205,6
USA,ARG,12,20120725,8
USA,ARG,03,20090728,2
USA,ARG,07,20110107,1
USA,ARG,04,20081128,7
VEN,ARG,04,20130509,1
VEN,ARG,01,20080303,2
VEN,ARG,12,20071218,6
VNM,ARG,12,20121121,4
ARM,ARM,11,20080921,2
ARM,ARM,12,20100819,1
ARM,ARM,04,20110825,12
ARM,ARM,19,20140514,2
ARM,ARM,19,20111202,4
ARM,ARM,01,20120130,3
ARM,ARM,01,20130930,1
ARM,ARM,01,20140717,6
ARM,ARM,08,20110310,15
ARM,ARM,19,20140507,10
ARM,ARM,01,20110614,6
ARM,ARM,04,20120814,8
ARM,ARM,01,20010509,2
ARM,ARM,12,20090301,2
ARM,ARM,10,20110131,5
ARM,ARM,02,20110606,1
ARM,ARM,19,20130930,1
ARM,ARM,02,20111215,3
ARM,ARM,01,20120516,1
ARM,ARM,01,20000922,4
ARM,ARM,11,20130214,4
ARM,ARM,07,20120208,1
ARM,ARM,01,20140504,4
ARM,ARM,01,20100917,4
ARM,ARM,05,20101217,1
ARM,ARM,11,20141119,2
ARM,ARM,03,20070514,2
ARM,ARM,04,20140602,2
ARM,ARM,05,20121004,8
ARM,ARM,03,20000405,2
ARM,ARM,04,20131112,16
ARM,ARM,03,20120530,2
ARM,ARM,08,20130306,6
ARM,ARM,12,20121102,1
ARM,ARM,01,20110219,4
ARM,ARM,01,20110815,2
ARM,ARM,15,20100125,2
ARM,ARM,04,20120128,3
ARM,ARM,11,20030204,1
ARM,ARM,01,20111129,7
ARM,ARM,12,20131122,2
ARM,ARM,19,20040828,2
ARM,ARM,01,20130528,1
ARM,ARM,01,20140218,8
ARM,ARM,17,20130912,8
ARM,ARM,11,20060421,5
ARM,ARM,05,20121023,1
ARM,ARM,01,20130918,14
ARM,ARM,05,20130808,10
ARM,ARM,10,20130718,2
ARM,ARM,10,20021021,6
ARM,ARM,01,20070417,2
ARM,ARM,01,20080910,4
ARM,ARM,03,20140929,3
ARM,ARM,04,20090326,9
ARM,ARM,04,20090209,7
ARM,ARM,01,20050825,2
ARM,ARM,01,20040317,6
AUS,ARM,11,20120905,2
AZE,ARM,03,20120608,42
AZE,ARM,03,20090406,1
AZE,ARM,03,20091122,7
AZE,ARM,05,20121128,8
AZE,ARM,11,20130701,4
AZE,ARM,13,20011114,4
AZE,ARM,06,20130311,3
AZE,ARM,03,20091016,1
AZE,ARM,19,20140806,10
AZE,ARM,02,20111222,2
AZE,ARM,08,20140403,1
AZE,ARM,01,20130424,8
AZE,ARM,04,20101201,18
AZE,ARM,04,20081230,6
AZE,ARM,05,20120831,2
AZE,ARM,04,20000303,4
AZE,ARM,11,20120608,2
AZE,ARM,11,20100729,8
AZE,ARM,17,20130620,4
AZE,ARM,06,20080123,2
AZE,ARM,04,20120224,1
AZE,ARM,12,20090323,2
AZE,ARM,03,20130118,2
AZE,ARM,04,20100731,11
AZE,ARM,04,20010110,24
AZE,ARM,03,20131105,12
AZE,ARM,01,20110727,1
AZE,ARM,01,20130715,6
AZE,ARM,07,20141210,8
AZE,ARM,03,20100928,1
AZE,ARM,19,20130907,6
AZE,ARM,02,20080130,2
AZE,ARM,13,20091121,2
AZE,ARM,19,20081030,1
AZE,ARM,18,20140925,1
AZE,ARM,04,20131206,12
AZE,ARM,11,20091111,7
AZE,ARM,04,20130326,2
AZE,ARM,05,20080409,4
AZE,ARM,19,20060319,2
AZE,ARM,19,20110207,5
AZE,ARM,02,20011109,8
AZE,ARM,11,20121112,2
AZE,ARM,04,20130222,2
AZE,ARM,19,20100721,2
AZE,ARM,04,20120621,1
BEL,ARM,04,20130918,8
BGD,ARM,12,20121122,2
BGR,ARM,08,20100909,8
BLR,ARM,04,20130220,10
BLR,ARM,01,20141022,8
BLR,ARM,04,20000208,2
BLR,ARM,01,20100820,7
BLR,ARM,05,20140129,8
BLR,ARM,04,20040715,1
BLR,ARM,03,20131023,12
BLR,ARM,05,20091027,1
BLR,ARM,04,20121220,8
BLR,ARM,05,20141009,2
BRA,ARM,04,20130724,6
CAN,ARM,04,20140715,3
CHE,ARM,04,20140317,6
CHN,ARM,04,20000626,12
CHN,ARM,03,20110425,25
CYP,ARM,04,20130114,2
CZE,ARM,01,20100504,4
DEU,ARM,04,20100203,1
DEU,ARM,11,20131011,48
DNK,ARM,04,20120601,18
EUR,ARM,04,20110410,6
EUR,ARM,19,20141113,6
EUR,ARM,19,20141112,4
EUR,ARM,04,20110331,1
EUR,ARM,08,20141222,2
EUR,ARM,04,20121105,6
EUR,ARM,03,20100119,6
EUR,ARM,11,20080301,5
EUR,ARM,09,20110907,9
EUR,ARM,04,20130711,8
EUR,ARM,05,20110427,3
FRA,ARM,04,20131226,16
FRA,ARM,01,20140513,5
FRA,ARM,02,20110223,9
FRA,ARM,04,20130115,4
FRA,ARM,01,20020620,2
FRA,ARM,05,20101008,4
FRA,ARM,05,20130228,6
FRA,ARM,01,20111222,7
FSM,ARM,01,20110420,1
GBR,ARM,01,20141022,2
GBR,ARM,06,20120918,6
GBR,ARM,07,20030925,2
GBR,ARM,18,20140128,8
GRC,ARM,01,20080425,4
HUN,ARM,08,20120908,5
HUN,ARM,19,20130301,2
IRN,ARM,01,20060214,4
IRN,ARM,05,20030613,4
IRN,ARM,01,20130805,2
IRN,ARM,05,20110401,1
IRN,ARM,04,20000106,1
IRN,ARM,04,20130625,6
IRN,ARM,03,20060613,1
IRN,ARM,05,20101118,1
IRN,ARM,11,20100925,4
IRN,ARM,03,20131125,1
IRN,ARM,07,20100904,2
IRN,ARM,06,20071022,8
IRN,ARM,04,20020806,1
IRQ,ARM,19,20090319,1
JPN,ARM,03,20011116,14
KAZ,ARM,05,20021129,8
KAZ,ARM,04,20141031,4
KGZ,ARM,03,20131217,8
KNA,ARM,04,20110607,5
KWT,ARM,04,20130905,5
KWT,ARM,03,20111005,17
LBN,ARM,03,20010908,1
MDA,ARM,04,20130708,4
NLD,ARM,04,20140327,6
NLD,ARM,11,20140703,2
NLD,ARM,08,20021202,7
PHL,ARM,02,20110603,1
POL,ARM,08,20080812,2
RUS,ARM,05,20121018,6
RUS,ARM,03,20030117,1
RUS,ARM,03,20011217,1
RUS,ARM,06,20100915,6
RUS,ARM,04,20120906,6
RUS,ARM,02,20110718,1
RUS,ARM,19,20070119,5
RUS,ARM,04,20120827,5
RUS,ARM,07,20120518,9
RUS,ARM,05,20130914,12
RUS,ARM,04,20140725,18
RUS,ARM,04,20040402,3
RUS,ARM,05,20110615,4
RUS,ARM,03,20140110,2
RUS,ARM,01,20110810,17
RUS,ARM,03,20090407,3
RUS,ARM,03,20010312,2
RUS,ARM,04,20100430,1
RUS,ARM,02,20140630,16
RUS,ARM,03,20100310,2
RUS,ARM,05,20130719,6
RUS,ARM,01,20120924,16
RUS,ARM,04,20150114,20
RUS,ARM,03,20100909,1
RUS,ARM,04,20060504,2
RUS,ARM,03,20140809,1
RUS,ARM,06,20031110,2
RUS,ARM,15,20150115,2
SAU,ARM,03,20150127,8
SYR,ARM,02,20140604,6
SYR,ARM,07,20121015,5
SYR,ARM,01,20090915,5
SYR,ARM,19,20121029,21
SYR,ARM,19,20120809,8
TJK,ARM,04,20090718,1
TJK,ARM,05,20010702,1
TJK,ARM,05,20130325,2
TUR,ARM,11,20121219,2
TUR,ARM,11,20111227,4
TUR,ARM,11,20110404,3
TUR,ARM,12,20110402,1
TUR,ARM,01,20021013,2
TUR,ARM,19,20071012,15
TUR,ARM,05,20091020,4
TUR,ARM,18,20140121,6
TUR,ARM,08,20150114,5
TUR,ARM,05,20110822,8
TUR,ARM,08,20091010,2
TUR,ARM,17,20131119,8
TUR,ARM,19,20110329,1
TUR,ARM,01,20100501,4
TUR,ARM,10,20070620,1
TUR,ARM,01,20091010,6
TUR,ARM,01,20100407,1
TUR,ARM,04,20090904,5
TUR,ARM,14,20111221,2
TUR,ARM,18,20120719,2
TUR,ARM,19,20130424,10
TUR,ARM,05,20130125,1
TUR,ARM,12,20020314,5
TUR,ARM,10,20061012,4
TUR,ARM,17,20110428,5
TUR,ARM,01,20100719,4
TUR,ARM,11,20150202,1
TUR,ARM,05,20071005,3
UKR,ARM,19,20140221,6
UKR,ARM,14,20140413,7
UKR,ARM,04,20100215,2
UKR,ARM,04,20120516,8
URY,ARM,04,20131125,2
USA,ARM,13,20120620,1
USA,ARM,04,20140405,4
USA,ARM,11,20090731,9
USA,ARM,19,20150112,2
USA,ARM,05,20120502,2
USA,ARM,01,20071014,6
USA,ARM,03,20110916,2
USA,ARM,05,20100426,6
USA,ARM,02,20110114,2
USA,ARM,07,20100906,7
USA,ARM,03,20130629,2
USA,ARM,05,20121213,1
USA,ARM,02,20100527,4
USA,ARM,03,20140407,6
USA,ARM,04,20100208,2
USA,ARM,09,20110331,4
USA,ARM,04,20130814,6
USA,ARM,12,20090427,1
USA,ARM,05,20100331,1
USA,ARM,04,20111027,7
USA,ARM,03,20120604,4
USA,ARM,02,20100202,9
USA,ARM,02,20120423,9
USA,ARM,04,20130711,3
UZB,ARM,04,20000620,2
VNM,ARM,04,20120604,13
AZE,ASA,04,20110817,9
EUR,ASA,03,20120727,10
GBR,ASA,07,20120601,5
IND,ASA,07,20140604,6
IND,ASA,05,20091202,9
JPN,ASA,08,20040730,5
NPL,ASA,04,20081123,5
PAK,ASA,02,20100816,9
PHL,ASA,05,20130630,5
TUR,ASA,04,20101224,2
USA,ASA,04,20130927,2
ATG,ATG,02,20140313,2
ATG,ATG,01,20040330,3
ATG,ATG,04,20100220,10
ATG,ATG,01,20030721,7
ATG,ATG,19,20040102,5
ESP,ATG,04,20070624,2
GBR,ATG,19,20110730,3
GTM,ATG,04,20130604,8
PER,ATG,01,20090128,2
AFG,AUS,04,20100421,2
AFG,AUS,01,20140703,12
AFG,AUS,19,20070217,2
AFG,AUS,19,20080428,15
AFG,AUS,02,20111120,1
AFG,AUS,03,20090317,4
AFG,AUS,19,20131002,13
AFG,AUS,04,20070327,5
AFG,AUS,19,20120326,2
AFG,AUS,16,20090514,2
AFG,AUS,01,20120514,4
AFG,AUS,19,20090720,5
AFR,AUS,11,20140410,4
AFR,AUS,05,20101015,1
AFR,AUS,11,20111214,1
AFR,AUS,04,20100129,2
AFR,AUS,03,20081123,9
AFR,AUS,01,20120119,18
AGO,AUS,04,20091108,4
ARE,AUS,05,20100211,8
ARE,AUS,04,20120813,4
ARG,AUS,11,20130619,1
ARG,AUS,01,20090130,4
ARG,AUS,19,20090117,2
AUS,AUS,03,20130828,3
AUS,AUS,05,20090402,3
AUS,AUS,13,20130131,6
AUS,AUS,03,20120402,18
AUS,AUS,17,20110207,4
AUS,AUS,09,20070911,5
AUS,AUS,09,20080711,5
AUS,AUS,01,20090623,10
AUS,AUS,02,20130122,4
AUS,AUS,05,20141101,4
AUS,AUS,17,20080716,4
AUS,AUS,02,20131109,2
AUS,AUS,05,20131019,2
AUS,AUS,04,20141209,30
AUS,AUS,03,20060421,5
AUS,AUS,04,20100223,2
AUS,AUS,04,20140731,2
AUS,AUS,02,20141029,48
AUS,AUS,19,20121109,4
AUS,AUS,01,20080829,6
AUS,AUS,02,20101224,8
AUS,AUS,04,20130104,5
AUS,AUS,12,20140828,1
AUS,AUS,11,20110919,5
AUS,AUS,02,20101209,3
AUS,AUS,12,20131125,2
AUS,AUS,12,20100613,10
AUS,AUS,01,20140720,128
AUS,AUS,17,20121025,5
AUS,AUS,01,20130804,12
AUS,AUS,10,20040127,1
AUS,AUS,07,20010925,4
AUS,AUS,17,20090209,2
AUS,AUS,05,20070729,6
AUS,AUS,01,20141209,36
AUS,AUS,17,20090316,4
AUS,AUS,11,20040728,4
AUS,AUS,01,20140123,4
AUS,AUS,02,20030704,8
AUS,AUS,09,20140526,10
AUS,AUS,02,20110405,13
AUS,AUS,07,20121005,4
AUS,AUS,17,20110403,1
AUS,AUS,03,20140821,14
AUS,AUS,19,20130831,8
AUS,AUS,05,20140324,19
AUS,AUS,05,20060523,4
AUS,AUS,16,20091215,4
AUS,AUS,05,20080711,30
AUS,AUS,12,20081107,6
AUS,AUS,01,20050722,2
AUS,AUS,04,20090127,4
AUS,AUS,17,20141229,59
AUS,AUS,11,20140423,10
AUS,AUS,11,20130804,4
AUS,AUS,02,20100501,12
AUS,AUS,13,20130830,4
AUS,AUS,01,20140326,3
AUS,AUS,03,20100202,6
AUS,AUS,19,20100920,4
AUS,AUS,05,20140710,4
AUS,AUS,06,20111126,3
AUS,AUS,01,20070917,5
AUS,AUS,04,20141218,4
AUS,AUS,09,20130713,1
AUS,AUS,01,20101105,2
AUS,AUS,06,20140113,6
AUS,AUS,05,20100426,2
AUS,AUS,01,20090916,14
AUS,AUS,10,20100704,2
AUS,AUS,05,20120821,10
AUS,AUS,17,20090825,2
AUS,AUS,02,20070224,2
AUS,AUS,14,20140822,1
AUS,AUS,02,20140728,40
AUS,AUS,09,20081030,7
AUS,AUS,09,20140623,18
AUS,AUS,01,20121225,10
AUS,AUS,01,20091106,26
AUS,AUS,01,20140530,5
AUS,AUS,01,20121011,14
AUS,AUS,01,20091124,1
AUS,AUS,10,20040921,2
AUS,AUS,09,20081114,4
AUS,AUS,02,20150117,12
AUS,AUS,01,20110223,5
AUS,AUS,11,20131104,6
AUS,AUS,12,20090924,2
AUS,AUS,01,20090702,2
AUS,AUS,07,20130326,10
AUS,AUS,13,20130311,4
AUS,AUS,05,20140926,92
AUS,AUS,17,20060306,3
AUS,AUS,10,20080103,7
AUS,AUS,11,20040417,3
AUS,AUS,01,20080121,3
AUS,AUS,19,20111102,4
AUS,AUS,03,20071125,18
AUS,AUS,03,20130624,3
AUS,AUS,12,20130725,2
AUS,AUS,01,20110816,9
AUS,AUS,04,20080331,5
AUS,AUS,04,20090416,8
AUS,AUS,02,20100906,13
AUS,AUS,02,20150106,6
AUS,AUS,04,20130219,8
AUS,AUS,02,20070521,4
AUS,AUS,16,20130312,2
AUS,AUS,08,20140824,2
AUS,AUS,04,20121026,30
AUS,AUS,11,20140427,8
AUS,AUS,02,20091111,28
AUS,AUS,09,20130125,8
AUS,AUS,05,20140625,10
AUS,AUS,03,20090427,7
AUS,AUS,02,20120128,1
AUS,AUS,06,20130204,2
AUS,AUS,01,20131022,10
AUS,AUS,19,20091211,7
AUS,AUS,03,20021018,10
AUS,AUS,17,20120415,4
AUS,AUS,17,20150107,2
AUS,AUS,11,20131116,4
AUS,AUS,04,20100513,6
AUS,AUS,01,20080624,2
AUS,AUS,01,20090807,7
AUS,AUS,04,20091017,18
AUS,AUS,12,20120814,12
AUS,AUS,12,20121001,6
AUS,AUS,09,20110822,9
AUS,AUS,06,20081203,5
AUS,AUS,05,20111223,2
AUS,AUS,04,20000927,1
AUS,AUS,01,20091122,40
AUS,AUS,07,20130317,2
AUS,AUS,09,20130731,6
AUS,AUS,04,20100219,5
AUS,AUS,02,20110202,2
AUS,AUS,13,20070909,18
AUS,AUS,19,20100922,2
AUS,AUS,12,20091216,7
AUS,AUS,19,20140910,6
AUS,AUS,11,20110805,2
AUS,AUS,02,20090324,9
AUS,AUS,01,20100111,16
AUS,AUS,04,20120813,2
AUS,AUS,05,20140922,4
AUS,AUS,01,20100309,8
AUS,AUS,02,20120420,2
AUS,AUS,09,20110316,5
AUS,AUS,02,20091213,4
AUS,AUS,05,20081114,18
AUS,AUS,04,20140714,3
AUS,AUS,05,20150125,36
AUS,AUS,03,20100120,1
AUS,AUS,11,20111116,10
AUS,AUS,05,20110620,6
AUS,AUS,01,20130606,2
AUS,AUS,04,20081128,7
AUS,AUS,09,20130808,4
AUS,AUS,02,20110117,3
AUS,AUS,02,20100929,28
AUS,AUS,04,20141113,4
AUS,AUS,02,20051030,1
AUS,AUS,02,20141010,12
AUS,AUS,04,20120306,65
AUS,AUS,03,20121220,4
AUS,AUS,07,20100912,4
AUS,AUS,10,20130419,2
AUS,AUS,11,20000519,6
AUS,AUS,05,20030213,5
AUS,AUS,06,20130624,2
AUS,AUS,16,20100918,2
AUS,AUS,15,20021128,4
AUS,AUS,13,20130321,2
AUS,AUS,05,20140911,12
AUS,AUS,08,20121226,8
AUS,AUS,01,20130109,24
AUS,AUS,02,20120705,36
AUS,AUS,13,20120311,11
AUS,AUS,01,20120816,6
AUS,AUS,01,20010815,1
AUS,AUS,01,20100903,3
AUS,AUS,19,20100919,4
BEL,AUS,03,20080618,6
BEL,AUS,04,20140726,2
BGD,AUS,04,20140314,8
BGD,AUS,07,20090819,29
BHS,AUS,05,20131014,9
BRA,AUS,01,20140317,6
BRA,AUS,04,20141110,2
BRA,AUS,03,20111101,16
BRA,AUS,19,20100119,7
BRA,AUS,11,20061103,6
BRA,AUS,04,20140922,7
BRB,AUS,04,20140128,2
CAN,AUS,04,20111030,2
CAN,AUS,12,20120302,1
CAN,AUS,11,20141013,1
CAN,AUS,17,20140426,2
CAN,AUS,01,20131007,8
CAN,AUS,04,20131023,2
CAN,AUS,04,20061113,2
CAN,AUS,04,20000217,2
CAN,AUS,01,20101024,16
CAN,AUS,11,20141126,32
CAN,AUS,04,20130922,24
CAN,AUS,05,20101207,4
CAN,AUS,03,20131219,2
CAN,AUS,04,20141022,8
CAN,AUS,05,20121207,16
CAN,AUS,07,20110802,2
CAN,AUS,04,20131229,6
CAN,AUS,04,20101118,2
CAN,AUS,01,20141003,4
CAN,AUS,10,20141118,12
CHE,AUS,14,20150116,2
CHE,AUS,04,20130910,8
CHE,AUS,07,20110804,8
CHE,AUS,04,20120207,2
CHE,AUS,04,20120918,8
CHL,AUS,03,20120403,1
CHN,AUS,04,20020323,4
CHN,AUS,04,20010916,8
CHN,AUS,05,20120511,1
CHN,AUS,01,20070906,8
CHN,AUS,03,20101210,4
CHN,AUS,02,20140827,4
CHN,AUS,09,20140327,18
CHN,AUS,12,20080325,8
CHN,AUS,05,20060726,7
CHN,AUS,17,20120413,9
CHN,AUS,05,20140410,4
CHN,AUS,04,20110614,10
CHN,AUS,09,20140405,1
CHN,AUS,12,20150114,7
CHN,AUS,17,20120915,6
CHN,AUS,04,20111116,21
CHN,AUS,05,20091211,6
CHN,AUS,04,20120326,2
CHN,AUS,03,20090611,7
CHN,AUS,04,20090903,2
CHN,AUS,17,20030415,6
CHN,AUS,07,20130923,48
CHN,AUS,03,20130821,4
CHN,AUS,16,20130925,20
CHN,AUS,06,20120810,12
CHN,AUS,07,20101127,2
CHN,AUS,07,20110829,9
CHN,AUS,04,20120608,12
CHN,AUS,03,20070112,3
CHN,AUS,11,20140821,8
CHN,AUS,07,20131226,1
CHN,AUS,02,20070905,5
COK,AUS,01,20080617,2
COL,AUS,19,20120515,2
CUB,AUS,04,20091124,42
DEU,AUS,01,20120316,28
DEU,AUS,04,20140407,3
DEU,AUS,01,20140810,1
DEU,AUS,02,20120702,4
DEU,AUS,07,20070326,1
DEU,AUS,04,20121213,2
DJI,AUS,09,20090406,7
DNK,AUS,05,20110701,1
EGY,AUS,04,20070216,7
ERI,AUS,04,20070817,2
ESP,AUS,19,20090201,3
EST,AUS,04,20121023,4
EUR,AUS,04,20130928,22
EUR,AUS,06,20130110,5
EUR,AUS,04,20130706,5
FJI,AUS,13,20000524,8
FJI,AUS,07,20061107,3
FJI,AUS,04,20130925,10
FJI,AUS,03,20100116,26
FJI,AUS,03,20140112,2
FJI,AUS,07,20100813,7
FJI,AUS,04,20080408,4
FJI,AUS,04,20061128,2
FJI,AUS,04,20000727,7
FJI,AUS,05,20141121,1
FJI,AUS,01,20120801,4
FJI,AUS,04,20120430,2
FRA,AUS,05,20140720,4
FRA,AUS,04,20140901,1
FRA,AUS,19,20120103,6
FRA,AUS,03,20110911,6
FRA,AUS,03,20130121,16
FRA,AUS,19,20090809,8
FRA,AUS,03,20071210,1
FRA,AUS,04,20110701,2
FRA,AUS,17,20130323,2
FRA,AUS,04,20140120,1
FRA,AUS,01,20120604,16
FRA,AUS,04,20140517,6
FRA,AUS,04,20110807,1
FRA,AUS,11,20141016,4
FRA,AUS,03,20120816,20
FSM,AUS,01,20110601,9
FSM,AUS,02,20110414,9
GBR,AUS,04,20141126,10
GBR,AUS,04,20111011,1
GBR,AUS,19,20100528,7
GBR,AUS,17,20100529,8
GBR,AUS,11,20100217,3
GBR,AUS,04,20090127,7
GBR,AUS,10,20090814,2
GBR,AUS,17,20080605,2
GBR,AUS,11,20131105,4
GBR,AUS,04,20131129,2
GBR,AUS,03,20091203,9
GBR,AUS,01,20031018,2
GBR,AUS,17,20080828,6
GBR,AUS,10,20100817,1
GBR,AUS,17,20100205,2
GBR,AUS,05,20130731,8
GBR,AUS,01,20140617,24
GBR,AUS,04,20130104,2
GBR,AUS,04,20150208,6
GBR,AUS,04,20140428,1
GBR,AUS,01,20110811,3
GBR,AUS,18,20110210,1
GBR,AUS,04,20101114,2
GBR,AUS,07,20130212,10
GBR,AUS,07,20140315,2
GBR,AUS,04,20100211,4
GBR,AUS,01,20121030,1
GBR,AUS,04,20141116,2
GBR,AUS,05,20140529,10
GBR,AUS,04,20111029,16
GBR,AUS,04,20110217,1
GBR,AUS,04,20090226,2
GBR,AUS,09,20140725,1
GBR,AUS,02,20121208,1
GBR,AUS,03,20110414,6
GBR,AUS,01,20080416,4
GBR,AUS,17,20120704,2
GBR,AUS,19,20120323,1
GBR,AUS,04,20130627,8
GBR,AUS,04,20110902,10
GBR,AUS,04,20140818,7
GBR,AUS,04,20140518,1
GBR,AUS,05,20070329,1
GBR,AUS,04,20140919,4
GBR,AUS,17,20130723,8
GBR,AUS,03,20141112,4
GBR,AUS,01,20110419,2
GBR,AUS,04,20110904,4
GBR,AUS,19,20110320,10
GBR,AUS,04,20110304,1
GHA,AUS,07,20080818,4
GHA,AUS,04,20090227,4
GHA,AUS,04,20141212,2
GHA,AUS,12,20101023,10
GHA,AUS,01,20140523,3
GRC,AUS,10,20100211,9
GRC,AUS,19,20131005,12
GRC,AUS,09,20070606,5
GRC,AUS,03,20131002,10
GRD,AUS,01,20081213,6
HRV,AUS,04,20081017,5
HTI,AUS,04,20100113,11
HUN,AUS,17,20120815,4
HUN,AUS,11,20091216,2
IDN,AUS,04,20150129,2
IDN,AUS,08,20140209,12
IDN,AUS,17,20150119,90
IDN,AUS,17,20111219,56
IDN,AUS,04,20090624,2
IDN,AUS,05,20110414,4
IDN,AUS,04,20091004,10
IDN,AUS,01,20100805,2
IDN,AUS,07,20120622,2
IDN,AUS,08,20120315,7
IDN,AUS,11,20080218,6
IDN,AUS,04,20130630,4
IDN,AUS,05,20140207,2
IDN,AUS,04,20060811,2
IDN,AUS,04,20120613,8
IDN,AUS,04,20070904,3
IDN,AUS,02,20080214,9
IDN,AUS,17,20060906,10
IDN,AUS,04,20111116,3
IDN,AUS,04,20131117,3
IDN,AUS,11,20040423,1
IDN,AUS,04,20110331,2
IDN,AUS,03,20030912,1
IDN,AUS,02,20140918,18
IDN,AUS,05,20130918,10
IDN,AUS,04,20091021,2
IDN,AUS,04,20120826,6
IDN,AUS,17,20091208,2
IDN,AUS,04,20030218,14
IDN,AUS,01,20090924,9
IDN,AUS,04,20120316,5
IDN,AUS,05,20091111,9
IDN,AUS,16,20140711,1
IDN,AUS,18,20080111,3
IDN,AUS,11,20150208,1
IDN,AUS,05,20070614,4
IDN,AUS,03,20131218,2
IDN,AUS,03,20100118,2
IDN,AUS,04,20140504,16
IDN,AUS,11,20150212,2
IDN,AUS,02,20120623,72
IDN,AUS,05,20060625,7
IDN,AUS,09,20140119,8
IDN,AUS,05,20121220,6
IND,AUS,01,20070730,8
IND,AUS,04,20130917,2
IND,AUS,05,20120506,4
IRL,AUS,04,20130822,1
IRL,AUS,03,20140607,30
IRL,AUS,04,20090813,5
IRL,AUS,09,20140203,2
IRL,AUS,05,20131228,2
IRL,AUS,03,20140306,4
IRL,AUS,01,20131122,2
IRN,AUS,11,20141216,5
IRQ,AUS,04,20100509,2
IRQ,AUS,04,20150127,16
IRQ,AUS,08,20130518,6
IRQ,AUS,09,20071010,18
IRQ,AUS,19,20030420,3
IRQ,AUS,04,20071122,5
IRQ,AUS,10,20040413,7
IRQ,AUS,19,20100424,6
IRQ,AUS,04,20070910,2
ISR,AUS,01,20140501,1
ISR,AUS,17,20100208,2
ISR,AUS,17,20140718,2
ISR,AUS,13,20140816,2
ISR,AUS,04,20110921,2
ISR,AUS,04,20091206,9
ITA,AUS,04,20070125,6
JOR,AUS,13,20141103,6
JOR,AUS,11,20140619,4
JOR,AUS,17,20140930,7
JOR,AUS,03,20030907,1
JPN,AUS,06,20100125,9
JPN,AUS,04,20030715,5
JPN,AUS,09,20140321,1
JPN,AUS,17,20090223,2
JPN,AUS,10,20140609,2
JPN,AUS,19,20090827,2
JPN,AUS,02,20131117,4
JPN,AUS,03,20080229,9
JPN,AUS,01,20091101,8
JPN,AUS,04,20110922,8
JPN,AUS,07,20101228,8
JPN,AUS,12,20110323,2
JPN,AUS,05,20150114,14
JPN,AUS,01,20070603,8
JPN,AUS,01,20070709,9
JPN,AUS,01,20080103,2
JPN,AUS,04,20080627,18
JPN,AUS,03,20081231,4
JPN,AUS,04,20130806,9
JPN,AUS,07,20141231,2
JPN,AUS,09,20140427,14
JPN,AUS,02,20140214,30
KEN,AUS,07,20130924,2
KEN,AUS,19,20121119,20
KHM,AUS,04,20141009,3
KHM,AUS,01,20130820,1
KIR,AUS,04,20020815,2
KOR,AUS,06,20140407,8
KOR,AUS,05,20120209,1
KOR,AUS,05,20050804,8
KOR,AUS,13,20130421,10
KOR,AUS,05,20091216,1
KOR,AUS,06,20010506,7
LAO,AUS,01,20131019,6
LBN,AUS,04,20140204,10
LBN,AUS,04,20060727,2
LBR,AUS,17,20111107,2
LBR,AUS,05,20080131,2
LBY,AUS,18,20100913,1
LKA,AUS,09,20120418,2
LKA,AUS,12,20140822,1
LKA,AUS,03,20120128,4
LKA,AUS,01,20130725,4
LKA,AUS,12,20131110,14
LKA,AUS,19,20121214,2
LKA,AUS,04,20100422,1
LKA,AUS,04,20140528,3
LTU,AUS,04,20130911,1
MAR,AUS,05,20111213,6
MAR,AUS,03,20120325,8
MAR,AUS,11,20081015,2
MAR,AUS,04,20100510,1
MCO,AUS,05,20080718,2
MEX,AUS,12,20030721,1
MEX,AUS,04,20120620,4
MEX,AUS,05,20140213,1
MEX,AUS,04,20130723,54
MMR,AUS,13,20120424,5
MMR,AUS,03,20131120,20
MMR,AUS,04,20110702,19
MRT,AUS,06,20040830,1
MYS,AUS,14,20100217,6
MYS,AUS,06,20140428,10
MYS,AUS,04,20140905,10
MYS,AUS,06,20070918,6
MYS,AUS,06,20150104,4
MYS,AUS,09,20140310,6
MYS,AUS,01,20140619,12
MYS,AUS,04,20140810,60
MYS,AUS,04,20120814,91
MYS,AUS,05,20041014,9
MYS,AUS,04,20080808,5
MYS,AUS,05,20110901,5
MYS,AUS,01,20140610,14
MYS,AUS,11,20090212,2
NGA,AUS,04,20060630,2
NGA,AUS,05,20121110,4
NGA,AUS,19,20120503,9
NGA,AUS,19,20130812,2
NGA,AUS,19,20100209,3
NGA,AUS,04,20130910,2
NLD,AUS,04,20130516,2
NLD,AUS,03,20140726,2
NLD,AUS,04,20140906,7
NLD,AUS,04,20140903,8
NLD,AUS,10,20080719,2
NMR,AUS,04,20140312,4
NMR,AUS,06,20120604,16
NMR,AUS,04,20121213,6
NOR,AUS,03,20071124,3
NPL,AUS,08,20131014,4
NRU,AUS,14,20121103,6
NZL,AUS,17,20120411,1
NZL,AUS,04,20071211,9
NZL,AUS,03,20140710,6
NZL,AUS,02,20140614,2
NZL,AUS,05,20020507,1
NZL,AUS,04,20100819,6
NZL,AUS,04,20071210,1
NZL,AUS,19,20120223,5
NZL,AUS,02,20130826,4
NZL,AUS,06,20110613,2
NZL,AUS,17,20111113,2
NZL,AUS,11,20080714,1
NZL,AUS,03,20070910,9
NZL,AUS,03,20140507,4
NZL,AUS,04,20120127,12
NZL,AUS,03,20080711,2
NZL,AUS,01,20070820,5
NZL,AUS,06,20110303,5
NZL,AUS,09,20130820,5
NZL,AUS,04,20090424,15
NZL,AUS,04,20110226,1
NZL,AUS,04,20040302,5
NZL,AUS,04,20101103,3
NZL,AUS,05,20100719,2
NZL,AUS,04,20090424,16
NZL,AUS,01,20120409,8
OMN,AUS,05,20110410,8
PAK,AUS,19,20101222,2
PAK,AUS,17,20111120,18
PAK,AUS,04,20070824,2
PAK,AUS,17,20040510,3
PAK,AUS,04,20090417,5
PAK,AUS,04,20030817,1
PAK,AUS,19,20091222,12
PER,AUS,05,20120426,6
PHL,AUS,04,20121027,1
PHL,AUS,05,20061127,3
PHL,AUS,06,20140512,6
PHL,AUS,04,20140729,4
PHL,AUS,04,20071103,2
PHL,AUS,01,20131029,4
PHL,AUS,11,20150216,4
PHL,AUS,02,20110617,8
PNG,AUS,04,20141008,60
PNG,AUS,19,20130912,4
PNG,AUS,04,20140925,162
PNG,AUS,02,20150217,6
PNG,AUS,03,20111011,4
QAT,AUS,03,20091206,1
QAT,AUS,05,20110925,4
QAT,AUS,17,20140704,1
RUS,AUS,04,20070416,4
RUS,AUS,04,20131228,8
RUS,AUS,17,20131018,14
RUS,AUS,04,20100806,4
RUS,AUS,09,20140706,2
RUS,AUS,01,20150210,1
RUS,AUS,04,20141115,5
SAS,AUS,04,20001204,5
SAU,AUS,06,20140415,1
SAU,AUS,04,20141113,36
SAU,AUS,01,20140413,5
SAU,AUS,04,20110405,4
SEA,AUS,18,20080612,1
SEA,AUS,04,20131125,10
SEA,AUS,05,20120512,4
SEA,AUS,06,20090303,2
SGP,AUS,04,20111028,8
SGP,AUS,17,20120530,2
SGP,AUS,09,20120803,8
SGP,AUS,04,20101216,1
SGP,AUS,06,20130201,7
SGP,AUS,01,20031109,1
SGP,AUS,01,20141003,2
SGP,AUS,01,20051123,14
SGP,AUS,18,20130725,5
SLB,AUS,02,20030101,1
SLE,AUS,05,20090415,1
SOM,AUS,19,20081203,4
SOM,AUS,04,20090723,20
SWE,AUS,06,20080226,2
SWE,AUS,04,20071219,6
SWE,AUS,18,20101211,1
SWE,AUS,17,20120131,4
SWE,AUS,17,20101217,7
SWE,AUS,18,20101130,10
SYC,AUS,04,20120408,21
SYC,AUS,03,20120321,4
SYC,AUS,01,20110912,4
SYC,AUS,03,20100221,2
SYC,AUS,04,20120226,29
SYC,AUS,04,20140428,8
SYC,AUS,04,20100922,3
SYC,AUS,03,20100115,3
SYC,AUS,04,20090831,1
SYC,AUS,02,20101205,3
SYC,AUS,03,20110310,8
SYR,AUS,04,20141228,8
SYR,AUS,19,20131209,6
SYR,AUS,04,20150209,42
SYR,AUS,04,20060207,2
SYR,AUS,04,20131019,8
TGO,AUS,04,20101117,3
THA,AUS,11,20150121,3
THA,AUS,05,20130926,1
THA,AUS,04,20130121,1
THA,AUS,04,20120211,2
THA,AUS,03,20090910,18
THA,AUS,04,20090611,4
THA,AUS,04,20090805,6
THA,AUS,03,20031020,2
THA,AUS,19,20120323,4
TMP,AUS,04,20041205,8
TMP,AUS,19,20080310,6
TMP,AUS,17,20070527,4
TMP,AUS,03,20060529,7
TUR,AUS,06,20081015,2
TUR,AUS,19,20081027,7
TUR,AUS,04,20141028,18
TUR,AUS,04,20131205,1
TUV,AUS,05,20020107,18
UGA,AUS,04,20040524,2
UKR,AUS,07,20140711,4
UKR,AUS,05,20131129,4
UKR,AUS,04,20131112,5
USA,AUS,05,20130719,1
USA,AUS,11,20110530,6
USA,AUS,01,20140828,8
USA,AUS,01,20090507,3
USA,AUS,02,20140513,10
USA,AUS,11,20110710,2
USA,AUS,09,20080630,2
USA,AUS,01,20090215,2
USA,AUS,02,20110916,8
USA,AUS,01,20131004,4
USA,AUS,04,20141230,35
USA,AUS,01,20080306,2
USA,AUS,04,20080605,4
USA,AUS,01,20120212,2
USA,AUS,03,20130910,5
USA,AUS,01,20100817,4
USA,AUS,09,20141006,2
USA,AUS,06,20131225,5
USA,AUS,06,20131113,2
USA,AUS,06,20030326,2
USA,AUS,17,20120112,2
USA,AUS,08,20141121,2
USA,AUS,01,20100204,2
USA,AUS,01,20131113,2
USA,AUS,09,20100611,2
USA,AUS,17,20140911,8
USA,AUS,09,20140403,1
USA,AUS,02,20040706,4
USA,AUS,03,20140609,2
USA,AUS,05,20110629,4
USA,AUS,04,20140604,6
USA,AUS,19,20080514,8
USA,AUS,04,20100626,16
USA,AUS,04,20090907,9
USA,AUS,01,20140629,2
USA,AUS,05,20121114,10
USA,AUS,01,20100923,2
USA,AUS,01,20101005,1
USA,AUS,12,20140428,7
USA,AUS,03,20121004,4
USA,AUS,02,20100429,5
USA,AUS,04,20131223,10
USA,AUS,04,20100118,4
USA,AUS,17,20101125,37
USA,AUS,05,20101010,1
USA,AUS,01,20141114,10
USA,AUS,11,20130824,8
USA,AUS,04,20100511,4
USA,AUS,11,20140314,10
USA,AUS,04,20120303,9
USA,AUS,03,20030808,6
USA,AUS,07,20120527,6
USA,AUS,04,20100126,56
USA,AUS,04,20140212,50
USA,AUS,05,20130918,3
USA,AUS,18,20111127,4
USA,AUS,11,20140505,3
USA,AUS,04,20130806,12
USA,AUS,19,20140930,4
USA,AUS,17,20080803,5
USA,AUS,01,20100210,8
USA,AUS,01,20140214,8
USA,AUS,03,20100918,9
USA,AUS,17,20090612,9
USA,AUS,19,20090903,3
USA,AUS,08,20140312,2
USA,AUS,03,20121125,1
USA,AUS,03,20090820,10
USA,AUS,17,20071011,5
USA,AUS,02,20140522,10
USA,AUS,04,20121104,18
USA,AUS,12,20141028,3
USA,AUS,04,20100817,25
USA,AUS,04,20131107,1
USA,AUS,01,20110107,2
USA,AUS,03,20131218,9
USA,AUS,05,20120501,7
USA,AUS,01,20150131,6
USA,AUS,10,20070719,5
USA,AUS,01,20100223,1
USA,AUS,04,20150118,12
USA,AUS,01,20091126,18
USA,AUS,03,20091001,2
USA,AUS,19,20150218,8
USA,AUS,04,20130530,1
USA,AUS,02,20140708,20
USA,AUS,04,20140225,1
USA,AUS,08,20120223,5
USA,AUS,05,20070605,2
USA,AUS,16,20140319,2
USA,AUS,05,20051018,6
USA,AUS,05,20140429,4
USA,AUS,16,20120530,2
USA,AUS,19,20090624,2
USA,AUS,18,20141214,5
USA,AUS,19,20130809,2
USA,AUS,04,20090106,1
USA,AUS,03,20131216,5
USA,AUS,03,20070531,9
USA,AUS,11,20081015,4
USA,AUS,17,20100316,13
USA,AUS,06,20081010,2
USA,AUS,03,20030121,2
USA,AUS,02,20100315,3
USA,AUS,05,20140819,8
USA,AUS,08,20120728,5
USA,AUS,04,20111125,3
USA,AUS,04,20100130,1
USA,AUS,05,20121114,1
USA,AUS,07,20080715,4
USA,AUS,18,20140113,12
USA,AUS,01,20130324,1
USA,AUS,06,20120120,5
USA,AUS,04,20141011,2
USA,AUS,15,20120403,45
USA,AUS,04,20120929,6
USA,AUS,04,20090112,3
USA,AUS,03,20121107,6
USA,AUS,11,20121027,9
USA,AUS,17,20070102,3
USA,AUS,04,20140720,10
VNM,AUS,05,20140805,2
VNM,AUS,03,20121020,2
VNM,AUS,04,20110527,1
VNM,AUS,05,20110414,7
VNM,AUS,17,20070507,39
ZAF,AUS,04,20140805,2
ZMB,AUS,03,20130827,4
ZWE,AUS,06,20060629,2
ZWE,AUS,06,20131229,26
ARE,AUT,04,20140201,2
ARM,AUT,03,20120623,10
AUS,AUT,04,20131015,4
AUS,AUT,04,20080616,105
AUT,AUT,01,20150121,2
AUT,AUT,04,20000907,3
AUT,AUT,01,20040626,5
AUT,AUT,11,20101126,8
AUT,AUT,03,20000210,4
AUT,AUT,01,20080615,2
AUT,AUT,08,20090429,4
AUT,AUT,01,20090606,2
AUT,AUT,09,20121207,4
AUT,AUT,11,20100907,1
AUT,AUT,09,20121207,2
AUT,AUT,05,20000921,7
AUT,AUT,04,20040707,9
AUT,AUT,01,20140716,4
AUT,AUT,07,20111117,3
AUT,AUT,01,20140218,9
AUT,AUT,01,20000510,2
AUT,AUT,13,20100729,5
AUT,AUT,17,20131112,1
AUT,AUT,01,20000707,3
AUT,AUT,03,20081114,2
AUT,AUT,01,20100930,5
AUT,AUT,01,20131017,7
AUT,AUT,04,20020313,2
AUT,AUT,11,20000418,4
AUT,AUT,04,20041211,12
AUT,AUT,04,20140409,1
AUT,AUT,03,20081104,2
AUT,AUT,09,20001026,4
AUT,AUT,01,20001115,4
AUT,AUT,17,20070615,5
AUT,AUT,19,20130718,4
AUT,AUT,02,20130318,4
AUT,AUT,01,20070823,240
AZE,AUT,03,20130516,2
AZE,AUT,04,20111011,2
BEL,AUT,01,20090513,1
BGR,AUT,04,20051228,1
BGR,AUT,05,20040916,2
BLR,AUT,11,20091218,5
BLR,AUT,04,20101007,4
CHE,AUT,04,20110309,1
CZE,AUT,04,20050929,1
DEU,AUT,06,20131126,2
DEU,AUT,04,20140226,9
DEU,AUT,04,20140711,34
DEU,AUT,04,20111020,8
DEU,AUT,04,20140715,6
DEU,AUT,03,20000305,3
DEU,AUT,03,20090909,6
DEU,AUT,04,20110414,2
DEU,AUT,18,20140616,4
DEU,AUT,02,20140819,4
DEU,AUT,04,20140304,8
DNK,AUT,04,20140425,1
EGY,AUT,07,20090917,1
EGY,AUT,04,20090212,6
EGY,AUT,11,20050219,6
ESP,AUT,04,20100215,1
ESP,AUT,04,20140708,5
ESP,AUT,08,20120725,2
EUR,AUT,04,20130414,4
EUR,AUT,01,20060124,5
EUR,AUT,04,20101130,1
EUR,AUT,03,20131118,1
EUR,AUT,01,20110720,9
EUR,AUT,04,20101210,12
FRA,AUT,14,20140316,2
FRA,AUT,02,20000202,3
FRA,AUT,03,20000203,1
GBR,AUT,17,20150123,1
GBR,AUT,03,20140712,4
GBR,AUT,05,20011226,1
GBR,AUT,18,20130103,30
GBR,AUT,05,20150124,8
GBR,AUT,13,20120216,1
GBR,AUT,03,20080114,6
GBR,AUT,05,20150113,1
GEO,AUT,03,20051016,5
GRC,AUT,01,20000222,2
HRV,AUT,11,20100513,1
HRV,AUT,11,20060128,4
HRV,AUT,07,20110302,4
HRV,AUT,02,20110126,8
HRV,AUT,08,20120125,1
HUN,AUT,19,20120627,94
HUN,AUT,01,20010113,18
HUN,AUT,01,20090903,4
HUN,AUT,03,20090713,2
HUN,AUT,04,20080501,8
IRN,AUT,04,20141122,18
IRN,AUT,12,20140716,1
IRN,AUT,12,20130827,3
IRN,AUT,04,20060422,7
IRN,AUT,04,20070713,2
IRN,AUT,03,20010725,9
IRQ,AUT,17,20090601,6
IRQ,AUT,01,20131207,2
ISR,AUT,01,20100219,4
ISR,AUT,11,20030729,7
ISR,AUT,08,20131123,7
ITA,AUT,04,20121006,10
ITA,AUT,04,20070907,8
ITA,AUT,05,20000326,2
ITA,AUT,01,20141205,18
ITA,AUT,01,20150107,10
KAZ,AUT,01,20110629,2
LBY,AUT,04,20110223,1
LBY,AUT,04,20040121,2
LKA,AUT,07,20040312,2
LKA,AUT,04,20091121,4
MAR,AUT,04,20140813,24
MEX,AUT,01,20140122,4
MEX,AUT,01,20131114,10
MEX,AUT,04,20100831,1
MEX,AUT,04,20100903,1
MLI,AUT,04,20081101,3
NGA,AUT,04,20110713,2
NLD,AUT,05,20080716,1
NLD,AUT,04,20131118,12
NOR,AUT,04,20090825,28
NOR,AUT,05,20141001,12
PAK,AUT,04,20011028,2
PAK,AUT,16,20110831,4
POL,AUT,04,20100913,1
POL,AUT,03,20061220,1
POL,AUT,12,20070921,6
POL,AUT,06,20110722,1
RUS,AUT,03,20141121,1
RUS,AUT,04,20051202,1
RUS,AUT,02,20100328,4
RUS,AUT,01,20081201,4
RUS,AUT,04,20060215,1
RUS,AUT,04,20141125,154
RUS,AUT,05,20070522,7
SRB,AUT,04,20150129,21
SRB,AUT,04,20001128,4
SYR,AUT,01,20080210,2
THA,AUT,01,20081203,1
TKM,AUT,01,20111012,4
TTO,AUT,04,20140530,4
TUR,AUT,02,20080818,4
USA,AUT,03,20100222,2
USA,AUT,04,20140306,1
USA,AUT,02,20140910,1
USA,AUT,17,20141208,1
USA,AUT,09,20120508,2
USA,AUT,02,20080808,6
USA,AUT,11,20020406,5
USA,AUT,04,20091111,4
USA,AUT,07,20061115,7
USA,AUT,10,20010521,1
VEN,AUT,04,20101014,1
AFG,AZE,03,20130903,16
AFG,AZE,01,20060504,1
AFG,AZE,05,20060902,6
AFG,AZE,04,20011017,2
AFR,AZE,06,20110427,3
ARM,AZE,01,20100619,7
ARM,AZE,03,20101031,16
ARM,AZE,07,20140514,4
ARM,AZE,19,20141127,6
ARM,AZE,19,20140927,20
ARM,AZE,03,20110726,8
ARM,AZE,06,20110305,2
ARM,AZE,03,20131214,4
ARM,AZE,03,20130618,4
ARM,AZE,04,20100226,8
ARM,AZE,04,20100704,20
ARM,AZE,19,20080321,9
ARM,AZE,04,20130805,10
ARM,AZE,17,20091211,1
ARM,AZE,02,20130212,6
ARM,AZE,05,20110224,8
ARM,AZE,09,20020413,3
ARM,AZE,03,20020812,4
ARM,AZE,17,20140226,2
ARM,AZE,19,20040225,8
ARM,AZE,02,20010903,8
ARM,AZE,04,20140903,4
ARM,AZE,11,20120413,2
ARM,AZE,04,20110425,4
ARM,AZE,19,20140227,1
ARM,AZE,19,20100727,4
ARM,AZE,05,20110701,4
ARM,AZE,19,20100108,1
ARM,AZE,04,20130910,4
ARM,AZE,02,20110706,5
ARM,AZE,04,20040519,12
ARM,AZE,19,20120725,1
ARM,AZE,03,20140407,1
ARM,AZE,11,20140504,1
ARM,AZE,01,20140810,4
ARM,AZE,01,20080206,4
ARM,AZE,05,20050321,4
ARM,AZE,04,20111005,9
ARM,AZE,19,20070530,7
ARM,AZE,03,20101209,1
AUT,AZE,05,20131128,6
AUT,AZE,01,20140322,2
AZE,AZE,04,20091103,1
AZE,AZE,02,20060311,2
AZE,AZE,01,20140428,10
AZE,AZE,01,20010614,9
AZE,AZE,01,20120807,6
AZE,AZE,01,20110326,6
AZE,AZE,02,20121022,8
AZE,AZE,01,20120531,5
AZE,AZE,02,20110823,4
AZE,AZE,10,20140317,10
AZE,AZE,04,20090209,3
AZE,AZE,17,20081112,4
AZE,AZE,04,20150107,4
AZE,AZE,04,20041005,5
AZE,AZE,04,20021026,6
AZE,AZE,17,20070516,5
AZE,AZE,05,20150130,1
AZE,AZE,01,20110526,2
AZE,AZE,01,20110923,4
AZE,AZE,04,20030616,9
AZE,AZE,08,20020523,3
AZE,AZE,03,20131128,4
AZE,AZE,01,20100918,2
AZE,AZE,03,20100518,3
AZE,AZE,04,20141031,2
AZE,AZE,05,20121129,12
AZE,AZE,09,20111117,2
AZE,AZE,01,20120516,3
AZE,AZE,01,20040304,1
AZE,AZE,11,20021009,5
AZE,AZE,04,20130911,6
AZE,AZE,03,20091222,2
AZE,AZE,03,20091111,4
AZE,AZE,11,20130617,6
AZE,AZE,04,20121103,4
AZE,AZE,05,20120914,3
AZE,AZE,05,20130318,4
AZE,AZE,05,20110928,2
AZE,AZE,05,20000902,2
AZE,AZE,04,20110606,9
AZE,AZE,01,20110812,1
BEL,AZE,04,20130212,2
BGR,AZE,05,20110408,10
BGR,AZE,04,20111013,4
BLR,AZE,05,20141219,2
BLR,AZE,04,20110311,2
BLR,AZE,04,20131018,8
BLR,AZE,01,20090204,1
BLR,AZE,04,20110111,9
CAN,AZE,01,20101216,8
CHN,AZE,04,20030429,2
CHN,AZE,01,20001025,2
CUB,AZE,04,20060928,4
DEU,AZE,05,20120514,7
DEU,AZE,04,20120205,4
DEU,AZE,04,20101130,2
EGY,AZE,01,20100128,1
ESP,AZE,04,20121122,2
ESP,AZE,04,20071130,7
EUR,AZE,18,20140211,32
EUR,AZE,05,20110214,2
EUR,AZE,05,20140212,15
EUR,AZE,04,20130705,40
EUR,AZE,01,20110923,5
EUR,AZE,03,20110615,5
EUR,AZE,04,20090529,9
EUR,AZE,04,20130129,8
EUR,AZE,02,20110620,5
EUR,AZE,03,20140212,4
EUR,AZE,10,20081016,2
EUR,AZE,04,20090925,1
EUR,AZE,04,20101006,11
EUR,AZE,01,20000908,2
EUR,AZE,04,20090916,4
EUR,AZE,05,20131002,2
EUR,AZE,04,20050613,2
EUR,AZE,09,20111128,4
EUR,AZE,01,20111028,9
EUR,AZE,04,20120718,5
FRA,AZE,05,20141225,4
FRA,AZE,03,20110205,4
FRA,AZE,10,20150202,4
FRA,AZE,04,20100703,5
GBR,AZE,04,20030825,4
GBR,AZE,04,20140908,20
GBR,AZE,05,20021010,5
GBR,AZE,01,20110921,1
HUN,AZE,04,20141111,10
HUN,AZE,05,20101221,4
HUN,AZE,05,20140924,1
HUN,AZE,04,20090417,1
HUN,AZE,08,20121006,2
IRN,AZE,02,20000315,2
IRN,AZE,03,20090313,8
IRN,AZE,12,20120214,18
IRN,AZE,02,20070608,3
IRN,AZE,17,20121107,2
IRN,AZE,04,20140303,8
IRN,AZE,04,20020725,3
IRN,AZE,04,20091228,1
IRN,AZE,11,20140602,1
IRN,AZE,10,20101210,8
IRN,AZE,04,20091221,6
IRN,AZE,04,20101025,3
IRN,AZE,04,20000317,1
IRN,AZE,17,20140403,1
IRN,AZE,01,20050105,4
IRN,AZE,16,20120523,1
IRN,AZE,04,20130708,4
IRN,AZE,04,20110128,8
IRQ,AZE,04,20131205,18
IRQ,AZE,04,20140811,1
ISR,AZE,05,20120116,2
ISR,AZE,03,20141208,4
ITA,AZE,03,20140903,10
KAZ,AZE,03,20080110,1
KAZ,AZE,06,20011003,1
KAZ,AZE,05,20131010,4
KGZ,AZE,04,20140116,2
KOR,AZE,04,20120501,9
KOR,AZE,03,20081204,2
LBN,AZE,04,20070716,2
LVA,AZE,08,20140504,10
PAK,AZE,04,20130303,6
POL,AZE,04,20110407,2
PRK,AZE,04,20091213,1
PRT,AZE,04,20121130,8
PSE,AZE,04,20141008,6
PSE,AZE,11,20130827,1
PSE,AZE,01,20101026,1
RUS,AZE,04,20070905,1
RUS,AZE,01,20140207,4
RUS,AZE,04,20111024,18
RUS,AZE,04,20101103,4
RUS,AZE,04,20070613,4
RUS,AZE,03,20010116,16
RUS,AZE,05,20101114,1
RUS,AZE,04,20100517,3
RUS,AZE,03,20100218,2
RUS,AZE,04,20090327,9
RUS,AZE,16,20110906,2
RUS,AZE,08,20120903,56
RUS,AZE,12,20121229,2
RUS,AZE,06,20130530,6
RUS,AZE,01,20141102,1
RUS,AZE,05,20010803,1
RUS,AZE,04,20100209,2
RUS,AZE,08,20070703,2
RUS,AZE,04,20110425,9
RUS,AZE,05,20080408,3
RUS,AZE,04,20130206,8
RUS,AZE,05,20031105,8
RUS,AZE,01,20130615,10
SAU,AZE,05,20040223,2
SRB,AZE,04,20140625,2
SRB,AZE,05,20141211,4
SVK,AZE,05,20120602,9
SYR,AZE,06,20090720,1
TJK,AZE,11,20090207,2
TKM,AZE,04,20020919,2
TKM,AZE,03,20090828,1
TKM,AZE,05,20000322,3
TKM,AZE,04,20120719,2
TKM,AZE,11,20010730,6
TKM,AZE,04,20090105,1
TKM,AZE,04,20101118,11
TUN,AZE,04,20100430,1
TUR,AZE,04,20130815,8
TUR,AZE,07,20030611,8
TUR,AZE,05,20010817,2
TUR,AZE,04,20010704,2
TUR,AZE,04,20140919,22
TUR,AZE,04,20000717,5
TUR,AZE,04,20081114,4
TUR,AZE,03,20120404,6
TUR,AZE,17,20140426,6
TUR,AZE,04,20140211,5
TUR,AZE,01,20091126,5
TUR,AZE,04,20110330,2
TUR,AZE,04,20140604,2
TUR,AZE,01,20120815,2
TUR,AZE,05,20110726,1
TUR,AZE,04,20120606,4
TUR,AZE,05,20110628,12
TUR,AZE,11,20090405,1
TUR,AZE,01,20100817,5
TUR,AZE,04,20141205,2
TUR,AZE,03,20140404,2
TUR,AZE,05,20100422,4
TUR,AZE,05,20131121,16
TUR,AZE,12,20140830,2
TUR,AZE,04,20000710,3
TUR,AZE,02,20060505,5
TUR,AZE,04,20120827,7
TUR,AZE,02,20110926,6
TUR,AZE,10,20101202,1
TUR,AZE,14,20120419,2
UKR,AZE,17,20091204,5
UKR,AZE,04,20100209,1
UKR,AZE,16,20110223,4
UKR,AZE,05,20141127,8
UKR,AZE,09,20120403,9
UKR,AZE,04,20050319,6
USA,AZE,06,20120419,2
USA,AZE,01,20140415,6
USA,AZE,04,20090605,2
USA,AZE,08,20141209,3
USA,AZE,05,20100924,1
USA,AZE,04,20131119,20
USA,AZE,06,20100705,16
USA,AZE,05,20140720,8
USA,AZE,05,20140131,12
USA,AZE,04,20050218,2
USA,AZE,04,20110410,4
USA,AZE,01,20131120,1
USA,AZE,04,20100705,7
USA,AZE,04,20141212,2
USA,AZE,05,20150205,6
USA,AZE,01,20091117,3
USA,AZE,01,20091103,9
USA,AZE,05,20020430,2
USA,AZE,02,20150124,10
UZB,AZE,04,20100316,2
UZB,AZE,05,20061112,1
WST,AZE,01,20120611,5
WST,AZE,03,20130207,8
AFR,BDI,03,20031003,2
AFR,BDI,05,20060128,3
AFR,BDI,13,20030820,3
AFR,BDI,04,20130319,2
AFR,BDI,06,20050608,3
AFR,BDI,04,20000306,1
AGO,BDI,03,20091018,1
AGO,BDI,01,20100825,1
BDI,BDI,05,20110701,2
BDI,BDI,08,20130328,6
BDI,BDI,01,20020301,3
BDI,BDI,11,20140228,19
BDI,BDI,08,20021127,2
BDI,BDI,04,20111112,3
BDI,BDI,05,20021030,4
BDI,BDI,12,20140321,2
BEL,BDI,01,20140503,1
COD,BDI,03,20031218,7
COD,BDI,02,20021012,8
EGY,BDI,12,20101124,2
ETH,BDI,04,20071218,5
ITA,BDI,19,20001012,1
KEN,BDI,04,20111223,2
KEN,BDI,03,20110404,4
KEN,BDI,04,20120613,1
KEN,BDI,04,20120703,8
NAM,BDI,04,20011109,1
RWA,BDI,18,20090608,3
RWA,BDI,04,20110817,7
RWA,BDI,09,20131018,8
RWA,BDI,04,20101202,6
RWA,BDI,04,20041226,8
RWA,BDI,04,20020610,1
RWA,BDI,17,20090427,9
RWA,BDI,04,20050805,4
RWA,BDI,03,20070410,1
SOM,BDI,05,20120518,12
TZA,BDI,01,20020418,4
TZA,BDI,04,20010624,2
TZA,BDI,04,20031101,4
UGA,BDI,11,20131001,2
UGA,BDI,04,20080427,1
UGA,BDI,05,20110624,9
UGA,BDI,06,20070717,3
USA,BDI,07,20091224,4
USA,BDI,08,20030714,1
ZMB,BDI,04,20120926,1
AFG,BEL,04,20100731,5
AFG,BEL,04,20040520,1
AFG,BEL,04,20040606,1
AFG,BEL,04,20150209,3
AFG,BEL,04,20071225,9
ARE,BEL,03,20140505,1
ARM,BEL,01,20111110,4
AUT,BEL,05,20091014,1
AUT,BEL,03,20150112,5
AZE,BEL,04,20130801,1
AZE,BEL,03,20120216,8
BEL,BEL,04,20090409,5
BEL,BEL,03,20121029,2
BEL,BEL,04,20111219,4
BEL,BEL,02,20090218,2
BEL,BEL,09,20141123,2
BEL,BEL,01,20090306,5
BEL,BEL,01,20060513,9
BEL,BEL,01,20071204,8
BEL,BEL,10,20000228,10
BEL,BEL,07,20140926,2
BEL,BEL,04,20090318,2
BEL,BEL,04,20120903,4
BEL,BEL,03,20070312,6
BEL,BEL,01,20150116,9
BEL,BEL,04,20110926,4
BEL,BEL,01,20100202,1
BEL,BEL,14,20040816,2
BEL,BEL,01,20121110,6
BEL,BEL,02,20131114,2
BEL,BEL,01,20080117,2
BEL,BEL,03,20030826,11
BEL,BEL,03,20101202,4
BEL,BEL,10,20010123,4
BEL,BEL,04,20090612,10
BEL,BEL,01,20080716,3
BEL,BEL,01,20020124,1
BEL,BEL,11,20080427,4
BEL,BEL,11,20120408,2
BEL,BEL,05,20101001,2
BEL,BEL,04,20140625,1
BEL,BEL,03,20111123,4
BGR,BEL,05,20101124,1
BGR,BEL,02,20061016,2
BHR,BEL,05,20141119,2
BLR,BEL,01,20120405,4
BRA,BEL,01,20080721,2
CAN,BEL,04,20141222,8
CAN,BEL,03,20110902,2
CHE,BEL,03,20110126,9
CHN,BEL,11,20131212,3
CHN,BEL,11,20130326,1
CHN,BEL,03,20071225,5
CHN,BEL,04,20040428,5
CHN,BEL,04,20121009,8
CHN,BEL,04,20090131,4
CHN,BEL,17,20130929,1
CHN,BEL,03,20091007,9
COD,BEL,04,20020710,8
COD,BEL,05,20000710,2
COG,BEL,04,20141118,2
CZE,BEL,03,20120627,4
DEU,BEL,03,20070329,2
DEU,BEL,04,20101121,4
DEU,BEL,19,20121110,1
DEU,BEL,03,20000318,2
DEU,BEL,04,20010916,16
DEU,BEL,04,20140227,1
DEU,BEL,05,20111026,3
DEU,BEL,17,20060206,2
DEU,BEL,04,20111029,2
DNK,BEL,05,20120605,6
DNK,BEL,16,20150127,2
ECU,BEL,11,20070402,1
ECU,BEL,11,20140605,4
EGY,BEL,04,20120914,2
EGY,BEL,04,20010821,4
EGY,BEL,08,20100301,1
EGY,BEL,04,20050224,4
ESP,BEL,04,20120627,2
ESP,BEL,02,20100604,5
EUR,BEL,06,20120325,3
EUR,BEL,02,20110901,9
EUR,BEL,01,20150206,10
EUR,BEL,04,20090507,1
EUR,BEL,04,20101220,2
EUR,BEL,04,20000124,7
EUR,BEL,04,20101028,6
EUR,BEL,04,20140610,6
EUR,BEL,04,20130423,10
EUR,BEL,04,20090126,2
EUR,BEL,04,20140623,9
EUR,BEL,04,20140402,62
EUR,BEL,12,20140307,8
EUR,BEL,04,20100321,9
EUR,BEL,04,20091218,2
EUR,BEL,16,20140813,4
EUR,BEL,04,20090926,9
EUR,BEL,03,20141127,20
EUR,BEL,04,20080419,2
EUR,BEL,05,20010705,3
EUR,BEL,01,20090618,2
EUR,BEL,05,20010314,4
EUR,BEL,11,20090911,2
EUR,BEL,03,20050322,9
EUR,BEL,04,20011023,14
EUR,BEL,05,20140318,1
EUR,BEL,13,20050401,9
EUR,BEL,03,20140628,3
EUR,BEL,04,20081008,9
EUR,BEL,04,20110920,1
EUR,BEL,01,20140626,5
EUR,BEL,03,20000621,2
EUR,BEL,04,20101017,9
EUR,BEL,04,20130226,10
EUR,BEL,08,20131223,40
FIN,BEL,04,20120613,3
FIN,BEL,04,20121022,109
FRA,BEL,01,20140608,12
FRA,BEL,03,20100503,4
FRA,BEL,03,20091213,7
FRA,BEL,17,20060919,4
FRA,BEL,17,20090610,2
FRA,BEL,01,20130708,6
FRA,BEL,19,20121115,10
FRA,BEL,08,20060509,3
FRA,BEL,04,20010706,6
FRA,BEL,04,20141209,1
FRA,BEL,04,20140604,1
FRA,BEL,17,20140604,1
FRA,BEL,01,20140525,4
FRA,BEL,18,20040714,1
GBR,BEL,01,20120227,1
GBR,BEL,03,20110322,19
GBR,BEL,02,20110716,63
GBR,BEL,02,20111206,24
GBR,BEL,04,20100828,1
GBR,BEL,04,20081202,6
GBR,BEL,04,20040618,9
GBR,BEL,04,20100802,4
GBR,BEL,04,20100203,1
GBR,BEL,19,20141224,18
GBR,BEL,04,20051212,9
GBR,BEL,03,20101201,2
GBR,BEL,02,20100510,2
GRC,BEL,03,20150208,11
GRC,BEL,05,20070411,2
GRC,BEL,03,20140813,10
HRV,BEL,03,20100705,2
HUN,BEL,04,20000417,1
IND,BEL,02,20121123,2
IRL,BEL,04,20140327,6
IRL,BEL,17,20150116,8
IRL,BEL,03,20070618,1
IRN,BEL,01,20140224,2
IRN,BEL,04,20011011,4
IRQ,BEL,11,20030318,5
ISR,BEL,04,20131226,4
ISR,BEL,04,20111213,3
ISR,BEL,04,20101101,3
ISR,BEL,04,20110904,4
ISR,BEL,11,20020124,10
ITA,BEL,04,20050511,7
ITA,BEL,03,20090903,1
ITA,BEL,02,20070228,2
ITA,BEL,12,20040820,2
ITA,BEL,10,20130404,6
ITA,BEL,04,20120910,6
ITA,BEL,01,20120703,6
ITA,BEL,03,20071203,6
JPN,BEL,04,20111004,4
KEN,BEL,01,20110122,2
KOR,BEL,04,20111004,1
KOR,BEL,04,20120525,2
KWT,BEL,04,20111125,1
LBN,BEL,16,20130722,14
LBY,BEL,04,20110225,365
LUX,BEL,05,20100721,2
LUX,BEL,01,20120313,3
LUX,BEL,05,20040426,6
LUX,BEL,05,20110331,1
LUX,BEL,03,20141112,2
MAR,BEL,01,20090326,4
MDV,BEL,01,20140612,5
MKD,BEL,05,20031204,1
MLI,BEL,01,20090618,1
MYS,BEL,05,20101122,7
NLD,BEL,06,20140901,2
NLD,BEL,17,20140308,26
NLD,BEL,04,20101025,2
NLD,BEL,17,20080527,6
NLD,BEL,08,20080326,1
NLD,BEL,05,20131018,6
NLD,BEL,06,20141104,15
NLD,BEL,06,20121119,6
NLD,BEL,03,20121231,3
NLD,BEL,12,20120909,2
NLD,BEL,04,20081210,4
NLD,BEL,03,20070425,1
PAK,BEL,03,20141208,2
PHL,BEL,01,20070716,3
POL,BEL,05,20120703,10
POL,BEL,04,20140305,300
PRT,BEL,04,20140328,2
PRT,BEL,04,20140303,10
PRT,BEL,08,20090507,2
PRT,BEL,04,20001109,1
RUS,BEL,14,20140128,2
RUS,BEL,16,20020731,1
RUS,BEL,03,20111208,18
RUS,BEL,05,20141020,16
RUS,BEL,04,20121203,6
RUS,BEL,02,20100620,9
RUS,BEL,13,20140513,6
RUS,BEL,03,20140720,10
RUS,BEL,01,20080901,13
RUS,BEL,01,20120328,1
RUS,BEL,04,20071205,9
RUS,BEL,12,20070422,4
RWA,BEL,18,20020222,2
RWA,BEL,19,20040406,9
RWA,BEL,04,20010217,3
RWA,BEL,11,20070419,5
SAU,BEL,05,20110917,6
SAU,BEL,03,20000601,4
SDN,BEL,04,20010506,1
SEN,BEL,03,20060321,2
SEN,BEL,04,20131110,6
SEN,BEL,17,20111129,1
SEN,BEL,12,20130702,3
SGP,BEL,03,20140524,28
SRB,BEL,04,20020822,2
SRB,BEL,04,20070121,10
SRB,BEL,04,20111124,2
SRB,BEL,04,20130618,16
SRB,BEL,04,20130724,8
SWE,BEL,06,20121018,24
SWE,BEL,04,20131113,4
SYR,BEL,18,20130911,1
SYR,BEL,07,20140619,1
SYR,BEL,01,20150210,1
THA,BEL,01,20110801,4
TUR,BEL,16,20140525,3
TUR,BEL,04,20090125,2
TUR,BEL,03,20091102,30
TUR,BEL,19,20050921,2
UKR,BEL,05,20100818,9
UKR,BEL,03,20150209,2
UKR,BEL,04,20111201,1
UKR,BEL,04,20140718,1
UKR,BEL,04,20100913,4
UKR,BEL,07,20140208,4
UKR,BEL,02,20130827,2
UKR,BEL,03,20090112,2
UKR,BEL,04,20110921,1
UKR,BEL,03,20140407,6
USA,BEL,14,20120322,4
USA,BEL,11,20061115,4
USA,BEL,11,20140512,8
USA,BEL,04,20141203,6
USA,BEL,01,20131008,3
USA,BEL,17,20121130,5
USA,BEL,17,20140608,1
USA,BEL,05,20110617,7
USA,BEL,04,20140522,4
USA,BEL,05,20110518,2
USA,BEL,04,20011017,2
USA,BEL,07,20080818,85
USA,BEL,04,20080224,1
USA,BEL,13,20121023,10
USA,BEL,01,20130819,1
USA,BEL,09,20090310,5
USA,BEL,03,20071119,8
USA,BEL,04,20121122,4
USA,BEL,01,20080326,3
USA,BEL,11,20110809,4
USA,BEL,04,20130907,2
USA,BEL,08,20090928,2
USA,BEL,04,20121118,1
USA,BEL,06,20120222,1
USA,BEL,01,20150127,4
USA,BEL,10,20051125,4
USA,BEL,11,20130512,10
USA,BEL,03,20110130,4
USA,BEL,07,20140520,27
USA,BEL,06,20101004,2
UZB,BEL,04,20140211,4
UZB,BEL,04,20110124,3
VNM,BEL,02,20121127,2
WST,BEL,03,20080909,9
WST,BEL,04,20030403,2
WST,BEL,04,20000324,9
WST,BEL,02,20140402,113
WST,BEL,08,20140412,10
WST,BEL,02,20110118,5
WST,BEL,01,20100206,6
ZWE,BEL,05,20091006,9
ZWE,BEL,12,20141009,2
BEN,BEN,11,20130111,8
BEN,BEN,01,20130812,20
BFA,BEN,04,20060426,5
BFA,BEN,04,20031110,1
CIV,BEN,04,20001025,5
CIV,BEN,04,20110419,5
DJI,BEN,02,20050721,2
FRA,BEN,04,20050211,3
JPN,BEN,04,20060704,5
LSO,BEN,04,20041213,2
NER,BEN,04,20030121,2
NER,BEN,05,20011130,12
NER,BEN,15,20010529,9
NGA,BEN,04,20000407,1
NGA,BEN,05,20120309,9
NGA,BEN,04,20140911,4
NGA,BEN,06,20140601,1
NGA,BEN,19,20041116,1
NGA,BEN,04,20140421,4
NGA,BEN,05,20131129,2
NGA,BEN,04,20110822,4
PRT,BEN,05,20141021,2
TCD,BEN,04,20100902,16
TCD,BEN,19,20140319,6
TCD,BEN,07,20150212,4
TGO,BEN,05,20060723,1
TGO,BEN,05,20110110,6
THA,BEN,04,20090217,1
USA,BEN,09,20090617,3
ZWE,BEN,03,20110722,9
AFR,BFA,13,20140219,2
BFA,BFA,01,20141105,1
CIV,BFA,05,20101103,40
CIV,BFA,04,20141101,18
CIV,BFA,02,20010429,2
DJI,BFA,04,20020306,6
DZA,BFA,04,20141221,2
FRA,BFA,07,20030613,5
GHA,BFA,04,20090512,9
HND,BFA,04,20140108,5
MLI,BFA,02,20120222,2
MRT,BFA,02,20120225,1
MWI,BFA,03,20080201,10
NGA,BFA,04,20141216,14
TCD,BFA,04,20090413,4
TGO,BFA,01,20070426,2
TGO,BFA,04,20000419,3
TGO,BFA,01,20080211,12
USA,BFA,04,20121008,1
USA,BFA,04,20120418,2
WAF,BFA,03,20141104,10
WAF,BFA,05,20071218,6
AFR,BGD,02,20120114,18
AUS,BGD,05,20041003,9
BGD,BGD,03,20140922,4
BGD,BGD,04,20140419,8
BGD,BGD,01,20080714,4
BGD,BGD,01,20021212,1
BGD,BGD,03,20130302,14
BGD,BGD,03,20120811,2
BGD,BGD,11,20100210,2
BGD,BGD,02,20110314,2
BGD,BGD,05,20091121,5
BGD,BGD,04,20090916,5
BGD,BGD,14,20080819,4
BGD,BGD,13,20050110,4
BGD,BGD,09,20130507,4
BGD,BGD,11,20060418,7
BGD,BGD,06,20080829,5
BGD,BGD,17,20140717,4
BGD,BGD,01,20130130,2
BGD,BGD,01,20091020,4
BGD,BGD,01,20091211,3
BGD,BGD,04,20140515,8
BGD,BGD,05,20061115,7
BGD,BGD,01,20070319,7
BGD,BGD,19,20111122,2
BGD,BGD,01,20090227,2
BGD,BGD,09,20070419,3
BGD,BGD,19,20140201,2
BGD,BGD,19,20091026,8
BGD,BGD,01,20090724,9
BGD,BGD,01,20130925,10
BGD,BGD,01,20110813,4
BGD,BGD,01,20100220,7
BGD,BGD,14,20091207,3
BGD,BGD,04,20070613,10
BGD,BGD,04,20141130,10
BGD,BGD,01,20130221,3
BGD,BGD,05,20110830,11
BGD,BGD,18,20150131,5
BGD,BGD,03,20091209,1
BGD,BGD,08,20120416,2
BGD,BGD,17,20010508,2
BGD,BGD,05,20060221,2
BGD,BGD,01,20120129,2
BGD,BGD,04,20070617,2
BGD,BGD,04,20110331,8
BGD,BGD,04,20091103,4
BGD,BGD,04,20120214,8
BGD,BGD,17,20140524,1
BGD,BGD,04,20120717,2
BGD,BGD,10,20070719,5
BGD,BGD,01,20140927,2
BGD,BGD,19,20091103,10
BGD,BGD,08,20110309,2
BTN,BGD,13,20110824,3
BTN,BGD,04,20110802,1
CHN,BGD,02,20080221,2
CHN,BGD,05,20020110,2
CHN,BGD,04,20001025,11
CHN,BGD,03,20101213,1
CHN,BGD,16,20141108,1
DEU,BGD,04,20140919,4
DEU,BGD,04,20101126,5
EGY,BGD,04,20131114,2
EGY,BGD,17,20110223,5
EGY,BGD,04,20131117,2
ESP,BGD,04,20121009,1
FSM,BGD,02,20141011,2
GBR,BGD,06,20090506,2
GBR,BGD,05,20080819,6
GBR,BGD,04,20120901,18
GBR,BGD,07,20150202,2
GRC,BGD,05,20131111,30
IDN,BGD,04,20121122,2
IND,BGD,03,20131230,10
IND,BGD,04,20120508,3
IND,BGD,04,20100424,1
IND,BGD,19,20100302,1
IND,BGD,04,20100907,9
IND,BGD,03,20040414,3
IND,BGD,18,20150207,2
IND,BGD,04,20090726,2
IND,BGD,05,20110907,2
IND,BGD,01,20080412,15
IND,BGD,04,20110830,2
IND,BGD,11,20071225,2
IND,BGD,19,20010422,1
IRN,BGD,04,20130903,2
IRQ,BGD,19,20141104,2
IRQ,BGD,04,20140718,12
ITA,BGD,01,20111213,4
JPN,BGD,05,20140525,2
JPN,BGD,04,20101202,2
JPN,BGD,03,20140507,2
JPN,BGD,05,20080226,8
LKA,BGD,04,20071210,1
MEX,BGD,18,20111227,1
MMR,BGD,01,20131121,6
MYS,BGD,05,20130512,8
MYS,BGD,16,20091130,6
MYS,BGD,17,20121209,6
MYS,BGD,04,20110730,2
MYS,BGD,04,20090913,9
MYS,BGD,02,20090309,2
NLD,BGD,07,20130912,12
NLD,BGD,01,20141017,4
NLD,BGD,03,20140907,4
NMR,BGD,03,20130823,6
NPL,BGD,04,20110716,1
NPL,BGD,03,20040109,8
OMN,BGD,03,20110501,1
PAK,BGD,11,20120111,1
PAK,BGD,05,20150212,2
PAK,BGD,04,20121214,1
PAK,BGD,08,20141216,2
PHL,BGD,01,20111213,4
PLW,BGD,04,20091104,2
POL,BGD,03,20141031,12
PSE,BGD,04,20010826,2
RUS,BGD,05,20140110,8
SAS,BGD,04,20080805,5
SAS,BGD,01,20070324,1
SAS,BGD,04,20120505,5
THA,BGD,04,20150130,3
THA,BGD,03,20090219,3
USA,BGD,04,20110113,9
USA,BGD,03,20130908,4
USA,BGD,07,20081208,10
USA,BGD,11,20130912,6
USA,BGD,04,20110131,6
USA,BGD,01,20050627,2
USA,BGD,04,20000131,2
USA,BGD,07,20100616,7
USA,BGD,04,20110320,2
USA,BGD,06,20050131,2
USA,BGD,06,20081130,2
USA,BGD,04,20080718,1
USA,BGD,17,20131027,2
USA,BGD,01,20120728,2
USA,BGD,04,20130810,2
USA,BGD,02,20001101,7
VNM,BGD,07,20100822,1
VNM,BGD,01,20131015,10
VNM,BGD,01,20080320,2
ZAF,BGD,03,20111101,1
AFG,BGR,04,20100123,10
AFG,BGR,10,20120107,1
AFR,BGR,03,20120425,9
AFR,BGR,03,20110413,27
ALB,BGR,04,20110814,4
AND,BGR,04,20131123,2
AUT,BGR,04,20110622,2
AZE,BGR,04,20131030,4
BEL,BGR,11,20120208,1
BGR,BGR,04,20071216,4
BGR,BGR,01,20100804,12
BGR,BGR,05,20090304,2
BGR,BGR,02,20140429,4
BGR,BGR,04,20141113,1
BGR,BGR,01,20111218,4
BGR,BGR,08,20120507,1
BGR,BGR,04,20021015,2
BGR,BGR,01,20070101,3
BGR,BGR,11,20130206,2
BGR,BGR,05,20121109,6
BGR,BGR,02,20001027,4
BGR,BGR,03,20120307,5
BGR,BGR,17,20020205,2
BGR,BGR,06,20130116,6
BGR,BGR,12,20120925,6
BGR,BGR,05,20010323,2
BGR,BGR,10,20130220,3
BGR,BGR,04,20120504,5
BGR,BGR,04,20020605,7
BGR,BGR,05,20090316,4
BGR,BGR,11,20131009,3
BGR,BGR,19,20140301,3
BGR,BGR,05,20101011,6
BGR,BGR,01,20100509,2
BGR,BGR,11,20010219,1
BGR,BGR,05,20090211,2
BGR,BGR,19,20111103,3
BRA,BGR,05,20101230,3
BRA,BGR,01,20111005,20
BRA,BGR,04,20131025,16
CAN,BGR,05,20121003,1
CHN,BGR,04,20090905,2
CZE,BGR,04,20111116,1
DEU,BGR,04,20120703,1
DEU,BGR,11,20140612,1
DEU,BGR,03,20090427,1
DEU,BGR,04,20130311,2
DEU,BGR,04,20100125,4
DEU,BGR,04,20101108,2
ESP,BGR,05,20030219,1
EUR,BGR,09,20150112,5
EUR,BGR,06,20080521,2
EUR,BGR,05,20021218,8
EUR,BGR,04,20131115,4
EUR,BGR,01,20060517,1
EUR,BGR,04,20121025,8
EUR,BGR,03,20130602,4
EUR,BGR,09,20011211,7
FIN,BGR,05,20060328,8
FRA,BGR,08,20100917,7
FRA,BGR,04,20000309,4
FRA,BGR,19,20091216,2
GBR,BGR,03,20010725,3
GBR,BGR,04,20030422,16
GBR,BGR,04,20141128,3
GBR,BGR,04,20130614,16
GBR,BGR,06,20060719,2
GBR,BGR,05,20100203,2
GBR,BGR,17,20111217,6
GBR,BGR,04,20111102,4
GRC,BGR,03,20100908,2
GRC,BGR,01,20130206,3
GRC,BGR,02,20090823,2
GRC,BGR,05,20090525,6
GRC,BGR,01,20090119,2
GRC,BGR,06,20121220,1
HRV,BGR,05,20120124,7
HUN,BGR,05,20110114,2
IRN,BGR,03,20130210,6
IRQ,BGR,07,20081108,2
IRQ,BGR,03,20071111,2
ISR,BGR,04,20120116,5
ISR,BGR,06,20120719,6
ISR,BGR,04,20140520,10
ISR,BGR,04,20140521,2
ISR,BGR,04,20130119,4
ISR,BGR,04,20100816,4
ITA,BGR,17,20060529,1
ITA,BGR,04,20000314,2
ITA,BGR,01,20131021,1
JOR,BGR,04,20070308,6
LBN,BGR,04,20020805,1
LBY,BGR,04,20110307,4
LBY,BGR,04,20040513,8
LBY,BGR,04,20070416,1
LBY,BGR,04,20001002,1
LBY,BGR,12,20000610,2
LVA,BGR,04,20120219,1
LVA,BGR,01,20140614,4
MKD,BGR,04,20140722,12
MKD,BGR,04,20010315,2
MKD,BGR,05,20120511,16
MKD,BGR,04,20060813,2
MKD,BGR,03,20100922,2
MKD,BGR,04,20140724,10
MKD,BGR,04,20131028,2
MKD,BGR,07,20140621,4
MYS,BGR,03,20140420,8
NLD,BGR,01,20120217,4
NLD,BGR,19,20130720,10
POL,BGR,01,20091126,2
POL,BGR,04,20130116,6
PRT,BGR,12,20130131,3
PRY,BGR,01,20090607,4
RUS,BGR,04,20091026,9
RUS,BGR,01,20020921,3
RUS,BGR,05,20100908,6
RUS,BGR,09,20010318,5
RUS,BGR,08,20140826,20
RUS,BGR,03,20120427,3
RUS,BGR,05,20070514,8
RUS,BGR,01,20130720,6
RUS,BGR,03,20101015,2
RUS,BGR,03,20110924,5
RUS,BGR,05,20090320,1
RUS,BGR,03,20060822,1
RUS,BGR,08,20100707,5
RUS,BGR,04,20100220,5
RUS,BGR,03,20090202,3
RWA,BGR,04,20140418,8
SOM,BGR,18,20090821,5
SRB,BGR,01,20080227,1
SRB,BGR,04,20140307,10
SYR,BGR,07,20131002,9
TUR,BGR,01,20100907,1
TUR,BGR,04,20100129,7
TUR,BGR,05,20101004,6
TUR,BGR,03,20121012,6
TUR,BGR,03,20101004,1
TUR,BGR,10,20131001,1
TUR,BGR,04,20030411,2
TUR,BGR,05,20090807,1
UKR,BGR,04,20090114,8
UKR,BGR,06,20021111,6
UKR,BGR,05,20040709,8
USA,BGR,17,20120803,8
USA,BGR,17,20101014,1
USA,BGR,09,20030211,6
USA,BGR,05,20090109,1
USA,BGR,04,20080516,1
USA,BGR,04,20040416,2
USA,BGR,05,20140609,1
USA,BGR,03,20141023,2
USA,BGR,04,20120729,10
USA,BGR,05,20141122,5
USA,BGR,07,20130804,4
USA,BGR,04,20090917,2
USA,BGR,04,20141222,1
USA,BGR,05,20060416,4
USA,BGR,04,20140802,4
WST,BGR,04,20000307,4
WST,BGR,04,20021121,2
ARE,BHR,19,20110319,9
ARE,BHR,06,20140318,8
ARE,BHR,02,20070305,2
ARE,BHR,11,20121103,8
BGD,BHR,17,20080409,10
BHR,BHR,04,20110219,6
BHR,BHR,04,20110530,9
BHR,BHR,05,20120720,2
BHR,BHR,05,20140306,10
BHR,BHR,05,20141119,2
BHR,BHR,17,20110425,2
BHR,BHR,04,20150107,4
BHR,BHR,09,20130625,2
BHR,BHR,01,20140214,8
BHR,BHR,19,20150107,8
BHR,BHR,19,20110809,20
BHR,BHR,11,20140105,3
BHR,BHR,03,20110214,27
BHR,BHR,11,20140322,8
BHR,BHR,10,20141207,8
BHR,BHR,05,20120118,2
BHR,BHR,07,20140201,1
BHR,BHR,01,20140414,2
BHR,BHR,05,20120120,1
BHR,BHR,01,20110507,2
CHN,BHR,17,20131226,2
CHN,BHR,04,20140116,2
EGY,BHR,04,20101026,9
EGY,BHR,04,20030220,2
EGY,BHR,02,20130218,5
ETH,BHR,04,20120827,1
FRA,BHR,11,20120816,4
FRA,BHR,04,20090921,7
GBR,BHR,11,20130109,20
GBR,BHR,04,20121025,2
IRN,BHR,05,20020128,4
IRN,BHR,08,20091201,9
IRN,BHR,09,20110411,5
IRN,BHR,14,20110415,4
IRN,BHR,05,20110513,5
IRN,BHR,10,20110430,9
IRN,BHR,04,20110320,5
IRN,BHR,01,20081023,5
IRN,BHR,03,20110707,2
IRQ,BHR,05,20030408,4
IRQ,BHR,02,20110224,10
IRQ,BHR,03,20131206,10
IRQ,BHR,04,20110510,2
JOR,BHR,09,20100713,2
JOR,BHR,01,20080921,2
JOR,BHR,04,20140428,8
JPN,BHR,04,20120327,1
KOR,BHR,04,20130910,8
KWT,BHR,05,20121225,4
KWT,BHR,04,20130204,6
KWT,BHR,04,20110819,3
LBN,BHR,17,20110428,2
LKA,BHR,04,20120623,5
MAR,BHR,03,20120429,8
MAR,BHR,13,20041210,8
MEA,BHR,04,20011001,6
OMN,BHR,04,20091201,2
OMN,BHR,04,20140327,2
PAK,BHR,11,20110324,4
PAK,BHR,04,20150108,20
PGS,BHR,03,20141210,6
PRT,BHR,04,20120312,1
QAT,BHR,04,20141127,8
QAT,BHR,11,20121227,10
RUS,BHR,04,20140116,3
RUS,BHR,17,20120316,9
SAU,BHR,03,20080112,2
SAU,BHR,03,20100124,2
SAU,BHR,01,20131211,3
SAU,BHR,17,20080921,2
SAU,BHR,04,20021028,4
SAU,BHR,17,20141016,3
SAU,BHR,06,20140518,6
SAU,BHR,08,20110520,4
SAU,BHR,04,20050211,7
SAU,BHR,04,20110411,1
SAU,BHR,05,20120515,16
SAU,BHR,04,20091010,4
SAU,BHR,04,20140305,16
SAU,BHR,04,20121213,4
SDN,BHR,05,20000118,2
SYR,BHR,03,20061121,1
TMP,BHR,07,20130817,2
USA,BHR,11,20140716,2
USA,BHR,07,20120804,1
USA,BHR,01,20140710,8
USA,BHR,04,20010624,15
USA,BHR,04,20140921,4
USA,BHR,19,20110316,4
USA,BHR,10,20110220,2
USA,BHR,06,20000730,1
USA,BHR,19,20071104,15
USA,BHR,04,20131115,16
YEM,BHR,04,20090112,1
YEM,BHR,04,20100224,9
BHS,BHS,05,20120131,9
BHS,BHS,19,20071002,1
BHS,BHS,02,20101105,1
BHS,BHS,14,20130916,6
BHS,BHS,01,20120502,2
BHS,BHS,06,20090317,2
BHS,BHS,04,20070409,4
BHS,BHS,12,20130103,1
BRA,BHS,03,20120119,1
CHN,BHS,04,20120227,2
CUB,BHS,13,20130710,5
FRA,BHS,01,20150127,3
GBR,BHS,04,20141008,6
GBR,BHS,11,20000124,2
HTI,BHS,09,20140917,8
HTI,BHS,04,20090105,2
HTI,BHS,01,20101022,4
PNG,BHS,13,20060726,2
USA,BHS,03,20120501,1
USA,BHS,04,20121130,6
USA,BHS,04,20131231,3
USA,BHS,04,20141110,9
USA,BHS,04,20100102,4
USA,BHS,11,20091106,2
USA,BHS,17,20140828,1
USA,BHS,02,20080830,7
USA,BHS,05,20130409,2
USA,BHS,11,20110103,2
USA,BHS,04,20110529,6
USA,BHS,12,20130704,4
USA,BHS,19,20120815,2
ARE,BLR,03,20141217,6
ARM,BLR,03,20090831,3
ARM,BLR,03,20110924,3
AUS,BLR,04,20110815,1
AUT,BLR,04,20090316,3
AZE,BLR,01,20141212,2
AZE,BLR,04,20061120,2
AZE,BLR,02,20080318,2
AZE,BLR,12,20101028,1
AZE,BLR,05,20060515,1
AZE,BLR,04,20110302,2
AZE,BLR,04,20121212,10
AZE,BLR,09,20091112,1
BEL,BLR,16,20110119,8
BLR,BLR,02,20060427,15
BLR,BLR,04,20120130,2
BLR,BLR,01,20110225,2
BLR,BLR,06,20070330,2
BLR,BLR,01,20091013,8
BLR,BLR,08,20090810,6
BLR,BLR,01,20030502,5
BLR,BLR,01,20140612,2
BLR,BLR,01,20030825,2
BLR,BLR,02,20141217,4
BLR,BLR,04,20021202,1
BLR,BLR,04,20120727,12
BLR,BLR,10,20000310,5
BLR,BLR,02,20100510,3
BLR,BLR,04,20010512,8
BLR,BLR,01,20120812,2
BLR,BLR,04,20140210,3
BLR,BLR,14,20040617,2
BLR,BLR,10,20000204,2
BLR,BLR,05,20071217,18
BLR,BLR,16,20000112,1
BLR,BLR,17,20091013,5
BLR,BLR,17,20061116,1
BLR,BLR,17,20131111,6
BLR,BLR,12,20030919,2
BLR,BLR,03,20110419,2
CHN,BLR,04,20090331,5
CHN,BLR,07,20111004,7
CHN,BLR,04,20130702,2
CUB,BLR,13,20110222,7
CZE,BLR,04,20021223,9
CZE,BLR,02,20100820,4
DEU,BLR,02,20150122,2
DEU,BLR,04,20150216,16
DEU,BLR,03,20101102,1
DEU,BLR,04,20141008,6
EUR,BLR,10,20010525,6
EUR,BLR,04,20090331,9
EUR,BLR,04,20000829,4
EUR,BLR,04,20100104,5
EUR,BLR,06,20110713,6
EUR,BLR,17,20110113,4
EUR,BLR,16,20080907,5
EUR,BLR,04,20090409,9
FIN,BLR,05,20150212,5
FIN,BLR,02,20081013,2
FRA,BLR,02,20140815,6
FRA,BLR,01,20061216,2
FRA,BLR,02,20100120,4
FRA,BLR,02,20140722,2
FSM,BLR,04,20131105,8
GHA,BLR,04,20110511,9
GRC,BLR,04,20111115,8
HUN,BLR,04,20030218,6
IRN,BLR,04,20090501,2
IRN,BLR,03,20140522,4
ISR,BLR,03,20031121,2
KAZ,BLR,03,20120507,8
KAZ,BLR,03,20110620,4
KAZ,BLR,05,20140829,8
KGZ,BLR,04,20120611,6
KGZ,BLR,08,20110823,7
KGZ,BLR,04,20090204,4
KGZ,BLR,05,20010720,1
KGZ,BLR,15,20131011,2
KHM,BLR,03,20140326,2
KWT,BLR,04,20140901,5
LTU,BLR,05,20090916,6
LTU,BLR,04,20110217,4
LTU,BLR,06,20130720,10
LTU,BLR,17,20011226,9
LTU,BLR,06,20040530,6
LUX,BLR,04,20081013,3
LVA,BLR,17,20050323,5
MDA,BLR,08,20140902,6
POL,BLR,01,20131114,4
POL,BLR,04,20120923,6
POL,BLR,11,20071204,1
RUS,BLR,03,20000607,1
RUS,BLR,08,20120829,1
RUS,BLR,04,20061231,6
RUS,BLR,04,20090901,2
RUS,BLR,03,20090209,2
RUS,BLR,05,20080611,9
RUS,BLR,03,20001114,2
RUS,BLR,05,20120621,18
RUS,BLR,08,20120430,7
RUS,BLR,03,20090902,16
RUS,BLR,14,20091101,7
RUS,BLR,04,20131224,5
RUS,BLR,04,20141115,2
RUS,BLR,02,20121113,5
RUS,BLR,05,20131231,2
RUS,BLR,11,20070109,69
RUS,BLR,01,20120330,3
RUS,BLR,04,20090421,4
RUS,BLR,03,20000124,3
RUS,BLR,06,20090204,9
RUS,BLR,06,20040315,1
RUS,BLR,06,20110221,4
RUS,BLR,05,20140919,14
RUS,BLR,04,20010426,2
RUS,BLR,19,20131112,4
RUS,BLR,03,20020625,2
RUS,BLR,03,20011129,4
RUS,BLR,04,20130804,5
RUS,BLR,03,20141113,4
RUS,BLR,04,20040605,3
RUS,BLR,05,20010213,3
RUS,BLR,17,20100914,8
RUS,BLR,04,20071214,2
RUS,BLR,05,20040120,7
SWE,BLR,19,20130625,6
SWE,BLR,05,20120803,8
SYR,BLR,03,20090904,12
TJK,BLR,03,20121104,4
TJK,BLR,04,20000404,2
TJK,BLR,03,20140314,2
TKM,BLR,04,20120501,2
TKM,BLR,05,20101006,1
TKM,BLR,03,20071102,4
UKR,BLR,12,20150212,2
UKR,BLR,08,20101230,2
UKR,BLR,01,20150204,10
UKR,BLR,08,20120503,2
UKR,BLR,04,20140913,2
UKR,BLR,01,20000508,4
UKR,BLR,01,20090731,1
UKR,BLR,04,20050825,1
USA,BLR,05,20061123,1
USA,BLR,04,20130115,10
USA,BLR,01,20120827,1
USA,BLR,16,20080325,54
USA,BLR,12,20070305,1
VAT,BLR,04,20130712,6
VEN,BLR,03,20110523,1
YEM,BLR,19,20131126,14
AFR,BLZ,17,20141020,10
BHS,BLZ,04,20040704,1
BLZ,BLZ,19,20121114,15
BLZ,BLZ,08,20150202,9
BLZ,BLZ,10,20131107,10
BLZ,BLZ,04,20130604,4
BLZ,BLZ,05,20030314,9
BLZ,BLZ,11,20121206,1
DOM,BLZ,03,20100115,18
GTM,BLZ,04,20090731,7
GUY,BLZ,05,20130619,2
LCA,BLZ,04,20140626,1
MEX,BLZ,04,20090618,2
SLB,BLZ,05,20110204,2
UKR,BLZ,04,20080927,1
USA,BLZ,03,20131213,2
USA,BLZ,15,20140616,6
USA,BLZ,11,20120916,13
USA,BLZ,04,20121113,18
BMU,BMU,01,20140512,10
BMU,BMU,02,20080909,5
BMU,BMU,01,20120105,6
CAN,BMU,04,20100806,6
CAN,BMU,04,20100910,3
CHL,BMU,01,20081101,2
CHN,BMU,02,20110518,8
FIN,BMU,04,20140312,10
FRA,BMU,17,20011129,2
GBR,BMU,04,20110518,1
IRN,BMU,04,20080731,5
JAM,BMU,19,20071206,1
MLT,BMU,18,20100914,4
NOR,BMU,04,20080513,10
NZL,BMU,11,20100208,2
USA,BMU,17,20110721,1
USA,BMU,04,20101121,2
USA,BMU,04,20101230,2
USA,BMU,04,20111116,12
USA,BMU,02,20111031,1
USA,BMU,04,20120512,2
USA,BMU,02,20061219,3
USA,BMU,03,20140516,8
USA,BMU,01,20111020,18
USA,BMU,04,20120528,6
AGO,BOL,07,20120313,20
ARG,BOL,18,20090901,4
ARG,BOL,01,20090421,1
ARG,BOL,04,20080303,4
ARG,BOL,04,20080620,9
AUS,BOL,04,20080630,1
AUS,BOL,05,20121215,16
BEL,BOL,03,20120502,27
BOL,BOL,01,20080813,2
BOL,BOL,10,20131104,8
BOL,BOL,04,20090316,4
BOL,BOL,05,20141016,4
BOL,BOL,11,20090619,1
BOL,BOL,12,20130708,4
BOL,BOL,04,20090401,6
BOL,BOL,17,20031016,4
BOL,BOL,02,20130704,14
BRA,BOL,07,20120410,8
BRA,BOL,04,20030102,7
BRA,BOL,06,20080223,2
BRA,BOL,04,20120623,7
BRA,BOL,03,20140627,8
CHE,BOL,01,20070403,7
CHL,BOL,03,20040927,1
CHL,BOL,08,20030503,7
CHL,BOL,04,20130627,16
CHL,BOL,04,20061207,5
CHN,BOL,07,20131221,4
CHN,BOL,04,20110926,1
CHN,BOL,01,20140614,5
CUB,BOL,05,20080423,16
CUB,BOL,04,20090825,1
CUB,BOL,04,20120506,16
CUB,BOL,10,20090419,5
ECU,BOL,01,20091130,2
ECU,BOL,01,20090416,2
ESP,BOL,02,20130707,10
ESP,BOL,19,20120804,1
ESP,BOL,05,20030419,15
ESP,BOL,04,20130705,4
FSM,BOL,01,20090206,4
HND,BOL,04,20140206,6
HND,BOL,11,20080914,7
IRL,BOL,11,20140921,8
IRL,BOL,02,20130708,1
ITA,BOL,01,20031016,1
ITA,BOL,01,20090525,2
MEX,BOL,11,20100827,6
NIC,BOL,07,20080322,1
PER,BOL,05,20110901,2
RUS,BOL,10,20130703,8
RUS,BOL,04,20130706,5
URY,BOL,03,20141121,8
URY,BOL,04,20121128,8
USA,BOL,01,20110325,2
USA,BOL,03,20060918,2
USA,BOL,01,20100812,2
USA,BOL,07,20091121,4
USA,BOL,04,20120125,9
USA,BOL,03,20141024,4
USA,BOL,04,20111023,1
USA,BOL,01,20111109,2
USA,BOL,16,20090315,2
USA,BOL,01,20120602,8
USA,BOL,03,20140920,6
USA,BOL,11,20120125,5
USA,BOL,19,20090719,20
USA,BOL,04,20141217,10
USA,BOL,02,20081113,5
USA,BOL,07,20061124,2
USA,BOL,11,20100219,3
USA,BOL,04,20100822,1
VEN,BOL,04,20110607,3
VEN,BOL,04,20120221,7
VEN,BOL,06,20061010,1
VEN,BOL,05,20121217,2
VEN,BOL,04,20100731,1
VEN,BOL,03,20130801,5
AFG,BRA,02,20140404,5
AFR,BRA,11,20040226,3
AFR,BRA,04,20100123,6
AFR,BRA,08,20120417,2
AGO,BRA,04,20110211,4
AGO,BRA,04,20131030,3
ARE,BRA,07,20120902,1
ARG,BRA,02,20130720,2
ARG,BRA,03,20091106,2
ARG,BRA,07,20090222,2
ARG,BRA,03,20120629,14
ARG,BRA,04,20000419,2
ARG,BRA,02,20131231,4
ARG,BRA,04,20130815,6
ARG,BRA,12,20091118,2
AUS,BRA,03,20130529,4
AUS,BRA,04,20141215,6
AUS,BRA,06,20131216,2
BEL,BRA,19,20110122,622
BGR,BRA,05,20111004,1
BOL,BRA,04,20060509,2
BRA,BRA,04,20140518,4
BRA,BRA,01,20130927,10
BRA,BRA,01,20110319,4
BRA,BRA,01,20130211,4
BRA,BRA,03,20101002,1
BRA,BRA,03,20080307,8
BRA,BRA,02,20130901,12
BRA,BRA,12,20020807,2
BRA,BRA,03,20070222,5
BRA,BRA,04,20050424,2
BRA,BRA,01,20140731,1
BRA,BRA,10,20030430,4
BRA,BRA,11,20010911,1
BRA,BRA,05,20130109,92
BRA,BRA,14,20140903,1
BRA,BRA,11,20090612,1
BRA,BRA,04,20030408,1
BRA,BRA,06,20130819,10
BRA,BRA,12,20021226,9
BRA,BRA,09,20130916,4
BRA,BRA,01,20120731,7
BRA,BRA,16,20120229,14
BRA,BRA,06,20100809,4
BRA,BRA,06,20100209,2
BRA,BRA,04,20070505,4
BRA,BRA,02,20150205,10
BRA,BRA,04,20091219,14
BRA,BRA,05,20141008,4
BRA,BRA,01,20131030,20
BRA,BRA,01,20100503,2
BRA,BRA,04,20130221,10
BRA,BRA,03,20130128,924
BRA,BRA,01,20110907,3
BRA,BRA,01,20120626,2
BRA,BRA,02,20140602,4
BRA,BRA,01,20021111,1
BRA,BRA,06,20100113,98
BRA,BRA,02,20120918,2
BRA,BRA,05,20100925,2
BRA,BRA,18,20100113,10
BRA,BRA,01,20070424,1
BRA,BRA,05,20140107,8
BRA,BRA,03,20050720,1
BRA,BRA,11,20070820,4
CAN,BRA,04,20090731,1
CHE,BRA,04,20140214,10
CHL,BRA,01,20080707,4
CHL,BRA,03,20101201,1
CHL,BRA,06,20140830,4
CHL,BRA,04,20110316,2
CHL,BRA,05,20060607,4
CHL,BRA,05,20010719,4
CHN,BRA,03,20081209,18
CHN,BRA,02,20091127,7
CHN,BRA,03,20120328,6
CHN,BRA,03,20120612,12
CHN,BRA,06,20140128,14
CHN,BRA,04,20100414,4
CHN,BRA,07,20130906,8
CHN,BRA,05,20141210,14
COL,BRA,04,20110210,1
COL,BRA,02,20000824,2
COL,BRA,04,20100329,6
COL,BRA,01,20080915,3
COL,BRA,01,20101029,1
CUB,BRA,04,20030102,2
CUB,BRA,04,20120202,9
DEU,BRA,03,20130718,30
DEU,BRA,05,20150213,4
DEU,BRA,06,20061126,9
DEU,BRA,01,20081002,4
DEU,BRA,04,20110225,1
DEU,BRA,04,20100106,8
DNK,BRA,04,20090630,9
DZA,BRA,03,20060209,1
ECU,BRA,12,20090418,8
EGY,BRA,01,20030623,1
EGY,BRA,04,20031208,10
ESP,BRA,04,20140616,6
ESP,BRA,14,20101212,4
ESP,BRA,19,20130721,8
ESP,BRA,17,20130711,10
ESP,BRA,03,20131218,1
ESP,BRA,05,20090701,13
EUR,BRA,06,20110301,3
EUR,BRA,04,20010519,9
EUR,BRA,19,20050927,8
FRA,BRA,19,20040219,5
FRA,BRA,18,20120215,2
FRA,BRA,05,20101104,7
FRA,BRA,04,20121115,6
FRA,BRA,04,20090602,8
GBR,BRA,04,20131218,2
GBR,BRA,04,20140722,6
GBR,BRA,09,20100810,5
GBR,BRA,19,20081216,1
GBR,BRA,04,20120306,8
GBR,BRA,03,20110511,3
GBR,BRA,04,20090128,9
GBR,BRA,01,20080828,4
GBR,BRA,04,20090610,2
GBR,BRA,02,20080818,6
GTM,BRA,03,20121009,1
HND,BRA,10,20090922,12
HND,BRA,12,20091123,3
HND,BRA,16,20091007,2
HND,BRA,16,20091007,5
HND,BRA,01,20091105,10
HTI,BRA,04,20141015,5
HTI,BRA,03,20040707,7
IND,BRA,04,20120130,2
IND,BRA,04,20110922,6
IRN,BRA,05,20130105,5
IRN,BRA,05,20100803,7
IRQ,BRA,01,20101009,1
ISR,BRA,05,20091111,9
ITA,BRA,04,20051111,10
ITA,BRA,04,20100904,1
JPN,BRA,01,20150207,12
JPN,BRA,04,20140107,1
JPN,BRA,08,20150216,2
JPN,BRA,04,20120310,6
JPN,BRA,08,20130726,4
LBN,BRA,01,20060314,3
LBR,BRA,01,20100420,1
MEX,BRA,04,20121114,2
MEX,BRA,04,20120226,35
MEX,BRA,01,20120619,4
NGA,BRA,06,20150213,2
NLD,BRA,01,20130725,8
NOR,BRA,05,20070914,7
PAN,BRA,01,20130321,2
PER,BRA,03,20091214,9
PER,BRA,04,20080507,1
PRT,BRA,03,20131030,3
PRT,BRA,04,20150128,6
PRT,BRA,04,20140505,4
PRT,BRA,05,20080204,4
PRT,BRA,05,20120421,9
PRT,BRA,19,20120725,4
PRY,BRA,11,20090725,1
PRY,BRA,19,20090425,4
PRY,BRA,03,20100807,5
PSE,BRA,04,20091123,15
QAT,BRA,04,20070103,5
RUS,BRA,04,20110323,6
RUS,BRA,10,20120514,6
RUS,BRA,04,20110530,1
RUS,BRA,05,20101106,4
RUS,BRA,03,20120314,78
RUS,BRA,01,20121218,9
RUS,BRA,04,20121213,2
RUS,BRA,17,20141102,1
RUS,BRA,12,20120807,1
RUS,BRA,05,20090427,2
RUS,BRA,04,20131002,1
RUS,BRA,03,20131014,14
SGP,BRA,04,20120826,1
SGP,BRA,11,20130721,2
SGP,BRA,05,20131220,10
SLV,BRA,04,20130212,12
SWE,BRA,03,20080830,3
TTO,BRA,04,20080722,2
TUN,BRA,01,20100113,1
TUR,BRA,04,20100615,7
UKR,BRA,04,20031023,2
UKR,BRA,05,20110111,1
URY,BRA,04,20100125,12
URY,BRA,03,20100804,4
USA,BRA,04,20110319,49
USA,BRA,04,20120322,7
USA,BRA,10,20090901,4
USA,BRA,03,20100204,4
USA,BRA,13,20130629,10
USA,BRA,04,20110416,1
USA,BRA,04,20060930,16
USA,BRA,09,20130916,56
USA,BRA,04,20000817,3
USA,BRA,03,20070309,1
USA,BRA,07,20071108,28
USA,BRA,07,20140923,4
USA,BRA,01,20080610,1
USA,BRA,01,20080409,9
USA,BRA,03,20080407,3
USA,BRA,04,20091208,2
USA,BRA,04,20030620,4
USA,BRA,02,20090211,1
USA,BRA,12,20150218,4
USA,BRA,04,20121219,8
USA,BRA,01,20091224,3
USA,BRA,17,20030903,1
USA,BRA,17,20140115,10
USA,BRA,04,20131031,5
USA,BRA,04,20050803,6
USA,BRA,06,20070417,2
USA,BRA,03,20040109,3
USA,BRA,04,20130913,10
USA,BRA,04,20090709,4
USA,BRA,02,20111007,8
USA,BRA,16,20150119,3
USA,BRA,05,20091223,3
USA,BRA,04,20141106,2
USA,BRA,06,20101101,9
USA,BRA,01,20071030,1
USA,BRA,03,20110807,4
VAT,BRA,03,20130507,1
VCT,BRA,03,20121023,4
VEN,BRA,01,20080605,1
VEN,BRA,11,20020630,7
VEN,BRA,03,20060606,1
VEN,BRA,04,20150129,1
VEN,BRA,04,20091215,2
VEN,BRA,07,20080718,9
VEN,BRA,02,20120703,1
VNM,BRA,03,20121009,5
BRB,BRB,12,20120419,5
BRB,BRB,10,20091228,5
CAN,BRB,04,20080302,1
CUB,BRB,07,20141208,2
CUB,BRB,04,20110828,6
ECU,BRB,04,20090210,1
GBR,BRB,11,20140717,6
IRL,BRB,04,20090118,6
JAM,BRB,04,20090825,9
JAM,BRB,05,20110427,1
JAM,BRB,04,20110427,5
KIR,BRB,03,20091109,1
MCO,BRB,04,20090323,9
TTO,BRB,06,20121220,6
TTO,BRB,12,20011219,9
TTO,BRB,04,20080827,1
USA,BRB,17,20140923,1
USA,BRB,06,20141216,8
USA,BRB,19,20100206,1
USA,BRB,03,20121004,8
AUS,BRN,11,20080110,2
BGD,BRN,11,20130628,6
BRN,BRN,19,20060808,2
BRN,BRN,05,20110708,8
CAN,BRN,04,20130806,40
CHN,BRN,04,20121205,2
CHN,BRN,02,20120611,3
CHN,BRN,01,20140312,2
CHN,BRN,01,20120727,4
CHN,BRN,19,20140714,4
CHN,BRN,11,20140601,6
CHN,BRN,01,20070904,1
CHN,BRN,04,20140909,2
CHN,BRN,09,20010419,2
CHN,BRN,11,20140206,4
IDN,BRN,04,20121106,2
IDN,BRN,05,20100113,2
IRN,BRN,19,20100830,1
JPN,BRN,04,20140926,62
LBY,BRN,03,20071001,2
MMR,BRN,04,20140814,8
MYS,BRN,11,20130208,6
MYS,BRN,04,20031007,2
MYS,BRN,05,20120218,3
NZL,BRN,04,20130818,8
OMN,BRN,04,20140418,1
PHL,BRN,03,20120715,4
PHL,BRN,04,20141203,2
PHL,BRN,04,20080525,2
PHL,BRN,03,20141112,10
PHL,BRN,01,20150214,3
QAT,BRN,04,20140808,2
SEA,BRN,02,20130903,20
SGP,BRN,04,20020130,6
SGP,BRN,04,20120216,6
SGP,BRN,01,20001129,4
THA,BRN,03,20070825,4
THA,BRN,03,20020920,4
TWN,BRN,11,20140507,2
USA,BRN,09,20100201,2
USA,BRN,03,20120404,2
USA,BRN,05,20130811,4
USA,BRN,01,20140602,6
USA,BRN,07,20091031,28
USA,BRN,06,20111209,3
USA,BRN,04,20140109,1
USA,BRN,02,20140313,20
VNM,BRN,04,20130618,2
VNM,BRN,04,20021001,7
VNM,BRN,01,20150121,2
VNM,BRN,04,20090222,28
AFG,BTN,11,20140604,2
AFG,BTN,04,20141017,42
BGD,BTN,01,20101031,1
BGD,BTN,04,20050917,1
BGD,BTN,04,20141126,7
BGD,BTN,02,20110820,3
BTN,BTN,08,20141230,4
BTN,BTN,01,20070917,4
BTN,BTN,04,20040407,1
BTN,BTN,03,20040104,5
BTN,BTN,06,20101121,3
DEU,BTN,01,20081107,4
IND,BTN,04,20140614,5
IND,BTN,04,20140212,9
MDV,BTN,04,20111010,10
MNG,BTN,05,20110307,8
NPL,BTN,12,20011107,2
NPL,BTN,07,20120616,5
NPL,BTN,04,20140304,6
NPL,BTN,04,20101114,8
NPL,BTN,16,20140104,2
PAK,BTN,04,20031130,2
SAS,BTN,04,20100417,4
AFR,BWA,04,20030823,6
AFR,BWA,14,20000211,3
AFR,BWA,08,20120627,8
AFR,BWA,19,20130313,8
AFR,BWA,04,20110305,2
AGO,BWA,05,20140707,8
BRB,BWA,03,20040623,4
BWA,BWA,17,20130524,1
BWA,BWA,19,20140126,4
BWA,BWA,02,20110531,4
BWA,BWA,11,20101007,4
BWA,BWA,04,20090309,9
BWA,BWA,08,20121218,2
BWA,BWA,03,20080612,3
BWA,BWA,10,20120316,12
BWA,BWA,04,20080804,7
BWA,BWA,05,20090919,5
CHN,BWA,01,20121120,8
CHN,BWA,02,20130513,2
COD,BWA,12,20001122,3
COD,BWA,04,20030731,1
GBR,BWA,01,20050613,2
GHA,BWA,04,20110817,6
LKA,BWA,05,20081114,9
MRT,BWA,03,20010321,1
NAM,BWA,03,20120518,2
NAM,BWA,04,20130907,4
NGA,BWA,04,20011204,4
RWA,BWA,02,20080630,18
SDN,BWA,04,20060731,6
SWE,BWA,04,20000707,9
SYC,BWA,19,20091005,2
USA,BWA,03,20120319,1
USA,BWA,01,20100215,6
USA,BWA,04,20111024,2
USA,BWA,01,20121012,2
ZMB,BWA,11,20131121,10
ZMB,BWA,11,20120903,6
ZMB,BWA,04,20100429,2
ZWE,BWA,02,20130703,16
CAF,CAF,02,20121231,6
CAF,CAF,03,20140109,2
CAF,CAF,11,20130412,4
CMR,CAF,07,20140523,8
CMR,CAF,04,20140529,2
COD,CAF,04,20090519,2
FRA,CAF,02,20121228,4
FRA,CAF,06,20140110,4
FRA,CAF,02,20131015,5
GAB,CAF,04,20110317,1
GIN,CAF,04,20090916,6
HTI,CAF,04,20041018,3
MAR,CAF,07,20140528,2
MCO,CAF,18,20061216,2
NLD,CAF,06,20131210,16
SEN,CAF,19,20131121,3
TCD,CAF,04,20121222,12
TCD,CAF,19,20090626,1
TGO,CAF,04,20091028,1
UGA,CAF,05,20061031,2
UGA,CAF,18,20120415,4
USA,CAF,04,20140828,4
USA,CAF,01,20080207,5
ZMB,CAF,04,20140627,2
ZWE,CAF,08,20100202,4
ABW,CAN,04,20130321,3
ABW,CAN,04,20100224,3
AFG,CAN,04,20140902,1
AFG,CAN,11,20080225,2
AFG,CAN,18,20080822,2
AFG,CAN,17,20100617,5
AFG,CAN,07,20100901,3
AFG,CAN,04,20140428,6
AFG,CAN,01,20120630,2
AFG,CAN,14,20100908,2
AFG,CAN,11,20121121,10
AFG,CAN,04,20080123,3
AFG,CAN,04,20031018,4
AFG,CAN,19,20080910,28
AFG,CAN,19,20080822,21
AFG,CAN,17,20080205,4
AFG,CAN,08,20091031,2
AFG,CAN,04,20140306,10
AFG,CAN,19,20100129,1
AFR,CAN,05,20130912,3
AFR,CAN,03,20030930,1
AFR,CAN,03,20131101,2
AFR,CAN,04,20130406,2
AFR,CAN,04,20110408,1
AFR,CAN,01,20130613,2
ARE,CAN,03,20070117,2
ARE,CAN,16,20101115,3
ARM,CAN,06,20090608,15
ASA,CAN,07,20140516,2
AUS,CAN,01,20100401,2
AUS,CAN,02,20140619,4
AUS,CAN,04,20100118,4
AUS,CAN,05,20140515,6
AUS,CAN,04,20131212,2
AUS,CAN,11,20140625,6
AUS,CAN,03,20080725,6
AUS,CAN,05,20140712,2
AUS,CAN,04,20141218,8
AUS,CAN,05,20130930,16
AUS,CAN,07,20141106,6
AUS,CAN,06,20091208,7
AUS,CAN,07,20120306,4
AUS,CAN,11,20070417,6
AUS,CAN,04,20130901,3
AUS,CAN,04,20100816,1
AUS,CAN,06,20141228,6
AUS,CAN,01,20140418,4
AUS,CAN,04,20001002,9
AUS,CAN,04,20130727,2
AUS,CAN,04,20090524,2
AUS,CAN,01,20120814,3
AUS,CAN,07,20150119,8
AUS,CAN,07,20121201,2
AUS,CAN,04,20121226,2
AUS,CAN,04,20100927,1
AUS,CAN,01,20060705,12
AUS,CAN,03,20141121,8
AUT,CAN,04,20100817,4
AUT,CAN,05,20110222,2
BEL,CAN,01,20071114,2
BEL,CAN,04,20150115,5
BGD,CAN,06,20050425,2
BHR,CAN,13,20110310,15
BMU,CAN,04,20091117,3
BMU,CAN,11,20091211,4
BMU,CAN,06,20090702,5
BRA,CAN,04,20120710,30
BRA,CAN,04,20101101,4
BRA,CAN,03,20010215,3
BRB,CAN,19,20090907,9
BWA,CAN,04,20020227,12
CAN,CAN,09,20101230,4
CAN,CAN,17,20120912,1
CAN,CAN,05,20080124,2
CAN,CAN,08,20150205,1
CAN,CAN,05,20090821,12
CAN,CAN,17,20150127,4
CAN,CAN,03,20130216,5
CAN,CAN,04,20080215,6
CAN,CAN,09,20100911,1
CAN,CAN,10,20001127,5
CAN,CAN,14,20010721,12
CAN,CAN,19,20100918,2
CAN,CAN,05,20101007,8
CAN,CAN,06,20141127,4
CAN,CAN,03,20121023,60
CAN,CAN,18,20141220,10
CAN,CAN,11,20100218,1
CAN,CAN,07,20130122,10
CAN,CAN,07,20130725,20
CAN,CAN,07,20150115,1
CAN,CAN,07,20041206,4
CAN,CAN,01,20110513,2
CAN,CAN,04,20080320,8
CAN,CAN,06,20080814,1
CAN,CAN,05,20001028,2
CAN,CAN,05,20080505,1
CAN,CAN,02,20130301,10
CAN,CAN,06,20140501,10
CAN,CAN,01,20090618,4
CAN,CAN,13,20120306,14
CAN,CAN,08,20080926,9
CAN,CAN,04,20120430,8
CAN,CAN,19,20100809,5
CAN,CAN,03,20130208,1
CAN,CAN,19,20100111,2
CAN,CAN,04,20150111,6
CAN,CAN,02,20120207,4
CAN,CAN,04,20080227,2
CAN,CAN,04,20070108,4
CAN,CAN,09,20120323,9
CAN,CAN,02,20131210,2
CAN,CAN,08,20111005,5
CAN,CAN,01,20100423,5
CAN,CAN,11,20110211,1
CAN,CAN,01,20020905,3
CAN,CAN,19,20141228,4
CAN,CAN,03,20121115,2
CAN,CAN,05,20100219,1
CAN,CAN,08,20140812,4
CAN,CAN,02,20081208,3
CAN,CAN,01,20141015,12
CAN,CAN,19,20090101,3
CAN,CAN,05,20100914,2
CAN,CAN,06,20110810,18
CAN,CAN,01,20130128,24
CAN,CAN,08,20141006,2
CAN,CAN,12,20130411,8
CAN,CAN,01,20081101,10
CAN,CAN,02,20090731,2
CAN,CAN,17,20150122,6
CAN,CAN,17,20100426,3
CAN,CAN,07,20140110,2
CAN,CAN,01,20130910,2
CAN,CAN,04,20110805,6
CAN,CAN,11,20120926,10
CAN,CAN,11,20140821,4
CAN,CAN,01,20150101,1
CAN,CAN,07,20101216,12
CAN,CAN,17,20140630,4
CAN,CAN,07,20110309,8
CAN,CAN,01,20060829,4
CAN,CAN,03,20140529,1
CAN,CAN,03,20010314,3
CAN,CAN,16,20110707,2
CAN,CAN,01,20150110,1
CAN,CAN,05,20140901,12
CAN,CAN,07,20100219,10
CAN,CAN,01,20131018,6
CAN,CAN,07,20141124,14
CAN,CAN,01,20080829,18
CAN,CAN,02,20101209,1
CAN,CAN,01,20091003,6
CAN,CAN,12,20071213,9
CAN,CAN,02,20071106,3
CAN,CAN,12,20080128,5
CAN,CAN,02,20110501,4
CAN,CAN,10,20050809,1
CAN,CAN,13,20070406,10
CAN,CAN,19,20130730,20
CAN,CAN,01,20130817,4
CAN,CAN,11,20030423,1
CAN,CAN,18,20081023,5
CAN,CAN,06,20071127,9
CAN,CAN,04,20080408,8
CAN,CAN,03,20140623,2
CAN,CAN,18,20090505,2
CAN,CAN,04,20080711,7
CAN,CAN,19,20130122,3
CAN,CAN,18,20140927,5
CAN,CAN,01,20111203,1
CAN,CAN,19,20130930,1
CAN,CAN,05,20130702,2
CAN,CAN,17,20130515,5
CAN,CAN,05,20110720,4
CAN,CAN,05,20131022,4
CAN,CAN,03,20111114,4
CAN,CAN,03,20120316,27
CAN,CAN,08,20150122,5
CAN,CAN,07,20090930,10
CAN,CAN,01,20141212,15
CAN,CAN,19,20141022,11
CAN,CAN,03,20061206,1
CAN,CAN,09,20140917,10
CAN,CAN,01,20050728,2
CAN,CAN,07,20131107,10
CAN,CAN,19,20100219,3
CAN,CAN,08,20130826,18
CAN,CAN,08,20000901,3
CAN,CAN,01,20061002,1
CAN,CAN,09,20101031,4
CAN,CAN,09,20140204,60
CAN,CAN,17,20140309,1
CAN,CAN,02,20070302,10
CAN,CAN,11,20120422,5
CAN,CAN,04,20100219,6
CAN,CAN,07,20111102,4
CAN,CAN,10,20130614,10
CAN,CAN,06,20120531,4
CAN,CAN,01,20140921,20
CAN,CAN,01,20100111,2
CAN,CAN,19,20120309,2
CAN,CAN,17,20111110,1
CAN,CAN,18,20090127,4
CAN,CAN,07,20111215,3
CAN,CAN,11,20080720,1
CAN,CAN,07,20140115,10
CAN,CAN,08,20120723,4
CAN,CAN,01,20041028,2
CAN,CAN,04,20140722,4
CAN,CAN,05,20150217,6
CAN,CAN,02,20090219,5
CAN,CAN,19,20140416,2
CAN,CAN,02,20100409,9
CAN,CAN,10,20130430,3
CAN,CAN,02,20131223,5
CAN,CAN,05,20121216,6
CAN,CAN,08,20130127,8
CAN,CAN,11,20110719,5
CAN,CAN,01,20100422,4
CAN,CAN,01,20140708,4
CAN,CAN,05,20101120,24
CAN,CAN,10,20120314,3
CAN,CAN,11,20120608,30
CAN,CAN,04,20140106,36
CAN,CAN,04,20100828,16
CAN,CAN,13,20140601,5
CAN,CAN,09,20110203,10
CAN,CAN,16,20090529,2
CAN,CAN,07,20140912,5
CAN,CAN,05,20110713,2
CAN,CAN,04,20140518,2
CAN,CAN,17,20100526,6
CAN,CAN,13,20080818,5
CAN,CAN,09,20130109,14
CAN,CAN,03,20120127,18
CAN,CAN,01,20140613,4
CAN,CAN,04,20140610,18
CAN,CAN,04,20130103,3
CAN,CAN,01,20120602,21
CAN,CAN,04,20120609,38
CAN,CAN,17,20120125,5
CAN,CAN,01,20110215,8
CAN,CAN,04,20000610,4
CAN,CAN,09,20120604,3
CAN,CAN,01,20130313,35
CAN,CAN,19,20100806,4
CHE,CAN,04,20081010,9
CHE,CAN,04,20120914,2
CHE,CAN,05,20090825,2
CHL,CAN,19,20140226,2
CHN,CAN,05,20101206,2
CHN,CAN,17,20140729,4
CHN,CAN,03,20140913,10
CHN,CAN,05,20140529,1
CHN,CAN,06,20140815,1
CHN,CAN,09,20140808,6
CHN,CAN,04,20091105,1
CHN,CAN,10,20121003,1
CHN,CAN,10,20141108,28
CHN,CAN,04,20110702,7
CHN,CAN,04,20111121,3
CHN,CAN,05,20080317,9
CHN,CAN,03,20120816,8
CHN,CAN,12,20091025,7
CHN,CAN,04,20111231,9
CHN,CAN,04,20130704,2
CHN,CAN,13,20120428,63
CHN,CAN,02,20141015,38
CHN,CAN,08,20110722,1
CUB,CAN,12,20120608,4
CUB,CAN,08,20140322,1
CUB,CAN,17,20120418,6
CUB,CAN,04,20140828,53
CUB,CAN,05,20090315,1
CUB,CAN,02,20130823,8
CYP,CAN,04,20100705,10
CZE,CAN,10,20091020,9
CZE,CAN,03,20101122,8
CZE,CAN,02,20090511,4
DEU,CAN,02,20120605,4
DEU,CAN,07,20080901,2
DEU,CAN,07,20121025,6
DEU,CAN,01,20110216,8
DEU,CAN,03,20101102,4
DEU,CAN,03,20070509,16
DEU,CAN,04,20140901,26
DEU,CAN,04,20110425,5
DEU,CAN,01,20090416,24
DEU,CAN,19,20120606,5
DEU,CAN,04,20090626,8
DNK,CAN,04,20120125,18
DNK,CAN,05,20090814,12
DNK,CAN,14,20050810,2
DNK,CAN,04,20141116,8
DNK,CAN,04,20080531,18
DNK,CAN,02,20091126,2
DZA,CAN,04,20130702,14
DZA,CAN,11,20011121,2
ECU,CAN,11,20120530,14
ECU,CAN,04,20120426,2
EGY,CAN,17,20140623,3
EGY,CAN,17,20070424,45
EGY,CAN,04,20130820,1
EGY,CAN,03,20130911,2
EGY,CAN,06,20130715,2
ESP,CAN,04,20110203,3
EST,CAN,01,20021213,3
EST,CAN,04,20140610,2
EUR,CAN,02,20121115,4
EUR,CAN,05,20091203,3
EUR,CAN,02,20091030,2
EUR,CAN,05,20111128,1
EUR,CAN,11,20140927,6
EUR,CAN,12,20111208,9
EUR,CAN,02,20090727,9
EUR,CAN,05,20131018,2
FRA,CAN,03,20120403,5
FRA,CAN,05,20120322,4
FRA,CAN,04,20140211,2
FRA,CAN,05,20081017,1
FRA,CAN,11,20110404,6
FRA,CAN,11,20120616,7
FRA,CAN,07,20140315,7
FRA,CAN,04,20090712,2
FRA,CAN,04,20130719,4
FRA,CAN,08,20090211,8
FSM,CAN,04,20140825,4
GBR,CAN,04,20120527,5
GBR,CAN,04,20100906,2
GBR,CAN,07,20140127,18
GBR,CAN,01,20090130,6
GBR,CAN,11,20080207,8
GBR,CAN,04,20141006,3
GBR,CAN,08,20090126,3
GBR,CAN,02,20090710,1
GBR,CAN,01,20121102,2
GBR,CAN,04,20140505,2
GBR,CAN,04,20110804,2
GBR,CAN,08,20120128,1
GBR,CAN,17,20030224,2
GBR,CAN,17,20070403,6
GBR,CAN,03,20140707,6
GBR,CAN,03,20081012,1
GBR,CAN,04,20071005,4
GBR,CAN,04,20110713,5
GBR,CAN,05,20130906,20
GBR,CAN,05,20121001,16
GBR,CAN,19,20100804,2
GBR,CAN,04,20140909,3
GBR,CAN,18,20131116,3
GBR,CAN,03,20080813,6
GBR,CAN,04,20060713,5
GBR,CAN,01,20060125,2
GBR,CAN,03,20101214,4
GBR,CAN,01,20120125,2
GBR,CAN,19,20140829,40
GBR,CAN,17,20130708,4
GBR,CAN,11,20071019,1
GBR,CAN,04,20070919,2
GBR,CAN,10,20120710,6
GBR,CAN,19,20010828,2
GBR,CAN,17,20000120,5
GBR,CAN,08,20090321,3
GHA,CAN,05,20120604,2
GRC,CAN,01,20141222,2
GRC,CAN,04,20110406,4
GRC,CAN,06,20120506,9
GRD,CAN,07,20130430,6
GRD,CAN,01,20090922,4
GTM,CAN,04,20110816,4
HND,CAN,11,20090929,1
HRV,CAN,08,20130722,1
HTI,CAN,04,20130110,6
HTI,CAN,13,20130802,1
HTI,CAN,02,20100118,2
HTI,CAN,17,20060503,1
HUN,CAN,04,20110106,1
IDN,CAN,04,20090329,6
IDN,CAN,04,20110916,9
IND,CAN,07,20140901,1
IND,CAN,17,20000207,1
IRL,CAN,04,20140908,4
IRL,CAN,07,20101121,2
IRL,CAN,19,20140506,1
IRN,CAN,04,20071204,6
IRN,CAN,11,20121113,8
IRN,CAN,19,20031207,4
IRN,CAN,04,20030715,6
IRN,CAN,01,20030713,1
IRN,CAN,16,20110818,4
IRQ,CAN,04,20100920,12
IRQ,CAN,11,20150121,2
IRQ,CAN,02,20070803,3
IRQ,CAN,04,20140901,2
ISR,CAN,11,20090305,2
ISR,CAN,04,20120611,2
ISR,CAN,12,20110725,2
ISR,CAN,01,20100418,5
ISR,CAN,05,20120907,8
ISR,CAN,06,20140829,5
ISR,CAN,01,20090108,2
ITA,CAN,05,20080401,2
ITA,CAN,05,20140326,2
ITA,CAN,04,20141127,1
ITA,CAN,05,20080401,6
ITA,CAN,04,20080929,1
JAM,CAN,08,20101022,9
JAM,CAN,04,20140213,8
JAM,CAN,04,20140811,6
JAM,CAN,05,20120131,1
JAM,CAN,04,20091209,2
JOR,CAN,04,20140902,2
JOR,CAN,01,20100221,2
JPN,CAN,04,20131209,2
JPN,CAN,05,20090211,16
JPN,CAN,11,20100724,1
JPN,CAN,06,20120618,1
JPN,CAN,04,20090425,2
JPN,CAN,11,20100202,18
JPN,CAN,02,20130801,1
JPN,CAN,05,20110708,2
JPN,CAN,11,20140415,1
JPN,CAN,04,20110401,6
KEN,CAN,02,20140305,10
KEN,CAN,05,20101109,3
KEN,CAN,04,20090211,8
KEN,CAN,18,20030226,4
KOR,CAN,01,20100223,10
KOR,CAN,04,20101122,9
KOR,CAN,04,20101108,8
KOR,CAN,08,20121023,5
KOR,CAN,03,20000726,9
KOR,CAN,08,20120121,1
KOR,CAN,05,20110414,9
LAM,CAN,02,20010208,6
LBN,CAN,01,20050809,5
LBY,CAN,01,20110914,6
LBY,CAN,04,20110825,4
LBY,CAN,17,20100921,22
LCA,CAN,01,20141008,9
LKA,CAN,04,20131112,3
LKA,CAN,17,20091020,4
LTU,CAN,04,20110711,4
LVA,CAN,03,20010907,2
MAR,CAN,03,20090318,1
MAR,CAN,17,20110510,18
MCO,CAN,04,20110825,1
MCO,CAN,17,20150129,10
MCO,CAN,04,20090219,2
MCO,CAN,04,20140512,20
MDV,CAN,01,20120531,6
MDV,CAN,16,20120925,2
MDV,CAN,04,20140106,1
MEX,CAN,06,20040220,2
MEX,CAN,08,20130712,12
MEX,CAN,04,20100730,6
MEX,CAN,01,20130721,4
MEX,CAN,09,20120130,2
MEX,CAN,04,20090504,9
MEX,CAN,02,20150113,8
MEX,CAN,04,20111114,8
MEX,CAN,05,20100415,8
MEX,CAN,04,20100219,9
MEX,CAN,04,20100922,3
MEX,CAN,04,20130909,20
MEX,CAN,01,20090323,6
MEX,CAN,04,20140216,10
MEX,CAN,04,20140718,6
MEX,CAN,04,20021211,1
MEX,CAN,05,20050302,1
MLI,CAN,04,20120407,3
MMR,CAN,01,20100808,15
MMR,CAN,06,20090203,7
MNG,CAN,02,20121128,7
MRT,CAN,17,20130726,40
MRT,CAN,17,20080812,5
MYS,CAN,04,20061209,1
MYS,CAN,14,20111015,4
NAM,CAN,04,20030729,5
NGA,CAN,16,20101008,5
NGA,CAN,04,20060817,1
NLD,CAN,13,20090127,2
NLD,CAN,04,20140701,4
NLD,CAN,17,20141115,1
NLD,CAN,04,20140402,6
NLD,CAN,05,20121202,5
NMR,CAN,04,20110522,2
NMR,CAN,04,20111027,1
NMR,CAN,04,20140924,4
NMR,CAN,04,20120410,1
NOR,CAN,05,20131218,16
NOR,CAN,17,20110819,1
NOR,CAN,05,20071005,8
NOR,CAN,04,20140404,2
NOR,CAN,07,20090213,8
NOR,CAN,07,20120925,8
NPL,CAN,04,20141015,18
NZL,CAN,04,20131008,8
NZL,CAN,04,20131114,8
NZL,CAN,04,20061215,6
NZL,CAN,04,20090906,1
NZL,CAN,04,20141218,4
PAK,CAN,11,20090314,4
PAK,CAN,04,20101002,2
PAK,CAN,03,20140623,10
PAK,CAN,18,20120407,3
PAN,CAN,17,20150205,8
PER,CAN,04,20130218,2
PHL,CAN,02,20140701,8
PHL,CAN,04,20100916,1
PHL,CAN,04,20100921,1
PHL,CAN,07,20130922,4
PLW,CAN,05,20140930,8
PNG,CAN,03,20131225,8
POL,CAN,02,20080301,9
POL,CAN,04,20081114,3
POL,CAN,04,20100112,2
POL,CAN,04,20141209,20
POL,CAN,03,20080405,2
POL,CAN,19,20121204,4
PRK,CAN,04,20000713,2
PRY,CAN,03,20090901,1
PSE,CAN,04,20140121,2
PSE,CAN,02,20100103,10
PSE,CAN,17,20131203,1
PSE,CAN,11,20150118,4
QAT,CAN,05,20130903,10
RUS,CAN,04,20101117,1
RUS,CAN,19,20091030,1
RUS,CAN,03,20001114,3
RUS,CAN,02,20130809,8
RUS,CAN,03,20140313,4
RUS,CAN,05,20011211,16
RUS,CAN,01,20140324,3
RUS,CAN,05,20000629,15
RUS,CAN,04,20130906,18
RWA,CAN,12,20010402,1
SAU,CAN,17,20080405,1
SAU,CAN,17,20111031,3
SAU,CAN,01,20100802,4
SAU,CAN,17,20150204,2
SAU,CAN,04,20100921,2
SWE,CAN,01,20140711,2
SWE,CAN,05,20110426,2
SWE,CAN,04,20020829,1
SYC,CAN,19,20100828,2
SYC,CAN,01,20120216,2
SYC,CAN,01,20100830,4
SYR,CAN,03,20130824,2
SYR,CAN,01,20090120,6
SYR,CAN,17,20100505,7
SYR,CAN,02,20110812,3
THA,CAN,14,20140113,7
THA,CAN,04,20100426,2
THA,CAN,11,20130820,48
THA,CAN,05,20140702,2
TTO,CAN,04,20110805,9
TUR,CAN,04,20101021,1
TUR,CAN,08,20131128,6
TUR,CAN,06,20140712,6
TZA,CAN,03,20081103,9
UGA,CAN,05,20000923,2
UGA,CAN,17,20140915,3
UKR,CAN,05,20140915,4
UKR,CAN,19,20140420,5
UKR,CAN,05,20090621,2
USA,CAN,11,20110716,4
USA,CAN,03,20080410,2
USA,CAN,19,20121010,8
USA,CAN,08,20110830,2
USA,CAN,11,20130212,6
USA,CAN,11,20140430,1
USA,CAN,05,20140506,10
USA,CAN,01,20050925,1
USA,CAN,04,20040202,4
USA,CAN,01,20111019,9
USA,CAN,03,20100526,1
USA,CAN,17,20090814,14
USA,CAN,02,20110217,9
USA,CAN,09,20140224,4
USA,CAN,04,20140321,9
USA,CAN,07,20131017,18
USA,CAN,01,20080623,3
USA,CAN,12,20150131,8
USA,CAN,07,20120820,1
USA,CAN,02,20140306,2
USA,CAN,18,20130311,10
USA,CAN,09,20120720,8
USA,CAN,19,20140408,12
USA,CAN,04,20060628,1
USA,CAN,13,20120227,261
USA,CAN,01,20101231,2
USA,CAN,04,20071116,4
USA,CAN,06,20131126,6
USA,CAN,19,20080624,1
USA,CAN,05,20140905,6
USA,CAN,19,20130908,6
USA,CAN,19,20150120,8
USA,CAN,06,20101126,243
USA,CAN,19,20150107,1
USA,CAN,01,20120922,4
USA,CAN,05,20110509,2
USA,CAN,04,20120217,9
USA,CAN,12,20141113,3
USA,CAN,06,20090715,1
USA,CAN,14,20110816,7
USA,CAN,06,20120108,1
USA,CAN,05,20140131,6
USA,CAN,05,20060512,4
USA,CAN,04,20110905,8
USA,CAN,09,20120710,10
USA,CAN,08,20140618,3
USA,CAN,17,20120702,16
USA,CAN,05,20131123,5
USA,CAN,04,20070811,28
USA,CAN,04,20150125,38
USA,CAN,11,20140824,2
USA,CAN,11,20110601,9
USA,CAN,05,20081124,2
USA,CAN,15,20091025,1
USA,CAN,02,20121017,15
USA,CAN,03,20141118,3
USA,CAN,04,20040827,1
USA,CAN,04,20051107,1
USA,CAN,11,20110813,3
USA,CAN,03,20070305,2
USA,CAN,04,20101124,81
USA,CAN,01,20141021,2
USA,CAN,04,20091211,7
USA,CAN,08,20080717,9
USA,CAN,07,20131104,6
USA,CAN,05,20091120,2
USA,CAN,04,20120327,10
USA,CAN,02,20100526,1
USA,CAN,06,20140224,2
USA,CAN,01,20131225,3
USA,CAN,17,20130904,2
USA,CAN,02,20100131,3
USA,CAN,05,20150114,6
USA,CAN,11,20140921,60
USA,CAN,17,20130706,1
USA,CAN,04,20101206,9
USA,CAN,04,20120205,1
USA,CAN,01,20140811,6
USA,CAN,05,20121128,10
USA,CAN,02,20140604,6
USA,CAN,04,20110603,4
USA,CAN,04,20091102,23
USA,CAN,11,20070612,7
USA,CAN,01,20110117,63
USA,CAN,19,20131119,20
USA,CAN,04,20091226,27
USA,CAN,06,20120715,1
USA,CAN,02,20111107,2
USA,CAN,04,20090708,10
USA,CAN,04,20091208,8
USA,CAN,04,20121208,2
USA,CAN,17,20140427,6
USA,CAN,04,20021023,3
USA,CAN,19,20141024,2
USA,CAN,01,20110302,5
USA,CAN,19,20141022,23
USA,CAN,03,20140918,7
USA,CAN,17,20131204,4
USA,CAN,06,20110805,2
USA,CAN,04,20140826,2
USA,CAN,04,20090307,3
USA,CAN,04,20130220,1
USA,CAN,17,20080605,6
USA,CAN,03,20100127,8
USA,CAN,04,20120125,7
USA,CAN,18,20120827,1
USA,CAN,02,20131029,20
USA,CAN,01,20081020,4
USA,CAN,02,20110607,9
USA,CAN,17,20130517,2
USA,CAN,04,20100721,3
USA,CAN,01,20040415,1
USA,CAN,05,20141203,10
USA,CAN,09,20140519,1
USA,CAN,02,20080510,7
USA,CAN,01,20120721,1
USA,CAN,03,20140616,4
USA,CAN,19,20121221,2
USA,CAN,04,20111105,9
USA,CAN,11,20110803,10
USA,CAN,04,20090802,2
USA,CAN,05,20120604,3
USA,CAN,01,20140512,18
USA,CAN,04,20080916,13
USA,CAN,02,20120509,17
USA,CAN,11,20090311,1
USA,CAN,10,20080603,2
USA,CAN,05,20111130,1
USA,CAN,19,20140127,6
USA,CAN,17,20120531,9
USA,CAN,06,20090320,5
USA,CAN,08,20120830,19
USA,CAN,01,20041019,1
USA,CAN,03,20140505,4
USA,CAN,09,20070115,3
USA,CAN,10,20090217,16
USA,CAN,03,20141120,20
USA,CAN,02,20110531,2
USA,CAN,08,20140726,4
USA,CAN,08,20140630,1
USA,CAN,05,20121018,70
USA,CAN,17,20080413,1
USA,CAN,11,20140301,2
USA,CAN,11,20150114,7
USA,CAN,03,20120626,12
USA,CAN,01,20140726,4
USA,CAN,05,20141003,8
USA,CAN,11,20081004,4
USA,CAN,09,20020726,9
USA,CAN,09,20120308,6
USA,CAN,09,20100817,1
USA,CAN,07,20120508,1
USA,CAN,10,20091008,2
USA,CAN,03,20120929,10
USA,CAN,01,20030703,2
USA,CAN,04,20090829,5
USA,CAN,02,20121226,3
USA,CAN,08,20140708,6
USA,CAN,17,20130111,8
USA,CAN,19,20120826,7
USA,CAN,07,20141024,32
USA,CAN,01,20061115,2
USA,CAN,04,20121221,6
USA,CAN,07,20090801,1
USA,CAN,04,20081204,2
VAT,CAN,04,20130709,40
VUT,CAN,16,20111022,4
WST,CAN,01,20130811,20
WST,CAN,06,20110627,8
ZWE,CAN,04,20141204,2
KAZ,CAS,05,20050225,1
RUS,CAS,08,20080812,7
RUS,CAS,03,20141130,16
UKR,CAS,07,20140416,6
AFG,CHE,11,20120320,6
AFG,CHE,19,20130116,14
AFG,CHE,11,20130819,10
AFR,CHE,01,20120126,2
AGO,CHE,04,20000118,1
ARE,CHE,04,20101107,7
ARG,CHE,13,20120401,10
ARG,CHE,07,20110110,2
ARG,CHE,19,20101027,7
AUS,CHE,19,20120405,2
AUS,CHE,02,20131126,8
AUT,CHE,17,20091130,2
AUT,CHE,05,20110718,1
AUT,CHE,03,20140218,24
AUT,CHE,17,20110620,1
AZE,CHE,04,20100129,6
BEL,CHE,05,20101206,8
BEL,CHE,11,20141117,8
BEL,CHE,02,20030514,9
BEL,CHE,04,20140210,150
BEL,CHE,16,20140725,17
BLR,CHE,04,20101201,2
BRA,CHE,01,20090219,2
BRN,CHE,05,20141124,8
CAN,CHE,04,20101103,1
CAN,CHE,07,20091124,1
CHE,CHE,03,20110224,4
CHE,CHE,04,20101126,6
CHE,CHE,04,20110804,2
CHE,CHE,05,20131121,4
CHE,CHE,01,20070326,2
CHE,CHE,04,20100107,2
CHE,CHE,05,20030911,5
CHE,CHE,04,20030404,2
CHE,CHE,07,20070919,4
CHE,CHE,18,20140407,3
CHE,CHE,04,20111104,8
CHE,CHE,04,20000412,1
CHE,CHE,03,20001019,6
CHE,CHE,12,20120125,2
CHE,CHE,13,20111019,45
CHE,CHE,08,20120214,10
CHE,CHE,12,20130607,10
CHE,CHE,13,20110210,2
CHE,CHE,01,20100207,14
CHE,CHE,02,20121021,8
CHE,CHE,09,20150218,219
CHE,CHE,05,20030213,8
CHE,CHE,05,20121105,4
CHE,CHE,01,20090220,6
CHE,CHE,02,20110526,4
CHE,CHE,07,20110712,9
CHE,CHE,02,20140427,6
CHE,CHE,05,20120823,24
CHE,CHE,11,20130215,1
CHE,CHE,11,20090227,2
CHE,CHE,12,20090929,4
CHE,CHE,17,20090622,8
CHE,CHE,09,20110209,6
CHE,CHE,04,20130101,2
CHE,CHE,01,20130829,12
CHE,CHE,05,20130913,16
CHE,CHE,01,20110701,3
CHE,CHE,04,20120130,1
CHN,CHE,03,20130706,34
CHN,CHE,04,20150125,3
CHN,CHE,04,20140905,8
CHN,CHE,03,20130925,1
CHN,CHE,01,20140210,6
COL,CHE,19,20110608,1
CUB,CHE,04,20141128,78
CUB,CHE,04,20141215,2
CYM,CHE,05,20140210,2
DEU,CHE,04,20101111,10
DEU,CHE,04,20120304,70
DEU,CHE,17,20131104,3
DEU,CHE,05,20101202,2
DEU,CHE,06,20110527,9
DEU,CHE,19,20070126,2
DEU,CHE,10,20140504,9
DZA,CHE,04,20090614,3
EGY,CHE,02,20041002,1
EGY,CHE,04,20090301,5
EGY,CHE,04,20110825,8
ESP,CHE,01,20130213,1
ESP,CHE,06,20070307,7
ESP,CHE,04,20101205,8
EUR,CHE,04,20090914,48
EUR,CHE,03,20070510,2
EUR,CHE,05,20101204,18
EUR,CHE,05,20140507,80
EUR,CHE,02,20071126,1
FRA,CHE,04,20140706,4
FRA,CHE,19,20050302,6
FRA,CHE,11,20080130,6
FRA,CHE,03,20130624,2
FRA,CHE,04,20100228,3
FRA,CHE,04,20140120,2
FRA,CHE,01,20120726,7
FRA,CHE,07,20010520,4
FRA,CHE,01,20090618,4
FRA,CHE,05,20121010,16
FRA,CHE,05,20030604,1
FRA,CHE,09,20110211,3
FRA,CHE,08,20090929,5
FRA,CHE,04,20100727,9
FRA,CHE,02,20090928,43
FRA,CHE,01,20120508,1
FRA,CHE,08,20121002,8
GBR,CHE,17,20110908,2
GBR,CHE,01,20081230,1
GBR,CHE,12,20090623,5
GBR,CHE,05,20140410,3
GBR,CHE,01,20101206,1
GBR,CHE,04,20091211,3
GBR,CHE,05,20140528,4
GRC,CHE,19,20101102,2
GRC,CHE,17,20050824,4
HRV,CHE,04,20011002,2
HTI,CHE,01,20111021,152
IND,CHE,17,20140730,1
IRL,CHE,17,20100417,22
IRN,CHE,04,20110227,9
IRN,CHE,04,20140531,2
IRN,CHE,05,20131024,1
IRN,CHE,16,20140317,2
IRN,CHE,04,20131114,15
IRN,CHE,04,20111103,16
IRN,CHE,12,20090929,5
IRN,CHE,04,20140407,8
IRN,CHE,11,20131113,6
IRN,CHE,04,20120114,102
IRN,CHE,03,20141214,1
IRQ,CHE,04,20040422,7
IRQ,CHE,13,20140924,7
IRQ,CHE,06,20110802,3
ISL,CHE,05,20140724,2
ISR,CHE,06,20140723,2
ISR,CHE,11,20000402,4
ISR,CHE,02,20111026,16
ISR,CHE,07,20031015,6
ISR,CHE,01,20130906,10
ISR,CHE,04,20121105,18
ITA,CHE,04,20070412,6
ITA,CHE,04,20070609,6
ITA,CHE,01,20060504,1
ITA,CHE,01,20140210,18
JOR,CHE,04,20100517,9
JOR,CHE,07,20080405,16
JOR,CHE,04,20090804,16
JOR,CHE,04,20091022,1
JPN,CHE,05,20120520,9
JPN,CHE,04,20030821,8
KEN,CHE,03,20100920,2
KEN,CHE,04,20111125,9
KHM,CHE,04,20131213,5
KHM,CHE,17,20000126,7
KOR,CHE,05,20130105,1
KWT,CHE,04,20110915,4
LBN,CHE,05,20130918,2
LBY,CHE,05,20090802,18
LBY,CHE,04,20090824,4
LBY,CHE,11,20101208,12
LBY,CHE,07,20121113,2
LBY,CHE,04,20090925,10
LBY,CHE,01,20110302,4
LBY,CHE,17,20091204,6
LBY,CHE,11,20110220,6
LKA,CHE,02,20140213,5
LUX,CHE,01,20020716,2
MCO,CHE,04,20140305,20
MDA,CHE,12,20100816,6
MEX,CHE,17,20060524,4
MEX,CHE,04,20090430,8
MEX,CHE,04,20120226,1
MLI,CHE,05,20040506,6
MYS,CHE,04,20000410,8
NLD,CHE,07,20130726,1
NLD,CHE,05,20091215,2
NLD,CHE,17,20120314,4
NOR,CHE,04,20051216,1
NOR,CHE,04,20120125,1
PAK,CHE,02,20070213,2
PAK,CHE,12,20100709,4
PAK,CHE,17,20130125,1
PAK,CHE,11,20091203,9
PAK,CHE,03,20070122,4
PHL,CHE,04,20130729,2
PHL,CHE,04,20120616,2
PHL,CHE,08,20090216,4
POL,CHE,11,20141029,10
PRK,CHE,01,20140218,8
PRY,CHE,09,20031219,2
PSE,CHE,04,20070427,2
RUS,CHE,02,20100202,3
RUS,CHE,03,20130913,18
RUS,CHE,12,20141106,6
RUS,CHE,04,20110307,2
RUS,CHE,08,20010511,4
RUS,CHE,04,20110429,4
RUS,CHE,03,20131101,9
RUS,CHE,04,20140721,3
RUS,CHE,05,20140211,8
RUS,CHE,04,20130912,225
RUS,CHE,01,20111003,2
SAU,CHE,05,20130920,6
SAU,CHE,11,20131118,3
SDN,CHE,04,20070311,10
SEA,CHE,04,20090422,2
SEA,CHE,18,20090314,2
SGP,CHE,12,20001221,2
SGP,CHE,11,20120418,4
SLV,CHE,19,20031117,3
SMR,CHE,05,20131116,2
SWE,CHE,01,20150120,1
SWE,CHE,01,20120916,4
SYR,CHE,02,20140115,17
SYR,CHE,01,20120608,16
SYR,CHE,03,20130909,8
SYR,CHE,11,20140216,4
SYR,CHE,04,20121228,6
TCD,CHE,04,20100212,3
TCD,CHE,01,20061214,8
THA,CHE,18,20110223,9
TUR,CHE,05,20091011,1
TUR,CHE,09,20141103,4
TUR,CHE,04,20140312,3
TUR,CHE,01,20031031,2
TUR,CHE,03,20100806,2
UKR,CHE,09,20110610,4
UKR,CHE,01,20140425,12
UKR,CHE,05,20120112,9
UKR,CHE,02,20080812,2
USA,CHE,04,20030330,1
USA,CHE,03,20121109,1
USA,CHE,01,20081022,10
USA,CHE,04,20080721,2
USA,CHE,04,20150115,3
USA,CHE,02,20090923,24
USA,CHE,01,20100105,9
USA,CHE,01,20141104,1
USA,CHE,03,20141202,8
USA,CHE,05,20031021,16
USA,CHE,17,20120317,9
USA,CHE,12,20131221,4
USA,CHE,05,20141105,12
USA,CHE,04,20110427,14
USA,CHE,01,20111107,3
USA,CHE,04,20130106,1
USA,CHE,03,20091117,20
USA,CHE,19,20110521,8
USA,CHE,13,20110630,5
USA,CHE,18,20090803,2
USA,CHE,04,20110206,9
USA,CHE,01,20101204,18
USA,CHE,04,20110225,7
USA,CHE,07,20110110,7
USA,CHE,12,20101005,4
USA,CHE,08,20130628,8
USA,CHE,06,20070509,9
USA,CHE,19,20120326,55
USA,CHE,14,20080112,5
USA,CHE,03,20090722,1
USA,CHE,07,20101208,8
USA,CHE,12,20130704,10
USA,CHE,03,20140120,4
USA,CHE,04,20090306,1
USA,CHE,03,20000621,8
USA,CHE,04,20090309,1
USA,CHE,12,20070103,3
USA,CHE,04,20110804,4
USA,CHE,11,20120924,10
USA,CHE,04,20140724,16
USA,CHE,04,20080827,9
USA,CHE,03,20121209,6
USA,CHE,05,20100915,1
USA,CHE,12,20090419,20
USA,CHE,03,20090913,4
USA,CHE,04,20120708,7
USA,CHE,01,20140523,2
USA,CHE,07,20100924,10
USA,CHE,17,20131223,4
USA,CHE,01,20080912,2
USA,CHE,01,20120319,6
USA,CHE,09,20080416,1
VNM,CHE,04,20140521,9
VNM,CHE,08,20140607,4
VNM,CHE,04,20081112,9
WST,CHE,08,20020316,9
ZAF,CHE,11,20030808,2
ZWE,CHE,10,20111101,1
ARG,CHL,03,20000331,7
ARG,CHL,05,20040118,7
ARG,CHL,11,20140426,78
ARG,CHL,02,20010311,3
ARG,CHL,04,20060721,3
AUS,CHL,03,20140422,4
AUS,CHL,06,20130730,1
AUS,CHL,04,20110812,24
BOL,CHL,04,20000611,24
BOL,CHL,03,20040302,6
BOL,CHL,01,20040108,3
BOL,CHL,19,20081028,1
BOL,CHL,04,20120930,2
BRA,CHL,04,20100228,4
BRA,CHL,17,20141128,3
BRA,CHL,04,20140601,5
CAN,CHL,04,20110920,5
CAN,CHL,03,20051118,4
CAN,CHL,07,20040601,2
CHL,CHL,01,20130126,2
CHL,CHL,02,20100228,11
CHL,CHL,03,20110720,2
CHL,CHL,11,20120306,2
CHL,CHL,05,20140630,15
CHL,CHL,04,20090327,10
CHL,CHL,19,20110520,9
CHL,CHL,14,20140327,4
CHL,CHL,05,20140515,5
CHL,CHL,01,20090918,8
CHL,CHL,13,20130626,4
CHL,CHL,01,20140311,6
CHL,CHL,08,20140905,20
CHL,CHL,07,20101001,2
CHL,CHL,01,20080229,4
CHL,CHL,01,20100808,13
CHL,CHL,04,20030214,1
CHL,CHL,01,20130820,4
CHL,CHL,18,20131114,10
CHL,CHL,03,20121108,10
CHL,CHL,02,20120304,1
CHL,CHL,12,20130924,2
CHL,CHL,04,20081021,1
CHL,CHL,01,20100512,2
CHL,CHL,05,20100120,1
CHL,CHL,01,20120707,3
CHN,CHL,04,20030206,3
CHN,CHL,04,20141109,5
CHN,CHL,03,20131007,1
CHN,CHL,12,20101214,2
COL,CHL,03,20140220,12
COL,CHL,04,20140527,8
COL,CHL,04,20101124,2
CUB,CHL,04,20090714,3
CZE,CHL,04,20001126,16
DEU,CHL,19,20120528,1
DZA,CHL,05,20050517,4
ECU,CHL,04,20101002,10
ESP,CHL,04,20080722,4
ESP,CHL,04,20100924,9
ESP,CHL,04,20080820,1
ESP,CHL,03,20040530,6
ESP,CHL,04,20130731,2
ESP,CHL,04,20071109,3
ESP,CHL,04,20110615,1
EUR,CHL,04,20131229,2
GBR,CHL,17,20131222,5
HND,CHL,04,20090826,1
ITA,CHL,04,20110609,3
JAM,CHL,11,20101230,2
JPN,CHL,04,20130909,4
NGA,CHL,01,20081010,4
NGA,CHL,01,20001201,4
NGA,CHL,04,20000926,6
NLD,CHL,04,20140403,2
NOR,CHL,04,20050409,7
PAN,CHL,04,20090518,9
PER,CHL,02,20091229,6
PER,CHL,03,20140127,4
PER,CHL,04,20051108,1
PER,CHL,04,20110412,38
PER,CHL,06,20150211,4
PER,CHL,02,20140803,8
PHL,CHL,13,20120918,8
PHL,CHL,05,20120529,2
PHL,CHL,01,20110727,1
PRY,CHL,04,20091217,1
PSE,CHL,05,20020406,9
RUS,CHL,05,20041119,4
SLV,CHL,04,20110322,5
SWE,CHL,06,20130917,10
SWE,CHL,04,20110519,4
THA,CHL,06,20070506,2
TUR,CHL,06,20150202,28
URY,CHL,02,20010605,3
URY,CHL,04,20111123,16
USA,CHL,01,20110909,2
USA,CHL,04,20000309,4
USA,CHL,04,20080411,12
USA,CHL,05,20140512,5
USA,CHL,18,20000323,5
USA,CHL,05,20110612,1
USA,CHL,02,20101008,6
USA,CHL,01,20060401,3
USA,CHL,04,20110312,1
USA,CHL,07,20110126,19
USA,CHL,04,20120929,4
USA,CHL,04,20110112,2
VAT,CHL,01,20130725,2
VEN,CHL,04,20040112,1
VNM,CHL,05,20130218,4
VNM,CHL,04,20061116,6
VNM,CHL,04,20031023,4
AFG,CHN,04,20111030,6
AFG,CHN,04,20141027,6
AFG,CHN,04,20101104,3
AFG,CHN,09,20130812,10
AFG,CHN,17,20141030,2
AFG,CHN,04,20041207,5
AFG,CHN,04,20130805,4
AFG,CHN,19,20080720,3
AFG,CHN,03,20141020,2
AFG,CHN,04,20110405,3
AFG,CHN,03,20141022,8
AFG,CHN,04,20011222,4
AFG,CHN,04,20090727,9
AFR,CHN,11,20070425,2
AFR,CHN,01,20061116,1
AFR,CHN,01,20091110,6
AFR,CHN,05,20020812,2
AFR,CHN,04,20080214,4
AFR,CHN,04,20091219,18
AFR,CHN,03,20130613,18
AFR,CHN,06,20120807,4
AFR,CHN,19,20121209,1
AFR,CHN,06,20060808,6
AFR,CHN,19,20080303,4
AFR,CHN,03,20130814,6
AFR,CHN,04,20100424,22
AFR,CHN,03,20030312,2
AFR,CHN,12,20111203,3
AGO,CHN,03,20121031,4
AGO,CHN,04,20110322,2
AGO,CHN,12,20120528,1
ALB,CHN,04,20100823,1
ALB,CHN,07,20090421,9
ALB,CHN,02,20110805,3
ARE,CHN,04,20070411,1
ARE,CHN,04,20100701,1
ARE,CHN,05,20101230,1
ARG,CHN,04,20101207,2
ARG,CHN,11,20120419,2
ARG,CHN,01,20130624,10
ARG,CHN,03,20120414,1
ARM,CHN,04,20110420,2
ARM,CHN,06,20130928,4
AUS,CHN,04,20091123,1
AUS,CHN,04,20091110,9
AUS,CHN,04,20090724,3
AUS,CHN,05,20131007,2
AUS,CHN,04,20140918,22
AUS,CHN,03,20060407,3
AUS,CHN,04,20130405,2
AUS,CHN,05,20141231,10
AUS,CHN,03,20090320,1
AUS,CHN,19,20110425,1
AUS,CHN,03,20080410,6
AUS,CHN,19,20131216,2
AUS,CHN,04,20100623,17
AUS,CHN,06,20130109,2
AUS,CHN,03,20100323,9
AUS,CHN,04,20121115,2
AUS,CHN,06,20140626,6
AUS,CHN,14,20010704,2
AUS,CHN,04,20140804,4
AUS,CHN,06,20130204,16
AUS,CHN,10,20090719,2
AUS,CHN,05,20090824,1
AUS,CHN,04,20140306,4
AUS,CHN,09,20140325,64
AUS,CHN,04,20130813,1
AUS,CHN,06,20110410,2
AUS,CHN,05,20141020,5
AUS,CHN,04,20090415,4
AUS,CHN,02,20141105,4
AUS,CHN,15,20140409,6
AUS,CHN,03,20120424,4
AUT,CHN,03,20110108,2
AUT,CHN,04,20141018,2
AUT,CHN,19,20010424,6
AUT,CHN,01,20110418,2
AZE,CHN,06,20130707,1
AZE,CHN,03,20140520,2
AZE,CHN,05,20101229,1
BEL,CHN,11,20131121,10
BEL,CHN,11,20130922,6
BEL,CHN,04,20140715,6
BEL,CHN,04,20120730,1
BEL,CHN,04,20120214,2
BGD,CHN,03,20140611,2
BGD,CHN,05,20101121,2
BGD,CHN,04,20090726,2
BGD,CHN,01,20120126,1
BGR,CHN,04,20051122,2
BGR,CHN,03,20140112,8
BGR,CHN,12,20120206,2
BGR,CHN,03,20101206,1
BGR,CHN,04,20101016,3
BGR,CHN,02,20120411,5
BGR,CHN,05,20150211,2
BHS,CHN,05,20090904,7
BHS,CHN,18,20071118,4
BHS,CHN,04,20090207,38
BLR,CHN,04,20130129,2
BLR,CHN,03,20101007,1
BLR,CHN,03,20130627,1
BLR,CHN,03,20130921,2
BOL,CHN,02,20111102,9
BRA,CHN,06,20100907,5
BRA,CHN,03,20120327,5
BRA,CHN,04,20101110,1
BRA,CHN,03,20090120,4
BRA,CHN,04,20140708,2
BRA,CHN,04,20130628,1
BRA,CHN,06,20121107,7
BRA,CHN,03,20090917,2
BRA,CHN,06,20090218,1
BRB,CHN,02,20120513,9
BRB,CHN,01,20101102,10
BRN,CHN,17,20010502,1
BRN,CHN,04,20110925,7
BRN,CHN,05,20131220,2
BRN,CHN,01,20140509,1
BRN,CHN,04,20060528,2
BRN,CHN,10,20131009,7
BWA,CHN,03,20101116,32
CAN,CHN,01,20120621,5
CAN,CHN,04,20100623,21
CAN,CHN,06,20120207,9
CAN,CHN,04,20000715,8
CAN,CHN,06,20140911,2
CAN,CHN,05,20140617,1
CAN,CHN,05,20091203,20
CAN,CHN,04,20090313,2
CAN,CHN,02,20100622,5
CAN,CHN,06,20070727,1
CAN,CHN,04,20130514,6
CAN,CHN,05,20121022,1
CAN,CHN,04,20071029,5
CAN,CHN,04,20080816,16
CAN,CHN,04,20130906,4
CAN,CHN,19,20100227,1
CAN,CHN,04,20090903,1
CAN,CHN,02,20080728,4
CAN,CHN,05,20131018,5
CAN,CHN,04,20141107,48
CAN,CHN,01,20040414,6
CAN,CHN,04,20070120,1
CAN,CHN,06,20120908,20
CHE,CHN,03,20131104,24
CHE,CHN,04,20150121,16
CHE,CHN,05,20140619,4
CHE,CHN,04,20140110,2
CHE,CHN,05,20010523,1
CHE,CHN,02,20030209,4
CHE,CHN,04,20020322,6
CHE,CHN,04,20120826,10
CHN,CHN,02,20030226,1
CHN,CHN,10,20141231,3
CHN,CHN,04,20140929,19
CHN,CHN,04,20120730,2
CHN,CHN,02,20050313,5
CHN,CHN,01,20080305,4
CHN,CHN,04,20110722,4
CHN,CHN,03,20080120,4
CHN,CHN,04,20070711,2
CHN,CHN,03,20110205,12
CHN,CHN,13,20130807,2
CHN,CHN,03,20020405,3
CHN,CHN,11,20140421,1
CHN,CHN,11,20010725,12
CHN,CHN,01,20100507,67
CHN,CHN,03,20101105,10
CHN,CHN,14,20120510,5
CHN,CHN,03,20030905,4
CHN,CHN,07,20091115,14
CHN,CHN,03,20141016,3
CHN,CHN,01,20101214,10
CHN,CHN,19,20110202,2
CHN,CHN,01,20100816,12
CHN,CHN,02,20130124,6
CHN,CHN,11,20120125,9
CHN,CHN,04,20040219,5
CHN,CHN,09,20040630,2
CHN,CHN,05,20041018,9
CHN,CHN,18,20110426,2
CHN,CHN,06,20090805,2
CHN,CHN,19,20121205,10
CHN,CHN,01,20091112,5
CHN,CHN,04,20080809,1
CHN,CHN,05,20010725,5
CHN,CHN,04,20020128,5
CHN,CHN,01,20081028,3
CHN,CHN,11,20020607,2
CHN,CHN,11,20090318,4
CHN,CHN,11,20070506,12
CHN,CHN,05,20130409,1
CHN,CHN,01,20130318,8
CHN,CHN,11,20020806,1
CHN,CHN,04,20010207,2
CHN,CHN,04,20120419,10
CHN,CHN,04,20110109,38
CHN,CHN,19,20090323,10
CHN,CHN,11,20120318,1
CHN,CHN,17,20090806,10
CHN,CHN,01,20090715,1
CHN,CHN,01,20070412,4
CHN,CHN,02,20121106,2
CHN,CHN,09,20120914,4
CHN,CHN,01,20100108,2
CHN,CHN,01,20080707,7
CHN,CHN,04,20060106,3
CHN,CHN,09,20010809,7
CHN,CHN,01,20070904,25
CHN,CHN,04,20110508,7
CHN,CHN,18,20030122,2
CHN,CHN,04,20030809,8
CHN,CHN,04,20080210,20
CHN,CHN,10,20070106,2
CHN,CHN,09,20081101,7
CHN,CHN,01,20100715,2
CHN,CHN,18,20100919,3
CHN,CHN,08,20131119,14
CHN,CHN,11,20090706,24
CHN,CHN,02,20101210,1
CHN,CHN,01,20061019,10
CHN,CHN,19,20070324,4
CHN,CHN,01,20141115,25
CHN,CHN,03,20130920,8
CHN,CHN,01,20110407,6
CHN,CHN,06,20150118,5
CHN,CHN,18,20080309,4
CHN,CHN,02,20140822,10
CHN,CHN,02,20140902,1
CHN,CHN,17,20130130,6
CHN,CHN,01,20051125,2
CHN,CHN,05,20090913,1
CHN,CHN,18,20100909,2
CHN,CHN,17,20130627,8
CHN,CHN,01,20090316,3
CHN,CHN,19,20140219,8
CHN,CHN,05,20090705,4
CHN,CHN,04,20100816,8
CHN,CHN,05,20091208,1
CHN,CHN,02,20130318,6
CHN,CHN,17,20140625,12
CHN,CHN,04,20050505,7
CHN,CHN,04,20110805,7
CHN,CHN,11,20071012,2
CHN,CHN,07,20120506,4
CHN,CHN,01,20080623,5
CHN,CHN,11,20110801,9
CHN,CHN,06,20060125,4
CHN,CHN,04,20131029,10
CHN,CHN,05,20060929,2
CHN,CHN,08,20100430,4
CHN,CHN,01,20020329,5
CHN,CHN,14,20091014,2
CHN,CHN,04,20080610,1
CHN,CHN,02,20050519,7
CHN,CHN,11,20110623,1
CHN,CHN,01,20061129,2
CHN,CHN,11,20110417,2
CHN,CHN,17,20130822,48
CHN,CHN,03,20110315,6
CHN,CHN,05,20020430,10
CHN,CHN,06,20070725,5
CHN,CHN,11,20081009,1
CHN,CHN,03,20130530,4
CHN,CHN,03,20110216,10
CHN,CHN,19,20141006,6
CHN,CHN,05,20000601,1
CHN,CHN,02,20011219,9
CHN,CHN,03,20130722,40
CHN,CHN,19,20040619,5
CHN,CHN,11,20100112,3
CHN,CHN,03,20070425,9
CHN,CHN,04,20090218,18
CHN,CHN,03,20001006,1
CHN,CHN,11,20090821,9
CHN,CHN,11,20140831,10
CHN,CHN,05,20140720,2
CHN,CHN,11,20050915,2
CHN,CHN,03,20130204,8
CHN,CHN,03,20040906,1
CHN,CHN,10,20070515,2
CHN,CHN,01,20120522,8
CHN,CHN,09,20090822,2
CHN,CHN,03,20091129,9
CHN,CHN,02,20150217,8
CHN,CHN,09,20040617,2
CHN,CHN,18,20091004,4
CHN,CHN,05,20140504,4
CHN,CHN,04,20010723,4
CHN,CHN,19,20120201,6
CHN,CHN,03,20140320,1
CHN,CHN,05,20041005,18
CHN,CHN,02,20041202,6
CHN,CHN,10,20070604,4
CHN,CHN,04,20130915,6
CHN,CHN,01,20141012,6
CHN,CHN,01,20090611,2
CHN,CHN,04,20141027,10
CHN,CHN,04,20030425,6
CHN,CHN,06,20130902,15
CHN,CHN,04,20111106,7
CHN,CHN,01,20110724,4
CHN,CHN,04,20081027,1
CHN,CHN,01,20010828,8
CHN,CHN,01,20141016,12
CHN,CHN,07,20080125,12
CHN,CHN,04,20110303,45
CHN,CHN,19,20140428,4
CHN,CHN,11,20120919,5
CHN,CHN,04,20060531,73
CHN,CHN,10,20120125,13
CHN,CHN,03,20080626,15
CHN,CHN,17,20140812,6
CHN,CHN,18,20141129,4
CHN,CHN,19,20120817,6
CHN,CHN,04,20080304,14
CHN,CHN,03,20111110,18
CHN,CHN,06,20101230,12
CHN,CHN,05,20090901,26
CHN,CHN,05,20071003,9
CHN,CHN,01,20050116,4
CHN,CHN,03,20020628,1
CHN,CHN,05,20050205,9
CHN,CHN,19,20010404,7
CHN,CHN,03,20080205,5
CHN,CHN,04,20100708,4
CHN,CHN,05,20000111,2
CHN,CHN,01,20090821,6
CHN,CHN,04,20020709,4
CHN,CHN,17,20140406,16
CHN,CHN,04,20040520,5
CHN,CHN,02,20000217,4
CHN,CHN,09,20110818,4
CHN,CHN,05,20110418,8
CHN,CHN,08,20140608,26
CHN,CHN,08,20040413,12
CHN,CHN,17,20101215,4
CHN,CHN,11,20110114,8
CHN,CHN,05,20120812,2
CHN,CHN,01,20121105,2
CHN,CHN,04,20100430,3
CHN,CHN,05,20120605,4
CHN,CHN,04,20141207,2
CHN,CHN,02,20140610,5
CHN,CHN,04,20111216,40
CHN,CHN,08,20090202,8
CHN,CHN,01,20000302,1
CHN,CHN,17,20131013,8
CHN,CHN,17,20020119,18
CHN,CHN,08,20060717,3
CHN,CHN,04,20071002,6
CHN,CHN,04,20010303,9
CHN,CHN,19,20101105,3
CHN,CHN,02,20120612,25
CHN,CHN,12,20011026,5
CHN,CHN,09,20140527,22
CHN,CHN,02,20120125,8
CHN,CHN,02,20011029,2
CHN,CHN,05,20121231,1
CHN,CHN,17,20100215,2
CHN,CHN,04,20021126,6
CHN,CHN,05,20090707,4
CHN,CHN,05,20060417,4
CHN,CHN,04,20030410,14
CHN,CHN,03,20070925,2
CHN,CHN,08,20100819,20
CHN,CHN,18,20140822,2
CHN,CHN,04,20071119,18
CHN,CHN,02,20101213,42
CHN,CHN,11,20081105,7
CHN,CHN,01,20100812,4
CHN,CHN,02,20131209,2
CHN,CHN,03,20030825,5
CHN,CHN,04,20140729,18
CHN,CHN,09,20000623,3
CHN,CHN,01,20050413,1
CHN,CHN,05,20080726,1
CHN,CHN,12,20131211,8
CHN,CHN,03,20070606,2
CHN,CHN,11,20080316,6
CHN,CHN,06,20130620,1
CHN,CHN,05,20120223,8
CHN,CHN,11,20140222,9
CHN,CHN,04,20150121,1
CHN,CHN,02,20060617,10
CHN,CHN,04,20061204,1
CHN,CHN,04,20020429,6
CHN,CHN,12,20070510,4
CHN,CHN,17,20090319,3
CHN,CHN,04,20090118,5
CHN,CHN,07,20140816,5
CHN,CHN,04,20131205,162
CHN,CHN,19,20120519,7
CHN,CHN,04,20080612,14
CHN,CHN,01,20110722,3
CHN,CHN,04,20121202,4
CHN,CHN,01,20010508,17
CIV,CHN,05,20020427,3
COL,CHN,01,20121019,4
COL,CHN,03,20100923,1062
COL,CHN,04,20111108,4
CPV,CHN,04,20040824,7
CRI,CHN,04,20130603,12
CUB,CHN,06,20120415,1
CUB,CHN,08,20131220,20
CUB,CHN,03,20041124,4
CZE,CHN,06,20050621,2
CZE,CHN,03,20141028,4
DEU,CHN,01,20130804,2
DEU,CHN,01,20111105,1
DEU,CHN,03,20070303,4
DEU,CHN,03,20140517,28
DEU,CHN,04,20141008,10
DEU,CHN,05,20130329,2
DEU,CHN,06,20130707,8
DEU,CHN,04,20060219,1
DEU,CHN,04,20100726,2
DEU,CHN,06,20100810,2
DEU,CHN,04,20070923,1
DEU,CHN,04,20080122,14
DEU,CHN,04,20150209,3
DEU,CHN,03,20091120,2
DEU,CHN,04,20120127,6
DEU,CHN,16,20090924,10
DEU,CHN,04,20120415,4
DEU,CHN,04,20140220,3
DEU,CHN,01,20110601,7
DEU,CHN,16,20071116,7
DEU,CHN,04,20110506,5
DEU,CHN,09,20110103,6
DEU,CHN,05,20140711,2
DEU,CHN,04,20131116,4
DEU,CHN,04,20120619,29
DEU,CHN,11,20100718,7
DEU,CHN,02,20120707,20
DEU,CHN,04,20090414,1
DEU,CHN,01,20081216,4
DEU,CHN,04,20100309,9
DEU,CHN,05,20140131,1
DNK,CHN,04,20100518,3
DNK,CHN,03,20110418,12
DZA,CHN,01,20121010,2
EGY,CHN,03,20140908,1
EGY,CHN,04,20061017,4
EGY,CHN,04,20120413,2
ESP,CHN,04,20101012,1
ESP,CHN,09,20090330,4
ESP,CHN,04,20091022,4
ESP,CHN,04,20110107,1
ESP,CHN,04,20000607,3
ESP,CHN,07,20120621,2
ESP,CHN,04,20130704,4
ESP,CHN,06,20101028,8
ESP,CHN,17,20140714,1
ESP,CHN,06,20101008,2
ETH,CHN,04,20030617,1
ETH,CHN,04,20140506,8
ETH,CHN,03,20061019,6
ETH,CHN,01,20130626,2
ETH,CHN,04,20080228,9
ETH,CHN,04,20140504,10
ETH,CHN,03,20140504,16
ETH,CHN,19,20070429,7
EUR,CHN,04,20090509,5
EUR,CHN,02,20080329,18
EUR,CHN,05,20120220,9
EUR,CHN,02,20100214,147
EUR,CHN,19,20120713,2
EUR,CHN,17,20040601,7
EUR,CHN,04,20090509,8
EUR,CHN,04,20120327,18
EUR,CHN,04,20141012,8
EUR,CHN,02,20090707,9
EUR,CHN,16,20020211,9
EUR,CHN,03,20091128,5
EUR,CHN,04,20141018,46
EUR,CHN,01,20080330,10
EUR,CHN,03,20090812,2
EUR,CHN,04,20081024,23
EUR,CHN,06,20101109,3
EUR,CHN,03,20060131,4
EUR,CHN,04,20130731,6
EUR,CHN,08,20091215,4
EUR,CHN,11,20100202,6
EUR,CHN,01,20091129,4
EUR,CHN,04,20110317,2
EUR,CHN,04,20040407,5
EUR,CHN,01,20110312,6
EUR,CHN,17,20060918,1
EUR,CHN,06,20130710,12
EUR,CHN,05,20060315,1
EUR,CHN,01,20080213,3
FIN,CHN,04,20060910,1
FIN,CHN,04,20081202,3
FIN,CHN,01,20110705,9
FIN,CHN,13,20110601,5
FIN,CHN,08,20091027,4
FJI,CHN,04,20120923,22
FRA,CHN,05,20101107,2
FRA,CHN,10,20120918,4
FRA,CHN,11,20140202,2
FRA,CHN,04,20090930,40
FRA,CHN,11,20140422,6
FRA,CHN,04,20111118,18
FRA,CHN,04,20120627,4
FRA,CHN,04,20131022,8
FRA,CHN,05,20140212,10
FRA,CHN,08,20070319,3
FRA,CHN,04,20130521,10
FRA,CHN,03,20130902,2
FRA,CHN,07,20141120,6
FRA,CHN,04,20140327,268
FRA,CHN,03,20131016,4
FRA,CHN,03,20021211,1
FRA,CHN,03,20141118,4
FRA,CHN,05,20100216,2
FRA,CHN,04,20100921,10
FRA,CHN,04,20080701,3
FRA,CHN,01,20060728,5
FRA,CHN,03,20140520,2
FRA,CHN,02,20120311,5
FRA,CHN,11,20100304,3
FRA,CHN,03,20110423,6
FRA,CHN,03,20090901,12
FRA,CHN,11,20140418,2
FRA,CHN,01,20090909,2
FSM,CHN,04,20100913,4
FSM,CHN,04,20060425,3
FSM,CHN,04,20120804,6
GAB,CHN,07,20090222,4
GBR,CHN,03,20090201,6
GBR,CHN,04,20130807,10
GBR,CHN,04,20140917,5
GBR,CHN,04,20051116,2
GBR,CHN,12,20070221,3
GBR,CHN,04,20001126,2
GBR,CHN,04,20121015,2
GBR,CHN,18,20110714,4
GBR,CHN,04,20091001,3
GBR,CHN,11,20101207,4
GBR,CHN,12,20090613,2
GBR,CHN,06,20110428,1
GBR,CHN,03,20060902,1
GBR,CHN,05,20060531,9
GBR,CHN,04,20030628,1
GBR,CHN,07,20120427,6
GBR,CHN,05,20130209,6
GBR,CHN,04,20090526,5
GBR,CHN,04,20101108,16
GBR,CHN,11,20090330,9
GBR,CHN,05,20080929,1
GBR,CHN,03,20120416,28
GBR,CHN,03,20140320,6
GBR,CHN,04,20140901,25
GBR,CHN,04,20130114,2
GBR,CHN,06,20070518,5
GBR,CHN,01,20110701,13
GBR,CHN,04,20020627,2
GBR,CHN,05,20100913,4
GBR,CHN,08,20070625,12
GBR,CHN,04,20131201,1
GBR,CHN,06,20101109,8
GBR,CHN,01,20140330,42
GBR,CHN,03,20120831,2
GBR,CHN,11,20120802,4
GBR,CHN,14,20080613,6
GBR,CHN,11,20060419,4
GBR,CHN,04,20131027,2
GBR,CHN,01,20120126,2
GBR,CHN,04,20141106,8
GBR,CHN,19,20070616,9
GBR,CHN,04,20120705,10
GBR,CHN,02,20081116,9
GBR,CHN,09,20090727,5
GBR,CHN,01,20091001,4
GBR,CHN,04,20010706,2
GBR,CHN,04,20091127,8
GBR,CHN,12,20141130,24
GBR,CHN,05,20120821,26
GBR,CHN,06,20071110,1
GBR,CHN,04,20110302,5
GBR,CHN,04,20131007,19
GHA,CHN,05,20111207,9
GHA,CHN,16,20140206,4
GHA,CHN,03,20141023,8
GHA,CHN,11,20130816,1
GHA,CHN,01,20140313,4
GIN,CHN,07,20101026,7
GIN,CHN,02,20041217,7
GNB,CHN,05,20031216,2
GNB,CHN,03,20131127,2
GRC,CHN,04,20150123,3
GRC,CHN,02,20131112,6
GRC,CHN,05,20101002,14
GRD,CHN,05,20130604,1
GRD,CHN,04,20110315,2
GUY,CHN,04,20040608,16
GUY,CHN,04,20030111,5
HRV,CHN,04,20140825,4
HRV,CHN,04,20001017,5
HRV,CHN,01,20010425,2
HTI,CHN,19,20100120,6
HUN,CHN,03,20030612,9
HUN,CHN,05,20110629,1
IDN,CHN,07,20131014,2
IDN,CHN,06,20080420,8
IDN,CHN,17,20070804,54
IDN,CHN,05,20081101,2
IDN,CHN,04,20040129,3
IDN,CHN,04,20111125,3
IDN,CHN,16,20011031,9
IDN,CHN,04,20080418,2
IDN,CHN,01,20050925,4
IDN,CHN,19,20110127,1
IDN,CHN,01,20080415,2
IDN,CHN,02,20090218,4
IDN,CHN,04,20061119,5
IDN,CHN,19,20130922,8
IDN,CHN,03,20020721,1
IDN,CHN,04,20111031,2
IDN,CHN,05,20140822,1
IND,CHN,03,20070818,4
IND,CHN,01,20100831,18
IND,CHN,11,20150214,2
IND,CHN,03,20110113,20
IND,CHN,19,20091013,6
IND,CHN,01,20100821,1
IND,CHN,03,20091231,7
IND,CHN,01,20130812,12
IND,CHN,04,20140224,3
IND,CHN,06,20110719,15
IND,CHN,12,20070528,9
IND,CHN,15,20140927,4
IRN,CHN,12,20110201,1
IRN,CHN,04,20110302,2
IRN,CHN,06,20120912,1
IRN,CHN,03,20120609,3
IRN,CHN,11,20120704,10
IRN,CHN,04,20010105,5
IRN,CHN,03,20120308,7
IRN,CHN,05,20140224,9
IRN,CHN,05,20101130,4
IRN,CHN,05,20130320,24
IRN,CHN,12,20061026,1
IRN,CHN,06,20130618,10
IRN,CHN,02,20140728,2
IRN,CHN,04,20000626,20
IRN,CHN,04,20141205,1
IRN,CHN,03,20140318,4
IRN,CHN,03,20140810,10
IRN,CHN,03,20141107,1
IRQ,CHN,17,20091018,1
IRQ,CHN,04,20030307,12
IRQ,CHN,04,20070831,5
IRQ,CHN,06,20141218,6
ISR,CHN,04,20000819,2
ISR,CHN,11,20140114,2
ISR,CHN,03,20060518,1
ISR,CHN,06,20010824,5
ISR,CHN,04,20120405,9
ISR,CHN,04,20140717,2
ISR,CHN,11,20141119,6
ISR,CHN,03,20090421,2
ISR,CHN,04,20070124,6
ISR,CHN,17,20090522,16
ITA,CHN,03,20000707,2
ITA,CHN,05,20090706,12
ITA,CHN,05,20000913,2
ITA,CHN,11,20091118,2
ITA,CHN,04,20130720,64
ITA,CHN,19,20130808,6
JAM,CHN,04,20140306,4
JOR,CHN,04,20141201,6
JOR,CHN,04,20130820,1
JOR,CHN,12,20140223,8
JOR,CHN,05,20090409,2
JOR,CHN,04,20050125,3
JPN,CHN,16,20100715,8
JPN,CHN,02,20061023,1
JPN,CHN,12,20131123,1
JPN,CHN,12,20041222,2
JPN,CHN,19,20140514,2
JPN,CHN,04,20120529,4
JPN,CHN,03,20131108,4
JPN,CHN,01,20131214,50
JPN,CHN,06,20140729,20
JPN,CHN,04,20101029,30
JPN,CHN,03,20100719,24
JPN,CHN,01,20110316,7
JPN,CHN,03,20121016,4
JPN,CHN,03,20081028,2
JPN,CHN,03,20080708,1
JPN,CHN,11,20120915,8
JPN,CHN,05,20111111,1
JPN,CHN,03,20090526,3
JPN,CHN,02,20090728,11
JPN,CHN,11,20110804,83
JPN,CHN,01,20080115,14
JPN,CHN,01,20130826,10
JPN,CHN,02,20140420,1
JPN,CHN,05,20091202,6
JPN,CHN,05,20141001,6
JPN,CHN,01,20070509,6
JPN,CHN,01,20020910,2
JPN,CHN,04,20131231,4
JPN,CHN,04,20090908,8
JPN,CHN,17,20061203,9
JPN,CHN,11,20140824,8
JPN,CHN,02,20091019,1
JPN,CHN,11,20130422,4
JPN,CHN,01,20101109,10
JPN,CHN,17,20050410,1
JPN,CHN,06,20080130,75
JPN,CHN,05,20140601,4
JPN,CHN,01,20010317,2
JPN,CHN,01,20140715,2
JPN,CHN,03,20130829,8
JPN,CHN,05,20140209,17
JPN,CHN,04,20070903,2
JPN,CHN,04,20120816,6
JPN,CHN,01,20061013,7
JPN,CHN,02,20051025,4
JPN,CHN,03,20121116,7
JPN,CHN,04,20141110,17
JPN,CHN,17,20120914,6
JPN,CHN,10,20100927,4
JPN,CHN,03,20091215,21
JPN,CHN,04,20080821,2
JPN,CHN,17,20101028,2
JPN,CHN,04,20120924,64
JPN,CHN,06,20110615,1
JPN,CHN,11,20140119,1
JPN,CHN,05,20100829,8
JPN,CHN,02,20080321,9
JPN,CHN,03,20070927,6
JPN,CHN,12,20100913,3
JPN,CHN,07,20130617,14
JPN,CHN,04,20110703,2
JPN,CHN,11,20020704,2
JPN,CHN,01,20081031,18
JPN,CHN,01,20140523,2
JPN,CHN,04,20110528,2
JPN,CHN,12,20110303,140
JPN,CHN,16,20100929,2
JPN,CHN,05,20140715,10
JPN,CHN,04,20090407,9
JPN,CHN,14,20000721,5
JPN,CHN,06,20130917,5
JPN,CHN,04,20080811,2
JPN,CHN,05,20120214,12
JPN,CHN,04,20110513,2
JPN,CHN,11,20121213,5
JPN,CHN,01,20050525,4
JPN,CHN,04,20030225,1
JPN,CHN,16,20121212,1
JPN,CHN,16,20120924,12
JPN,CHN,06,20121023,4
JPN,CHN,04,20090226,4
JPN,CHN,06,20020719,5
JPN,CHN,05,20030616,1
JPN,CHN,06,20141007,10
JPN,CHN,08,20080322,6
JPN,CHN,03,20111230,2
JPN,CHN,05,20011010,3
JPN,CHN,01,20100907,14
JPN,CHN,13,20100920,20
JPN,CHN,04,20011220,3
JPN,CHN,02,20100831,10
JPN,CHN,05,20101006,6
JPN,CHN,01,20150119,3
JPN,CHN,01,20130703,16
JPN,CHN,04,20130825,8
JPN,CHN,04,20080305,1
JPN,CHN,11,20110606,28
JPN,CHN,18,20070428,1
JPN,CHN,03,20090427,1
JPN,CHN,04,20130121,1
JPN,CHN,09,20080213,9
JPN,CHN,02,20110628,18
JPN,CHN,01,20100920,39
JPN,CHN,03,20010726,14
JPN,CHN,11,20080418,6
JPN,CHN,05,20140810,6
JPN,CHN,11,20131114,4
JPN,CHN,04,20010722,3
JPN,CHN,12,20121010,3
KAZ,CHN,14,20150104,6
KAZ,CHN,04,20130907,3
KAZ,CHN,06,20140613,12
KAZ,CHN,06,20080208,1
KAZ,CHN,17,20030422,1
KAZ,CHN,04,20121225,2
KAZ,CHN,10,20130625,2
KEN,CHN,03,20050816,7
KEN,CHN,04,20131214,2
KEN,CHN,04,20140103,2
KEN,CHN,05,20130712,1
KEN,CHN,04,20140329,3
KEN,CHN,01,20140106,4
KEN,CHN,06,20060623,4
KGZ,CHN,03,20131022,6
KGZ,CHN,06,20070917,7
KGZ,CHN,04,20060602,10
KGZ,CHN,04,20070825,2
KGZ,CHN,11,20070203,2
KHM,CHN,04,20060922,2
KHM,CHN,07,20140515,1
KHM,CHN,04,20091224,1
KHM,CHN,07,20010924,1
KHM,CHN,04,20100917,7
KHM,CHN,03,20120712,1
KHM,CHN,11,20010102,8
KOR,CHN,04,20141221,4
KOR,CHN,04,20080802,2
KOR,CHN,04,20100927,9
KOR,CHN,04,20140818,10
KOR,CHN,04,20110705,6
KOR,CHN,02,20140214,10
KOR,CHN,06,20090408,4
KOR,CHN,17,20090321,2
KOR,CHN,01,20100712,7
KOR,CHN,11,20150203,5
KOR,CHN,04,20100212,2
KOR,CHN,04,20020408,2
KOR,CHN,04,20120730,3
KOR,CHN,04,20090525,6
KOR,CHN,11,20120105,9
KOR,CHN,03,20130718,8
KOR,CHN,01,20100211,10
KOR,CHN,01,20001018,1
KOR,CHN,09,20121126,3
KOR,CHN,03,20040619,2
KOR,CHN,11,20130630,5
KOR,CHN,04,20150112,12
KOR,CHN,01,20130915,6
KOR,CHN,11,20100112,2
KOR,CHN,06,20010619,2
KOR,CHN,01,20051026,2
KOR,CHN,01,20120910,1
KOR,CHN,04,20081214,6
KOR,CHN,02,20090601,1
KOR,CHN,04,20040826,6
KOR,CHN,19,20140924,20
KOR,CHN,04,20090526,40
KOR,CHN,04,20110519,7
KOR,CHN,03,20110825,18
KOR,CHN,01,20100510,1
KOR,CHN,17,20111026,8
KOR,CHN,06,20140521,8
KOR,CHN,04,20130621,10
KOR,CHN,04,20110428,1
KOR,CHN,04,20011120,4
KOR,CHN,02,20120515,1
KOR,CHN,03,20060309,1
KOR,CHN,04,20080531,16
KOR,CHN,17,20071006,6
KOR,CHN,01,20080401,4
KOR,CHN,03,20100127,4
KOR,CHN,04,20090202,4
KOR,CHN,08,20100810,2
KOR,CHN,02,20100811,2
KOR,CHN,17,20121210,4
KOR,CHN,04,20090404,56
KOR,CHN,06,20120523,5
KOR,CHN,01,20141224,64
KOR,CHN,04,20020802,5
KOR,CHN,11,20131203,2
KOR,CHN,05,20110524,6
KOR,CHN,04,20031028,3
KOR,CHN,02,20091117,5
KOR,CHN,03,20141021,17
KOR,CHN,04,20000627,2
KWT,CHN,04,20090305,4
LAO,CHN,04,20040702,4
LAO,CHN,01,20110426,19
LBN,CHN,01,20080522,16
LBR,CHN,02,20060929,4
LBR,CHN,04,20051121,2
LBY,CHN,16,20080925,6
LBY,CHN,04,20110223,123
LBY,CHN,05,20110823,4
LKA,CHN,06,20130622,8
LKA,CHN,04,20131002,44
LKA,CHN,04,20141105,14
LKA,CHN,01,20101101,5
LTU,CHN,04,20010928,5
LVA,CHN,09,20090330,18
LVA,CHN,04,20040416,5
MAC,CHN,04,20060415,2
MDA,CHN,16,20020511,1
MDA,CHN,04,20081118,5
MDV,CHN,05,20110725,4
MEX,CHN,04,20000525,2
MEX,CHN,03,20010609,1
MEX,CHN,01,20140108,6
MEX,CHN,06,20040812,5
MEX,CHN,03,20140302,8
MEX,CHN,04,20090503,50
MLI,CHN,08,20131204,2
MLT,CHN,01,20130905,3
MMR,CHN,06,20080713,7
MMR,CHN,04,20091022,14
MMR,CHN,05,20110527,4
MMR,CHN,04,20111209,10
MMR,CHN,05,20100528,1
MMR,CHN,19,20140204,24
MMR,CHN,04,20080331,6
MMR,CHN,05,20120216,2
MMR,CHN,06,20120723,1
MMR,CHN,04,20141214,8
MMR,CHN,02,20101214,5
MMR,CHN,05,20110201,45
MMR,CHN,04,20030106,14
MMR,CHN,01,20080205,5
MNG,CHN,04,20140902,10
MNG,CHN,12,20150206,4
MNG,CHN,03,20100429,1
MOZ,CHN,04,20070208,6
MOZ,CHN,01,20031215,4
MOZ,CHN,05,20070210,4
MYS,CHN,04,20140917,5
MYS,CHN,03,20140310,2
MYS,CHN,17,20140328,5
MYS,CHN,04,20140422,93
MYS,CHN,01,20101102,2
MYS,CHN,06,20100909,5
MYS,CHN,01,20140307,10
MYS,CHN,02,20140405,2
MYS,CHN,04,20140914,34
MYS,CHN,04,20140412,18
MYS,CHN,04,20140904,74
MYS,CHN,03,20071123,2
MYS,CHN,04,20030909,6
MYS,CHN,04,20140426,10
MYS,CHN,04,20140318,42
MYS,CHN,05,20030707,8
MYS,CHN,19,20110912,7
MYS,CHN,04,20140330,19
MYS,CHN,06,20100204,9
MYS,CHN,12,20090807,7
MYS,CHN,10,20140501,22
MYS,CHN,03,20020423,4
MYS,CHN,05,20130228,1
MYS,CHN,04,20100109,21
MYS,CHN,05,20141108,10
MYS,CHN,11,20140401,5
MYS,CHN,03,20000123,1
MYS,CHN,05,20140413,24
MYS,CHN,11,20131223,6
NAM,CHN,04,20091001,2
NAM,CHN,04,20120619,2
NGA,CHN,01,20140319,1
NGA,CHN,04,20130512,4
NGA,CHN,19,20120812,1
NGA,CHN,04,20101223,5
NLD,CHN,17,20111227,1
NMR,CHN,11,20080409,6
NOR,CHN,04,20131113,6
NOR,CHN,12,20101211,1
NOR,CHN,04,20120614,5
NPL,CHN,04,20081205,1
NPL,CHN,03,20080822,12
NPL,CHN,02,20130311,5
NPL,CHN,04,20100715,1
NPL,CHN,08,20030726,2
NPL,CHN,03,20090824,9
NPL,CHN,04,20140428,10
NZL,CHN,12,20140305,10
NZL,CHN,04,20120809,1
NZL,CHN,04,20150117,1
NZL,CHN,09,20121009,2
NZL,CHN,05,20120702,1
NZL,CHN,13,20131015,20
NZL,CHN,04,20090413,9
NZL,CHN,04,20070331,1
OMN,CHN,15,20130918,4
OMN,CHN,04,20130305,2
PAK,CHN,02,20130704,10
PAK,CHN,01,20100730,1
PAK,CHN,01,20040622,1
PAK,CHN,11,20090202,25
PAK,CHN,05,20081101,6
PAK,CHN,03,20041017,4
PAK,CHN,14,20150211,1
PAK,CHN,17,20130321,1
PAK,CHN,05,20150104,4
PAK,CHN,08,20131222,2
PAK,CHN,12,20140913,10
PAK,CHN,11,20100218,2
PAK,CHN,03,20140803,1
PAK,CHN,02,20140218,1
PAK,CHN,04,20080728,6
PAK,CHN,03,20140522,18
PAK,CHN,01,20110515,4
PAK,CHN,01,20110420,9
PAK,CHN,04,20120331,3
PAK,CHN,02,20070709,2
PAK,CHN,04,20000524,5
PAK,CHN,05,20090507,7
PAK,CHN,03,20090220,8
PAK,CHN,19,20140423,10
PAK,CHN,04,20110713,2
PAK,CHN,01,20100617,12
PAK,CHN,04,20141115,3
PAK,CHN,01,20100611,6
PAK,CHN,05,20010408,1
PAK,CHN,04,20140725,10
PAK,CHN,02,20110927,1
PAN,CHN,07,20130612,3
PER,CHN,10,20121210,1
PHL,CHN,01,20011006,5
PHL,CHN,04,20020926,4
PHL,CHN,02,20081203,2
PHL,CHN,17,20140530,2
PHL,CHN,05,20140727,4
PHL,CHN,11,20120516,10
PHL,CHN,17,20140710,1
PHL,CHN,11,20110630,19
PHL,CHN,19,20120209,127
PHL,CHN,04,20140308,3
PHL,CHN,09,20120501,1
PHL,CHN,04,20140522,7
PHL,CHN,02,20140809,12
PHL,CHN,17,20110225,1
PHL,CHN,04,20141110,4
PHL,CHN,17,20140710,7
PHL,CHN,01,20140402,12
PHL,CHN,14,20140818,8
PHL,CHN,04,20110223,9
PHL,CHN,09,20120702,8
PHL,CHN,06,20000217,2
PHL,CHN,04,20010705,5
PHL,CHN,01,20121020,2
PHL,CHN,03,20131217,3
PHL,CHN,01,20090811,4
PHL,CHN,17,20000825,1
PHL,CHN,17,20100529,7
PHL,CHN,04,20111016,1
PHL,CHN,11,20110304,10
PHL,CHN,19,20140415,2
PHL,CHN,02,20110924,2
PHL,CHN,03,20120625,5
PHL,CHN,01,20120512,32
PHL,CHN,11,20080226,1
PHL,CHN,04,20131119,24
PHL,CHN,03,20120731,4
PHL,CHN,09,20120715,48
PHL,CHN,14,20150204,28
PHL,CHN,01,20130620,18
PHL,CHN,11,20021004,6
PHL,CHN,04,20111103,2
PHL,CHN,08,20140424,2
PHL,CHN,01,20140608,2
PHL,CHN,18,20140602,1
PHL,CHN,11,20140401,18
POL,CHN,03,20130621,2
POL,CHN,08,20140804,10
POL,CHN,04,20031003,3
POL,CHN,04,20120323,3
PRK,CHN,04,20110506,2
PRK,CHN,01,20020719,4
PRK,CHN,04,20000411,7
PRK,CHN,17,20140723,10
PRK,CHN,19,20140708,6
PRK,CHN,04,20090629,7
PRK,CHN,11,20030424,1
PRK,CHN,05,20040317,2
PRK,CHN,04,20140923,5
PRK,CHN,04,20110815,2
PRK,CHN,04,20090126,10
PRK,CHN,04,20111215,76
PRK,CHN,04,20110222,1
PRK,CHN,17,20090608,7
PRK,CHN,04,20030721,7
PRK,CHN,04,20100112,8
PRK,CHN,04,20130127,3
PRK,CHN,05,20070410,4
PRK,CHN,14,20020325,4
PRK,CHN,19,20081231,8
PRK,CHN,04,20130726,39
PRK,CHN,05,20100830,2
PRK,CHN,04,20090428,5
PRK,CHN,05,20131018,6
PRK,CHN,01,20120414,8
PRK,CHN,03,20130905,1
PRK,CHN,04,20050102,5
PRK,CHN,04,20050219,9
PRK,CHN,19,20140725,2
PRK,CHN,02,20100505,7
PRK,CHN,01,20130127,1
PRK,CHN,04,20030423,1
PRK,CHN,13,20120517,18
PRK,CHN,01,20060112,2
PRK,CHN,04,20061006,9
PRK,CHN,03,20130218,6
PRK,CHN,01,20090119,6
PRK,CHN,04,20030722,9
PRK,CHN,16,20091010,2
PRK,CHN,04,20080226,2
PRK,CHN,06,20100706,1
PRK,CHN,03,20101207,9
PRK,CHN,05,20090614,1
PRK,CHN,05,20131209,2
PRK,CHN,03,20030419,7
PRK,CHN,06,20030710,1
PRK,CHN,17,20091110,49
PRK,CHN,03,20130110,3
PRK,CHN,04,20140228,4
PRT,CHN,05,20110412,1
PRT,CHN,01,20110112,9
PSE,CHN,04,20090115,3
QAT,CHN,06,20101007,7
QAT,CHN,04,20050607,4
ROM,CHN,04,20070326,5
RUS,CHN,03,20111013,7
RUS,CHN,03,20050601,2
RUS,CHN,02,20060329,8
RUS,CHN,04,20130527,6
RUS,CHN,05,20051123,11
RUS,CHN,11,20100325,35
RUS,CHN,03,20120522,3
RUS,CHN,17,20090930,1
RUS,CHN,04,20110714,6
RUS,CHN,01,20020531,4
RUS,CHN,02,20140327,6
RUS,CHN,11,20130130,8
RUS,CHN,02,20071110,1
RUS,CHN,03,20140506,1
RUS,CHN,03,20140528,8
RUS,CHN,03,20001104,3
RUS,CHN,01,20091231,4
RUS,CHN,05,20150108,2
RUS,CHN,03,20101116,1
RUS,CHN,04,20101219,6
RUS,CHN,04,20000229,3
RUS,CHN,03,20130623,8
RUS,CHN,01,20120428,38
RUS,CHN,05,20031025,6
RUS,CHN,12,20110117,4
RUS,CHN,04,20070228,2
RUS,CHN,05,20140609,4
RUS,CHN,05,20100201,2
RUS,CHN,04,20040924,8
RUS,CHN,12,20060613,1
RUS,CHN,19,20090220,24
RUS,CHN,10,20150205,1
RUS,CHN,04,20040904,13
RUS,CHN,03,20120627,7
RUS,CHN,02,20010502,1
RUS,CHN,05,20130909,1
RUS,CHN,11,20130705,6
RUS,CHN,05,20090220,5
RUS,CHN,05,20090424,6
RUS,CHN,10,20131027,1
RUS,CHN,04,20150115,7
RUS,CHN,12,20011205,18
RUS,CHN,08,20140830,8
RUS,CHN,04,20031113,5
RUS,CHN,02,20100925,18
RUS,CHN,05,20120125,8
RUS,CHN,07,20080514,10
RUS,CHN,04,20060727,8
RUS,CHN,02,20030421,1
RUS,CHN,04,20101123,9
RUS,CHN,06,20010909,6
RUS,CHN,04,20120827,10
RUS,CHN,07,20070724,1
RUS,CHN,04,20030123,5
RUS,CHN,03,20050618,9
RUS,CHN,02,20131212,7
RUS,CHN,04,20071114,5
RUS,CHN,04,20050824,6
RUS,CHN,04,20140805,3
RUS,CHN,13,20110420,28
RUS,CHN,03,20020605,3
RUS,CHN,02,20130323,8
RUS,CHN,05,20141111,17
RUS,CHN,05,20101117,27
RUS,CHN,19,20110908,2
RUS,CHN,05,20111012,8
RUS,CHN,12,20020927,1
RUS,CHN,04,20051125,1
RUS,CHN,03,20030116,4
RUS,CHN,04,20090110,6
RUS,CHN,04,20110824,4
RUS,CHN,04,20091015,2
RUS,CHN,03,20061024,5
RUS,CHN,05,20140502,8
RUS,CHN,19,20150211,8
RUS,CHN,04,20130220,22
RUS,CHN,04,20090409,8
RUS,CHN,04,20120621,9
RUS,CHN,03,20010816,2
RUS,CHN,01,20130808,7
RUS,CHN,12,20010301,1
RUS,CHN,05,20141216,12
RUS,CHN,11,20040609,8
RUS,CHN,04,20090729,5
RUS,CHN,11,20120606,6
RUS,CHN,16,20091004,9
RWA,CHN,04,20091109,24
SAS,CHN,04,20070710,1
SAU,CHN,04,20100518,3
SAU,CHN,01,20140214,18
SAU,CHN,12,20130629,6
SAU,CHN,03,20120327,1
SDN,CHN,04,20130914,6
SDN,CHN,17,20080216,12
SDN,CHN,19,20120130,15
SDN,CHN,04,20130723,2
SDN,CHN,06,20020721,1
SDN,CHN,18,20130116,2
SDN,CHN,05,20111022,2
SDN,CHN,04,20140401,6
SDN,CHN,04,20061102,3
SDN,CHN,12,20070524,2
SDN,CHN,04,20070109,4
SEA,CHN,03,20101222,9
SEA,CHN,12,20150115,10
SEA,CHN,01,20120805,10
SEA,CHN,04,20140812,20
SEA,CHN,04,20140512,10
SEA,CHN,04,20130916,160
SEA,CHN,04,20140809,122
SEA,CHN,17,20130625,4
SEA,CHN,05,20030904,5
SEA,CHN,04,20001122,3
SEA,CHN,03,20140131,6
SEA,CHN,02,20110808,9
SEN,CHN,04,20060625,2
SGP,CHN,03,20100808,1
SGP,CHN,04,20141221,3
SGP,CHN,04,20131121,2
SGP,CHN,01,20120602,10
SGP,CHN,03,20020116,9
SLE,CHN,04,20030804,15
SLE,CHN,04,20020612,5
SLE,CHN,04,20140311,1
SLE,CHN,05,20141023,20
SOM,CHN,18,20101110,1
SOM,CHN,07,20111009,1
SOM,CHN,19,20090107,2
SRB,CHN,04,20080218,4
SUR,CHN,04,20040225,18
SWE,CHN,07,20110503,25
SWE,CHN,08,20040128,1
SYR,CHN,04,20120708,2
SYR,CHN,11,20120408,82
SYR,CHN,04,20120815,12
SYR,CHN,04,20130801,2
SYR,CHN,03,20120703,2
SYR,CHN,08,20110428,6
SYR,CHN,11,20120205,20
SYR,CHN,02,20120627,6
SYR,CHN,04,20000617,8
SYR,CHN,04,20120608,5
TCD,CHN,16,20130814,10
THA,CHN,03,20150116,14
THA,CHN,11,20150122,4
THA,CHN,02,20140328,10
THA,CHN,04,20131011,20
THA,CHN,06,20090724,5
THA,CHN,03,20140109,2
THA,CHN,04,20090411,15
THA,CHN,01,20141127,2
THA,CHN,01,20101104,1
THA,CHN,19,20131113,10
THA,CHN,04,20061030,6
THA,CHN,04,20131210,9
THA,CHN,15,20140517,6
THA,CHN,04,20121120,4
THA,CHN,19,20111101,4
TJK,CHN,04,20000828,5
TJK,CHN,04,20120706,3
TJK,CHN,04,20000919,4
TJK,CHN,03,20140418,10
TJK,CHN,03,20040113,6
TKM,CHN,05,20060403,182
TKM,CHN,03,20070822,1
TKM,CHN,02,20031103,9
TKM,CHN,05,20090625,8
TKM,CHN,05,20130906,12
TKM,CHN,04,20091215,6
TKM,CHN,16,20130911,1
TKM,CHN,04,20060119,3
TKM,CHN,04,20091215,8
TKM,CHN,03,20120728,6
TMP,CHN,04,20030919,1
TUR,CHN,05,20120409,1
TUR,CHN,04,20110704,1
TUR,CHN,06,20141128,3
TUR,CHN,11,20131231,2
TUR,CHN,11,20090712,9
TUR,CHN,05,20120217,4
TUR,CHN,03,20100515,2
TUR,CHN,04,20120207,4
TUR,CHN,16,20030514,3
TUR,CHN,01,20140728,6
TUR,CHN,05,20100111,3
TWN,CHN,03,20130720,4
TWN,CHN,04,20140213,1
TWN,CHN,02,20131202,6
TWN,CHN,03,20140113,10
TWN,CHN,04,20130926,10
TWN,CHN,14,20140327,20
TWN,CHN,02,20131027,7
TWN,CHN,01,20130814,8
TWN,CHN,04,20140217,16
TWN,CHN,03,20140805,8
TWN,CHN,01,20140915,2
TWN,CHN,01,20150204,8
TWN,CHN,02,20140728,2
TWN,CHN,03,20130828,2
TZA,CHN,04,20030924,6
TZA,CHN,17,20140627,14
TZA,CHN,01,20140226,8
TZA,CHN,02,20130409,2
UGA,CHN,06,20110330,1
UKR,CHN,04,20020731,6
UKR,CHN,03,20110618,2
UKR,CHN,11,20051112,1
UKR,CHN,19,20140829,56
UKR,CHN,01,20140323,4
URY,CHN,05,20021204,2
USA,CHN,02,20000129,7
USA,CHN,01,20071231,1
USA,CHN,16,20100111,6
USA,CHN,05,20131216,6
USA,CHN,02,20100213,1
USA,CHN,06,20140121,10
USA,CHN,16,20040206,11
USA,CHN,03,20071012,4
USA,CHN,05,20140414,8
USA,CHN,01,20120908,24
USA,CHN,19,20110808,9
USA,CHN,05,20060326,4
USA,CHN,12,20100420,6
USA,CHN,01,20000731,1
USA,CHN,11,20070803,4
USA,CHN,04,20090606,4
USA,CHN,04,20110104,26
USA,CHN,16,20120731,1
USA,CHN,03,20070925,1
USA,CHN,04,20110904,140
USA,CHN,04,20010620,2
USA,CHN,17,20111227,9
USA,CHN,11,20071129,28
USA,CHN,04,20140321,4
USA,CHN,11,20121202,16
USA,CHN,11,20090817,4
USA,CHN,17,20110704,91
USA,CHN,04,20140325,8
USA,CHN,06,20130813,8
USA,CHN,04,20120506,4
USA,CHN,14,20110713,1
USA,CHN,01,20131207,8
USA,CHN,02,20120702,2
USA,CHN,12,20141214,2
USA,CHN,06,20140130,8
USA,CHN,04,20090924,10
USA,CHN,11,20080228,9
USA,CHN,01,20131229,10
USA,CHN,07,20081103,18
USA,CHN,19,20130511,2
USA,CHN,12,20140308,2
USA,CHN,06,20130311,10
USA,CHN,04,20131009,46
USA,CHN,04,20101024,10
USA,CHN,16,20140824,15
USA,CHN,09,20110527,9
USA,CHN,12,20140516,82
USA,CHN,04,20120311,9
USA,CHN,04,20110716,43
USA,CHN,05,20100128,2
USA,CHN,04,20140412,26
USA,CHN,12,20120803,4
USA,CHN,04,20131003,2
USA,CHN,01,20091122,21
USA,CHN,06,20141006,16
USA,CHN,19,20000822,5
USA,CHN,04,20120222,21
USA,CHN,04,20030429,2
USA,CHN,05,20141015,6
USA,CHN,05,20100804,2
USA,CHN,04,20130524,24
USA,CHN,04,20130122,2
USA,CHN,16,20141120,8
USA,CHN,04,20091122,8
USA,CHN,03,20090303,2
USA,CHN,09,20120411,4
USA,CHN,04,20081102,9
USA,CHN,04,20070409,13
USA,CHN,03,20100108,15
USA,CHN,05,20010820,5
USA,CHN,10,20100923,9
USA,CHN,04,20111010,1
USA,CHN,04,20140329,32
USA,CHN,04,20121127,2
USA,CHN,04,20030121,2
USA,CHN,03,20090330,3
USA,CHN,01,20140226,16
USA,CHN,19,20090517,4
USA,CHN,04,20130129,2
USA,CHN,15,20120419,8
USA,CHN,02,20060118,3
USA,CHN,01,20090731,4
USA,CHN,19,20120217,9
USA,CHN,04,20020307,2
USA,CHN,16,20010427,1
USA,CHN,09,20140329,1
USA,CHN,05,20110621,3
USA,CHN,11,20120425,2
USA,CHN,01,20120806,4
USA,CHN,04,20101125,4
USA,CHN,04,20031107,2
USA,CHN,17,20080229,2
USA,CHN,03,20100108,5
USA,CHN,01,20140930,5
USA,CHN,02,20101111,4
USA,CHN,09,20130328,2
USA,CHN,04,20120307,9
USA,CHN,02,20090922,1
USA,CHN,04,20010618,4
USA,CHN,04,20081216,10
USA,CHN,03,20111011,6
USA,CHN,02,20070609,36
USA,CHN,02,20140715,10
USA,CHN,03,20111218,5
USA,CHN,01,20091110,2
USA,CHN,11,20101008,7
USA,CHN,02,20091110,1
USA,CHN,04,20120921,8
USA,CHN,01,20100302,18
USA,CHN,01,20140705,8
USA,CHN,04,20090803,6
USA,CHN,01,20141219,9
USA,CHN,09,20110311,5
USA,CHN,06,20070401,4
USA,CHN,03,20010817,9
USA,CHN,03,20070228,3
USA,CHN,01,20020715,5
USA,CHN,02,20111117,1
USA,CHN,04,20140404,20
USA,CHN,11,20120118,4
USA,CHN,04,20020127,1
USA,CHN,03,20070611,18
USA,CHN,10,20121017,2
USA,CHN,04,20070817,9
USA,CHN,07,20060429,2
USA,CHN,12,20120204,2
USA,CHN,14,20150118,1
USA,CHN,01,20010411,161
USA,CHN,14,20120401,4
USA,CHN,11,20090220,11
USA,CHN,04,20110621,3
USA,CHN,04,20110109,15
USA,CHN,12,20060919,4
USA,CHN,07,20090810,2
USA,CHN,17,20140922,15
USA,CHN,11,20141101,5
USA,CHN,11,20131204,4
USA,CHN,07,20150121,14
USA,CHN,05,20031215,8
USA,CHN,11,20071024,2
USA,CHN,04,20110726,33
USA,CHN,01,20100106,3
USA,CHN,04,20140521,5
USA,CHN,08,20110604,115
USA,CHN,11,20120214,1
USA,CHN,07,20131111,2
USA,CHN,17,20140217,4
USA,CHN,04,20101102,9
USA,CHN,02,20111002,6
USA,CHN,04,20111103,3
USA,CHN,03,20110621,4
USA,CHN,05,20050429,8
USA,CHN,14,20131218,10
USA,CHN,04,20130322,8
USA,CHN,10,20120504,16
USA,CHN,03,20101207,5
USA,CHN,02,20111009,9
USA,CHN,19,20110724,99
USA,CHN,02,20130906,6
USA,CHN,02,20141221,19
USA,CHN,03,20101124,1
USA,CHN,16,20130930,6
USA,CHN,05,20130914,10
USA,CHN,11,20120905,4
USA,CHN,06,20140605,6
USA,CHN,06,20010424,2
USA,CHN,11,20090731,2
USA,CHN,01,20080514,11
USA,CHN,03,20130816,5
USA,CHN,05,20100512,4
USA,CHN,03,20091105,20
USA,CHN,11,20130310,21
USA,CHN,12,20090804,1
USA,CHN,05,20070319,1
USA,CHN,03,20021010,3
USA,CHN,04,20100330,7
USA,CHN,04,20040224,6
USA,CHN,04,20130302,1
USA,CHN,01,20120720,2
USA,CHN,02,20111111,3
USA,CHN,04,20101215,20
USA,CHN,01,20120925,78
USA,CHN,11,20091006,4
USA,CHN,07,20090923,14
USA,CHN,12,20101023,7
USA,CHN,09,20150205,20
USA,CHN,09,20140427,3
USA,CHN,06,20090926,5
USA,CHN,07,20130521,2
USA,CHN,02,20130412,4
USA,CHN,19,20100226,2
USA,CHN,04,20021112,12
USA,CHN,17,20130623,2
USA,CHN,02,20120703,6
USA,CHN,19,20141107,4
USA,CHN,02,20091222,3
USA,CHN,04,20050913,8
USA,CHN,11,20110302,2
USA,CHN,15,20060313,3
USA,CHN,05,20120731,6
USA,CHN,07,20100906,42
USA,CHN,03,20090616,11
USA,CHN,04,20150103,1
USA,CHN,02,20120430,3
USA,CHN,04,20031212,2
USA,CHN,01,20121210,7
USA,CHN,10,20120824,10
USA,CHN,04,20130620,3
USA,CHN,01,20120125,128
USA,CHN,11,20120801,6
USA,CHN,04,20110331,5
USA,CHN,03,20120926,6
USA,CHN,04,20100222,3
USA,CHN,02,20110717,1
USA,CHN,02,20150201,4
USA,CHN,07,20110607,30
USA,CHN,17,20140308,2
USA,CHN,04,20130608,4
USA,CHN,03,20101208,8
USA,CHN,10,20140924,24
USA,CHN,02,20090626,4
USA,CHN,02,20090527,5
USA,CHN,03,20140823,10
USA,CHN,05,20110819,8
USA,CHN,03,20110102,6
USA,CHN,07,20130621,10
USA,CHN,01,20040324,1
USA,CHN,04,20111108,2
USA,CHN,03,20110723,9
USA,CHN,03,20091029,4
USA,CHN,02,20130204,20
USA,CHN,03,20110920,9
USA,CHN,03,20111103,1
USA,CHN,04,20110111,9
USA,CHN,16,20121011,14
USA,CHN,05,20091029,6
USA,CHN,02,20130220,20
USA,CHN,06,20090402,3
USA,CHN,12,20120219,1
USA,CHN,01,20120117,10
USA,CHN,11,20070405,11
USA,CHN,17,20130827,6
USA,CHN,03,20100822,4
USA,CHN,05,20121010,24
USA,CHN,03,20140829,1
VAT,CHN,05,20011024,6
VAT,CHN,05,20140818,8
VEN,CHN,04,20120226,8
VEN,CHN,05,20010525,6
VEN,CHN,04,20010419,6
VEN,CHN,04,20091227,1
VEN,CHN,05,20150107,2
VEN,CHN,03,20120801,10
VNM,CHN,04,20140905,8
VNM,CHN,18,20140519,3
VNM,CHN,11,20130321,2
VNM,CHN,04,20130504,10
VNM,CHN,15,20101102,2
VNM,CHN,04,20110610,9
VNM,CHN,03,20050830,4
VNM,CHN,01,20131015,7
VNM,CHN,04,20031113,1
VNM,CHN,02,20140709,8
VNM,CHN,11,20111011,20
VNM,CHN,13,20140602,18
VNM,CHN,08,20140714,10
VNM,CHN,04,20060825,1
VNM,CHN,01,20120908,8
VNM,CHN,18,20140518,1
VNM,CHN,17,20090804,2
VNM,CHN,11,20120724,72
VNM,CHN,14,20110603,4
VNM,CHN,17,20120523,1
VNM,CHN,11,20130602,6
VNM,CHN,05,20131129,4
VNM,CHN,05,20051103,3
VNM,CHN,04,20011019,8
VNM,CHN,19,20140517,20
VNM,CHN,14,20110708,10
VNM,CHN,04,20131015,8
VNM,CHN,04,20020911,5
VNM,CHN,11,20150217,12
VNM,CHN,11,20110531,2
VNM,CHN,05,20120326,2
VNM,CHN,01,20141006,2
VNM,CHN,05,20120318,3
VNM,CHN,19,20121028,1
VNM,CHN,04,20140924,1
VNM,CHN,04,20101121,1
VNM,CHN,07,20140716,2
VNM,CHN,01,20120711,8
YEM,CHN,09,20090113,7
YEM,CHN,04,20020627,2
YEM,CHN,03,20090411,1
ZAF,CHN,13,20060922,1
ZAF,CHN,04,20131206,4
ZAF,CHN,04,20081017,2
ZMB,CHN,14,20101018,1
ZMB,CHN,05,20060830,7
ZMB,CHN,04,20070925,4
ZMB,CHN,06,20100106,1
ZMB,CHN,05,20140306,3
ZMB,CHN,02,20100104,2
ZMB,CHN,01,20121125,4
ZMB,CHN,03,20050627,2
ZMB,CHN,14,20031009,2
ZMB,CHN,05,20111031,3
ZWE,CHN,06,20121119,8
ZWE,CHN,01,20131205,4
ZWE,CHN,06,20100106,6
ZWE,CHN,03,20070605,12
ZWE,CHN,05,20131028,4
ZWE,CHN,04,20100709,2
ZWE,CHN,11,20101119,2
ZWE,CHN,01,20100919,2
AFR,CIV,04,20070809,3
AFR,CIV,04,20010314,9
AFR,CIV,04,20031205,2
AFR,CIV,04,20110506,24
AFR,CIV,04,20150127,10
AFR,CIV,03,20050413,4
AZE,CIV,04,20121106,2
BEL,CIV,04,20091225,1
BEN,CIV,04,20010516,6
BFA,CIV,04,20040726,1
BFA,CIV,01,20021002,1
BFA,CIV,11,20000606,2
BFA,CIV,01,20060920,7
CHN,CIV,07,20110127,4
CIV,CIV,04,20030206,2
CIV,CIV,19,20110204,1
CIV,CIV,18,20121012,8
CIV,CIV,03,20130809,1
CIV,CIV,13,20101230,5
CIV,CIV,17,20001205,4
CIV,CIV,11,20120926,7
CIV,CIV,14,20110304,20
CIV,CIV,10,20100621,4
CIV,CIV,17,20121102,10
CIV,CIV,04,20110719,1
CIV,CIV,08,20110328,7
CIV,CIV,03,20120417,2
CIV,CIV,10,20001128,3
FRA,CIV,09,20040622,2
FRA,CIV,12,20110123,2
FRA,CIV,03,20030206,1
FRA,CIV,01,20101216,1
FRA,CIV,05,20020405,4
FRA,CIV,05,20101228,5
FRA,CIV,19,20030107,7
FRA,CIV,05,20020726,1
GBR,CIV,17,20091128,6
GHA,CIV,07,20141020,5
GHA,CIV,11,20120116,3
GIN,CIV,05,20001210,1
GIN,CIV,04,20040430,3
GIN,CIV,03,20111202,8
GMB,CIV,07,20130129,4
GNQ,CIV,03,20140525,2
KEN,CIV,18,20120127,2
KEN,CIV,02,20110129,1
LBR,CIV,01,20150112,20
LBY,CIV,04,20110427,1
MCO,CIV,04,20030518,4
MLI,CIV,18,20120329,4
NGA,CIV,04,20130513,3
NGA,CIV,13,20041115,5
SEN,CIV,05,20121114,6
SLE,CIV,03,20101228,9
TGO,CIV,03,20021028,2
TGO,CIV,04,20021030,7
TGO,CIV,04,20030111,6
TGO,CIV,04,20030417,6
USA,CIV,01,20101204,12
USA,CIV,04,20110423,7
USA,CIV,06,20110107,4
USA,CIV,08,20101203,22
USA,CIV,04,20101222,4
USA,CIV,08,20101102,1
USA,CIV,01,20140205,2
WAF,CIV,10,20110401,5
WAF,CIV,04,20130328,1
WAF,CIV,04,20120326,10
ZAF,CIV,04,20110331,4
AFR,CMR,08,20090524,4
AFR,CMR,06,20150119,1
AFR,CMR,03,20140111,3
AGO,CMR,03,20090314,12
AGO,CMR,01,20001024,1
ARE,CMR,05,20040523,2
BEN,CMR,04,20150210,6
BGR,CMR,05,20131028,2
CAF,CMR,06,20110713,1
CHN,CMR,03,20110829,1
CMR,CMR,04,20090610,6
CMR,CMR,17,20140225,4
CMR,CMR,19,20070727,7
CMR,CMR,18,20130220,70
CMR,CMR,02,20081007,2
CMR,CMR,08,20140602,3
COD,CMR,04,20150115,2
COG,CMR,04,20140912,1
FRA,CMR,04,20141028,2
FRA,CMR,11,20140216,5
FRA,CMR,18,20130602,30
FRA,CMR,11,20130219,8
FRA,CMR,04,20130223,8
FRA,CMR,12,20030311,4
GHA,CMR,06,20100116,1
GNQ,CMR,10,20090109,6
IDN,CMR,08,20130618,10
JOR,CMR,05,20070910,6
KOR,CMR,06,20130117,6
NER,CMR,04,20150207,18
NER,CMR,03,20141101,6
NGA,CMR,12,20040915,15
NGA,CMR,03,20060612,18
NGA,CMR,16,20120101,8
NGA,CMR,08,20140712,8
NGA,CMR,06,20140825,14
NGA,CMR,04,20050415,3
NGA,CMR,04,20131031,6
NGA,CMR,04,20090506,5
NGA,CMR,04,20021101,16
NGA,CMR,19,20150111,1
TCD,CMR,02,20140716,2
USA,CMR,18,20130103,2
USA,CMR,11,20130716,12
AFR,COD,05,20011012,4
AFR,COD,05,20020719,2
AFR,COD,17,20020318,2
AFR,COD,03,20030408,6
AFR,COD,03,20140103,9
AFR,COD,04,20060328,7
AFR,COD,19,20130802,5
AFR,COD,05,20111204,1
AFR,COD,04,20140708,2
AGO,COD,15,20010903,7
AGO,COD,19,20020221,2
AGO,COD,11,20040405,1
AGO,COD,04,20030614,7
AGO,COD,19,20020220,2
BDI,COD,04,20080924,3
BDI,COD,19,20010927,2
BDI,COD,19,20030619,7
BEL,COD,04,20000607,1
BEL,COD,01,20140415,8
BEL,COD,05,20080526,2
BGD,COD,18,20050226,9
CHN,COD,05,20050321,9
CHN,COD,02,20030115,2
CMR,COD,01,20070115,2
COD,COD,08,20080502,1
COD,COD,05,20010124,1
COD,COD,04,20120525,1
COD,COD,19,20090306,18
COD,COD,12,20061124,2
COD,COD,01,20020623,4
COD,COD,13,20150211,10
COD,COD,01,20120623,7
COD,COD,15,20081122,10
COD,COD,01,20130706,4
COD,COD,04,20060926,3
COD,COD,17,20080208,5
COG,COD,18,20120213,9
COG,COD,20,20100827,20
COG,COD,11,20090123,27
COG,COD,04,20120410,7
COG,COD,02,20121020,5
COG,COD,05,20000628,1
CPV,COD,03,20090812,4
DZA,COD,02,20000702,9
ESP,COD,07,20081123,18
ETH,COD,06,20020405,7
ETH,COD,04,20090622,15
EUR,COD,02,20070322,9
FRA,COD,08,20100625,1
FRA,COD,04,20090326,8
GBR,COD,04,20130326,14
GBR,COD,02,20081118,3
GBR,COD,05,20131018,10
GBR,COD,04,20141022,2
KEN,COD,03,20110511,2
KEN,COD,04,20080414,7
MEX,COD,04,20140217,2
NAM,COD,04,20051125,6
NAM,COD,05,20010211,4
NGA,COD,01,20080609,7
NLD,COD,10,20080507,2
RWA,COD,01,20130725,1
RWA,COD,04,20081018,2
RWA,COD,08,20091118,4
RWA,COD,18,20040112,4
RWA,COD,03,20121204,4
RWA,COD,06,20010209,8
RWA,COD,11,20040502,9
RWA,COD,03,20071130,9
RWA,COD,18,20101005,3
RWA,COD,05,20090511,3
RWA,COD,05,20011122,5
RWA,COD,03,20120709,10
RWA,COD,06,20030617,7
RWA,COD,05,20030320,3
RWA,COD,01,20121127,6
RWA,COD,05,20090922,5
RWA,COD,08,20030327,1
SLE,COD,08,20000516,1
TCD,COD,07,20020728,2
TZA,COD,05,20131108,1
UGA,COD,04,20000513,2
UGA,COD,01,20030603,5
UGA,COD,04,20071002,8
UGA,COD,05,20020908,2
UGA,COD,03,20020415,2
UGA,COD,11,20091105,2
UGA,COD,19,20091014,7
UGA,COD,10,20130913,2
UGA,COD,05,20041105,7
UGA,COD,19,20030516,2
UGA,COD,18,20140514,12
UGA,COD,19,20130923,2
UGA,COD,19,20111118,1
UGA,COD,10,20110712,7
UGA,COD,04,20081031,10
UGA,COD,04,20010808,1
UGA,COD,04,20130828,5
USA,COD,04,20010129,2
USA,COD,08,20140509,2
USA,COD,03,20110629,9
USA,COD,01,20010416,2
USA,COD,05,20060825,2
USA,COD,04,20140624,14
ZAF,COD,07,20020804,4
ZMB,COD,05,20000229,2
ZMB,COD,04,20140206,8
ZMB,COD,04,20000218,5
ZWE,COD,01,20001206,1
AFG,COG,05,20110511,2
AFR,COG,06,20130829,22
AFR,COG,03,20080508,2
AGO,COG,06,20060826,2
AGO,COG,04,20041116,5
AGO,COG,04,20010725,5
BEL,COG,04,20020225,1
CAN,COG,19,20070201,1
CHE,COG,11,20120830,8
COD,COG,07,20131217,10
COD,COG,10,20080616,2
COD,COG,12,20070710,5
COG,COG,17,20050721,1
EUR,COG,11,20040910,1
FRA,COG,03,20010516,2
FRA,COG,04,20081030,18
GAB,COG,04,20010417,7
IRL,COG,02,20150102,6
IRN,COG,01,20130717,22
ISR,COG,11,20121228,1
LBR,COG,05,20111110,2
NAM,COG,08,20010903,3
OMN,COG,04,20130926,8
PAK,COG,01,20070525,9
RWA,COG,19,20000531,1
RWA,COG,04,20020904,2
RWA,COG,15,20120912,4
RWA,COG,12,20001231,3
RWA,COG,11,20021023,1
RWA,COG,19,20131214,20
RWA,COG,03,20120724,101
SLE,COG,04,20021118,1
TKM,COG,03,20120429,16
UGA,COG,03,20040804,9
UGA,COG,08,20141209,3
UGA,COG,04,20080615,2
UGA,COG,11,20090608,7
USA,COG,04,20130322,8
ZWE,COG,04,20080612,2
AUS,COK,04,20120903,5
FRA,COK,04,20090326,2
NZL,COK,04,20130730,2
ARE,COL,04,20141113,2
ARG,COL,06,20121112,4
ARG,COL,17,20101201,6
ARG,COL,04,20110308,12
AUS,COL,11,20141109,4
AUS,COL,18,20120929,18
AUS,COL,09,20080804,3
BEL,COL,07,20141106,2
BOL,COL,04,20101112,4
BRA,COL,04,20090821,4
BRA,COL,04,20080704,7
BRA,COL,01,20021128,4
BRA,COL,04,20130307,2
CAN,COL,03,20090326,6
CHE,COL,03,20130408,4
CHL,COL,02,20110103,2
CHL,COL,08,20010828,2
CHL,COL,04,20130802,3
CHL,COL,03,20090730,1
CHN,COL,04,20110616,10
COD,COL,04,20131011,2
COL,COL,01,20130927,1
COL,COL,12,20090903,2
COL,COL,05,20020424,7
COL,COL,01,20110915,4
COL,COL,04,20010814,1
COL,COL,07,20120827,10
COL,COL,08,20110209,1
COL,COL,04,20000324,1
COL,COL,17,20090912,2
COL,COL,13,20071125,4
COL,COL,04,20080306,2
COL,COL,01,20070205,2
COL,COL,02,20020712,1
COL,COL,18,20071005,6
COL,COL,14,20140818,6
COL,COL,19,20070122,3
COL,COL,02,20100112,2
COL,COL,08,20061207,1
COL,COL,08,20030128,16
COL,COL,05,20030722,2
COL,COL,17,20080327,4
COL,COL,02,20000331,5
COL,COL,01,20020813,1
COL,COL,04,20071130,22
COL,COL,16,20030621,5
COL,COL,15,20080411,1
COL,COL,07,20131126,12
COL,COL,04,20131222,4
COL,COL,04,20080624,4
COL,COL,01,20101228,1
COL,COL,17,20100608,12
COL,COL,18,20090220,3
COL,COL,01,20071204,4
COL,COL,03,20020106,1
COL,COL,01,20100817,9
COL,COL,11,20080609,13
COL,COL,03,20000903,3
COL,COL,11,20131030,4
COL,COL,19,20030703,7
COL,COL,01,20010507,1
COL,COL,16,20101119,16
COL,COL,04,20080703,15
COL,COL,19,20120827,1
COL,COL,11,20100920,5
COL,COL,17,20110726,2
COL,COL,19,20120809,5
COL,COL,11,20120226,14
COL,COL,19,20080702,19
COL,COL,10,20130718,6
CUB,COL,05,20120416,2
CUB,COL,01,20141031,8
CUB,COL,10,20011221,5
CUB,COL,04,20120307,16
CUB,COL,04,20021203,6
CUB,COL,05,20111107,4
CUB,COL,04,20141006,4
CUB,COL,01,20020222,5
CUB,COL,04,20100811,2
DEU,COL,04,20070304,1
DOM,COL,04,20071229,10
ECU,COL,02,20111125,8
ECU,COL,04,20110511,7
ECU,COL,19,20080311,7
ECU,COL,16,20080624,2
ECU,COL,04,20080419,6
ECU,COL,16,20080815,2
ESP,COL,02,20080827,4
ESP,COL,06,20091215,2
ESP,COL,11,20090731,1
FRA,COL,04,20080121,1
FRA,COL,17,20030719,1
FRA,COL,02,20080401,1
FRA,COL,03,20090107,1
FRA,COL,13,20080703,5
GBR,COL,05,20020718,4
GTM,COL,03,20110208,2
GTM,COL,05,20090507,3
HND,COL,05,20030821,10
HND,COL,03,20000818,2
IDN,COL,04,20111221,5
ISR,COL,04,20120323,3
JPN,COL,07,20100803,10
LKA,COL,04,20080123,3
MEX,COL,04,20001009,4
MEX,COL,04,20110722,2
MEX,COL,04,20130716,6
MEX,COL,03,20010315,2
MEX,COL,18,20070610,2
MEX,COL,11,20010406,1
MEX,COL,04,20120425,2
MEX,COL,04,20110723,2
MYS,COL,13,20071101,2
NIC,COL,01,20030501,2
NIC,COL,11,20110417,9
NIC,COL,11,20070511,9
PAN,COL,03,20110126,8
PER,COL,03,20070925,4
PER,COL,18,20080319,20
PER,COL,05,20141109,1
PER,COL,06,20000906,4
PER,COL,05,20100614,2
RUS,COL,06,20010830,6
RUS,COL,02,20080704,7
SLV,COL,04,20101211,2
SWE,COL,04,20120409,6
THA,COL,04,20101118,28
URY,COL,04,20010422,5
USA,COL,06,20000226,2
USA,COL,07,20030125,1
USA,COL,04,20030822,7
USA,COL,01,20111013,16
USA,COL,07,20090825,7
USA,COL,09,20120427,1
USA,COL,11,20140702,2
USA,COL,11,20080628,2
USA,COL,04,20080930,2
USA,COL,16,20130130,2
USA,COL,03,20060430,10
USA,COL,04,20120505,9
USA,COL,02,20020319,7
USA,COL,05,20150213,6
USA,COL,15,20090729,9
USA,COL,09,20090121,1
USA,COL,04,20121114,2
USA,COL,04,20030803,1
USA,COL,04,20130429,1
USA,COL,03,20141115,4
USA,COL,06,20080723,9
USA,COL,18,20130906,1
USA,COL,04,20131211,4
USA,COL,01,20101219,4
USA,COL,02,20090913,7
USA,COL,05,20100107,7
USA,COL,01,20090811,4
USA,COL,19,20120110,3
USA,COL,05,20020807,9
USA,COL,04,20121124,14
USA,COL,05,20121218,10
USA,COL,01,20080303,4
USA,COL,01,20091012,7
USA,COL,04,20010912,6
USA,COL,05,20080303,30
USA,COL,09,20131217,8
USA,COL,06,20110912,1
USA,COL,03,20070608,24
USA,COL,04,20020902,1
USA,COL,07,20120415,175
USA,COL,04,20090812,1
USA,COL,03,20000822,3
VEN,COL,02,20090415,2
VEN,COL,14,20080411,3
VEN,COL,04,20131121,88
VEN,COL,04,20040516,4
VEN,COL,04,20090903,1
VEN,COL,01,20100922,2
VEN,COL,12,20080403,2
VEN,COL,03,20071218,4
VEN,COL,17,20010323,2
VEN,COL,04,20100317,8
VEN,COL,16,20100716,8
VEN,COL,17,20100917,6
VEN,COL,04,20071223,3
VEN,COL,11,20140905,3
VEN,COL,05,20030706,3
VEN,COL,12,20120414,1
VEN,COL,18,20031007,2
VEN,COL,05,20080712,5
VEN,COL,04,20101111,4
VNM,COL,03,20100924,2
AFR,COM,04,20010220,2
CHN,COM,04,20100125,3
COM,COM,04,20080721,3
ETH,COM,04,20070817,4
FRA,COM,09,20090703,1
MDG,COM,08,20131010,8
TZA,COM,04,20130407,2
BRA,CPV,05,20131109,6
PRT,CPV,01,20090525,2
PRT,CPV,04,20100324,6
WAF,CPV,04,20140924,5
ATG,CRB,04,20140405,16
CRB,CRB,04,20091122,5
JAM,CRB,04,20090127,59
ARG,CRI,05,20111028,2
BRA,CRI,04,20090618,1
BRA,CRI,09,20130924,2
BRA,CRI,04,20040413,2
CHN,CRI,05,20080822,2
COL,CRI,09,20120616,2
CRI,CRI,01,20010218,5
CRI,CRI,08,20111223,9
CRI,CRI,03,20080102,9
CRI,CRI,03,20080507,8
CRI,CRI,03,20110806,9
CUB,CRI,03,20120316,3
DEU,CRI,04,20120716,108
FRA,CRI,04,20120330,2
GTM,CRI,04,20101107,4
HTI,CRI,04,20110806,3
IND,CRI,05,20140414,2
ITA,CRI,03,20100826,1
JAM,CRI,04,20110821,4
MEX,CRI,04,20121223,1
MEX,CRI,04,20101205,1
MEX,CRI,05,20080628,7
NIC,CRI,01,20130904,2
NIC,CRI,04,20000204,3
NIC,CRI,11,20140505,2
NIC,CRI,01,20120501,2
PAN,CRI,04,20110708,8
PAN,CRI,04,20120429,4
PAN,CRI,04,20131205,2
PAN,CRI,01,20000406,6
RUS,CRI,04,20070511,8
SLV,CRI,03,20020315,1
SLV,CRI,04,20120616,1
USA,CRI,04,20131016,16
USA,CRI,05,20140712,3
USA,CRI,17,20110822,1
USA,CRI,04,20120912,4
USA,CRI,03,20130730,6
AFG,CUB,17,20020615,1
AFG,CUB,17,20071214,1
AFG,CUB,01,20080718,6
AFG,CUB,17,20150209,2
AFG,CUB,19,20110718,2
AFR,CUB,01,20120207,8
AGO,CUB,03,20140522,1
AGO,CUB,08,20121105,6
ARG,CUB,04,20030526,7
ARG,CUB,05,20121119,3
ATG,CUB,04,20080522,2
AUS,CUB,11,20140504,10
AUS,CUB,17,20110111,5
BHS,CUB,04,20000823,4
BLR,CUB,04,20001002,2
BOL,CUB,02,20120301,2
BOL,CUB,04,20101218,8
BRA,CUB,04,20081030,2
BRA,CUB,02,20040821,9
BRA,CUB,02,20021027,5
BRA,CUB,04,20110104,1
BRA,CUB,04,20111009,2
CAN,CUB,04,20100519,5
CAN,CUB,03,20140208,4
CAN,CUB,05,20120413,3
CAN,CUB,04,20090727,2
CAN,CUB,04,20030408,12
CAN,CUB,03,20000228,4
CHE,CUB,05,20110423,1
CHE,CUB,04,20031208,2
CHE,CUB,04,20141121,1
CHL,CUB,04,20130121,8
CHL,CUB,04,20120418,5
CHL,CUB,19,20070726,12
CHN,CUB,04,20070421,16
CHN,CUB,04,20150206,2
CHN,CUB,05,20091007,1
CHN,CUB,05,20010303,1
CHN,CUB,04,20030314,1
CHN,CUB,03,20110605,8
COD,CUB,04,20110928,9
COL,CUB,05,20150106,7
COL,CUB,05,20120422,2
COL,CUB,04,20141130,8
COL,CUB,04,20090625,1
COL,CUB,02,20120410,4
COL,CUB,04,20121121,9
COL,CUB,05,20090807,1
CRB,CUB,02,20130730,10
CRI,CUB,04,20150129,12
CUB,CUB,11,20080514,7
CUB,CUB,08,20150114,1
CUB,CUB,07,20121208,2
CUB,CUB,04,20000124,6
CUB,CUB,04,20130927,14
CUB,CUB,05,20080224,2
CUB,CUB,01,20021218,1
CUB,CUB,01,20140929,2
CUB,CUB,04,20110420,20
CUB,CUB,01,20120112,12
CUB,CUB,10,20111023,10
CUB,CUB,19,20040401,5
CUB,CUB,04,20120410,4
CUB,CUB,14,20150212,2
CUB,CUB,08,20090129,1
CUB,CUB,06,20121211,1
CUB,CUB,01,20120320,2
CUB,CUB,04,20091212,18
CUB,CUB,03,20120615,1
CUB,CUB,09,20110222,2
CUB,CUB,05,20130307,2
CUB,CUB,05,20140301,4
CUB,CUB,04,20120414,4
CUB,CUB,02,20140413,2
CUB,CUB,01,20130719,6
CUB,CUB,12,20030208,5
CUB,CUB,02,20120402,2
CUB,CUB,03,20010528,5
CUB,CUB,01,20060914,5
CUB,CUB,16,20000505,18
CUB,CUB,04,20120814,5
CUB,CUB,01,20140327,1
CUB,CUB,13,20150119,2
CUB,CUB,01,20110409,1
CUB,CUB,17,20141119,6
CUB,CUB,04,20031014,11
CUB,CUB,02,20140528,6
CUB,CUB,01,20090302,25
CUB,CUB,05,20111207,3
CUB,CUB,04,20060906,4
CUB,CUB,01,20140611,3
CUB,CUB,03,20110919,23
CUB,CUB,17,20141217,1
CUB,CUB,05,20041019,10
CUB,CUB,02,20131217,2
CUB,CUB,11,20040317,7
CUB,CUB,08,20070725,5
CUB,CUB,05,20091214,10
CUB,CUB,02,20051014,3
CUB,CUB,04,20101208,2
CUB,CUB,01,20081111,7
CUB,CUB,04,20111220,5
CUB,CUB,01,20020919,2
CUB,CUB,17,20010602,10
CUB,CUB,16,20121025,5
CUB,CUB,04,20041013,7
ECU,CUB,01,20090106,8
ECU,CUB,01,20120923,2
ECU,CUB,03,20090630,1
EGY,CUB,04,20150108,10
ESP,CUB,04,20011102,3
ESP,CUB,01,20071013,2
ESP,CUB,04,20141005,4
ESP,CUB,03,20070501,6
EUR,CUB,08,20081015,2
EUR,CUB,04,20121120,10
EUR,CUB,04,20080617,9
FRA,CUB,04,20101105,51
GAB,CUB,01,20120929,4
GBR,CUB,11,20101116,4
GBR,CUB,19,20130924,10
GBR,CUB,05,20141017,2
HND,CUB,17,20090603,2
HND,CUB,04,20111214,1
HND,CUB,04,20020930,3
HND,CUB,17,20090628,8
HTI,CUB,04,20121025,16
HUN,CUB,05,20030918,3
IND,CUB,04,20110606,2
IND,CUB,08,20101110,27
IRN,CUB,03,20100910,4
IRN,CUB,11,20121116,8
IRQ,CUB,17,20100712,20
IRQ,CUB,03,20060905,1
ISR,CUB,04,20110112,2
ITA,CUB,04,20101114,6
JPN,CUB,04,20030304,22
JPN,CUB,08,20131210,2
JPN,CUB,01,20091207,8
LBN,CUB,03,20120820,66
LKA,CUB,06,20050201,1
LKA,CUB,05,20120508,4
MEX,CUB,04,20120320,2
MEX,CUB,19,20080831,12
MEX,CUB,07,20100901,5
MEX,CUB,04,20020322,3
MEX,CUB,04,20120325,6
MEX,CUB,04,20141219,10
MEX,CUB,04,20040712,3
MMR,CUB,04,20011020,1
MYS,CUB,04,20010518,1
NAM,CUB,04,20060129,5
NIC,CUB,04,20121003,1
NOR,CUB,04,20121017,1
PAK,CUB,03,20000415,15
PAN,CUB,02,20011003,14
PER,CUB,04,20131105,4
PHL,CUB,04,20100115,12
PRT,CUB,01,20110430,5
PRT,CUB,04,20090814,4
RUS,CUB,05,20130222,6
RUS,CUB,11,20040529,1
RUS,CUB,12,20120301,62
RUS,CUB,03,20140712,20
RUS,CUB,04,20141102,1
RUS,CUB,02,20001215,2
RUS,CUB,04,20130701,3
RUS,CUB,01,20001215,7
RUS,CUB,18,20130923,10
RUS,CUB,04,20140516,4
SAU,CUB,17,20100114,2
SLV,CUB,04,20100928,5
SYR,CUB,05,20111202,8
SYR,CUB,11,20131105,4
UGA,CUB,18,20060418,2
UKR,CUB,07,20090525,9
URY,CUB,08,20140322,88
URY,CUB,01,20101111,3
URY,CUB,04,20130828,4
URY,CUB,04,20110608,1
USA,CUB,01,20141220,1
USA,CUB,12,20131001,4
USA,CUB,11,20010404,6
USA,CUB,08,20141226,2
USA,CUB,05,20110605,4
USA,CUB,07,20101231,7
USA,CUB,04,20080411,5
USA,CUB,05,20150106,36
USA,CUB,01,20090206,1
USA,CUB,04,20131014,4
USA,CUB,08,20090927,4
USA,CUB,07,20130912,3
USA,CUB,04,20100504,1
USA,CUB,11,20120724,4
USA,CUB,04,20150130,2
USA,CUB,05,20130613,8
USA,CUB,03,20141223,10
USA,CUB,08,20111203,5
USA,CUB,04,20000321,10
USA,CUB,06,20111027,7
USA,CUB,04,20141121,5
USA,CUB,04,20090311,18
USA,CUB,11,20000323,2
USA,CUB,13,20090414,1
USA,CUB,08,20110805,14
USA,CUB,08,20110910,1
USA,CUB,04,20020227,5
USA,CUB,09,20101027,2
USA,CUB,08,20140312,8
USA,CUB,19,20130210,2
USA,CUB,08,20090829,2
USA,CUB,07,20131124,1
USA,CUB,08,20060904,1
USA,CUB,01,20000829,5
USA,CUB,05,20090131,7
USA,CUB,02,20001206,7
USA,CUB,04,20141217,189
USA,CUB,04,20091018,2
USA,CUB,04,20000113,5
USA,CUB,01,20141123,10
USA,CUB,10,20130903,10
USA,CUB,04,20110105,7
USA,CUB,16,20090919,20
USA,CUB,17,20141028,8
USA,CUB,08,20140301,1
USA,CUB,17,20081009,5
USA,CUB,04,20030115,5
USA,CUB,04,20130605,3
USA,CUB,19,20110302,2
USA,CUB,08,20150109,8
USA,CUB,12,20100322,2
USA,CUB,07,20041115,5
USA,CUB,04,20140503,8
USA,CUB,01,20110221,8
USA,CUB,03,20090603,8
USA,CUB,02,20100210,9
USA,CUB,05,20101103,9
USA,CUB,19,20150122,4
USA,CUB,02,20040112,3
USA,CUB,06,20150121,71
USA,CUB,02,20141210,18
USA,CUB,04,20140626,14
USA,CUB,17,20070729,8
USA,CUB,19,20070131,4
USA,CUB,11,20040124,1
USA,CUB,04,20120531,320
USA,CUB,03,20090928,1
USA,CUB,02,20090428,4
USA,CUB,17,20070819,2
USA,CUB,11,20080520,11
USA,CUB,05,20100827,1
USA,CUB,04,20130425,12
USA,CUB,11,20140502,4
USA,CUB,10,20130826,1
USA,CUB,08,20150116,13
USA,CUB,04,20040504,1
USA,CUB,04,20080919,2
USA,CUB,17,20090130,9
USA,CUB,04,20090221,2
USA,CUB,04,20010413,3
USA,CUB,11,20101207,4
USA,CUB,04,20100421,7
USA,CUB,04,20141218,438
USA,CUB,05,20020702,5
USA,CUB,06,20141220,18
USA,CUB,05,20040504,7
VAT,CUB,04,20141217,18
VEN,CUB,18,20121017,2
VEN,CUB,05,20100123,2
VEN,CUB,05,20130101,1
VEN,CUB,01,20110518,6
VEN,CUB,04,20021030,1
VEN,CUB,04,20120320,8
VEN,CUB,08,20130719,14
VEN,CUB,04,20080222,14
VEN,CUB,04,20010314,4
VEN,CUB,01,20060801,6
VNM,CUB,05,20020903,4
VNM,CUB,05,20030223,1
VNM,CUB,03,20010920,5
VNM,CUB,04,20031230,1
ZWE,CUB,06,20020722,14
AUT,CYM,05,20130715,4
BHS,CYM,04,20101129,1
JAM,CYM,19,20140505,2
TTO,CYM,01,20090727,2
USA,CYM,09,20090608,7
USA,CYM,01,20140304,5
AUS,CYP,01,20121112,2
CAN,CYP,13,20130808,2
CYP,CYP,06,20080225,1
CYP,CYP,04,20070512,2
CYP,CYP,01,20120605,12
CYP,CYP,04,20100201,1
CYP,CYP,04,20140617,2
CYP,CYP,05,20150212,8
CYP,CYP,01,20031009,2
CYP,CYP,04,20080414,1
CYP,CYP,01,20040610,2
CYP,CYP,01,20031227,4
DEU,CYP,04,20110111,2
DEU,CYP,01,20130317,10
DEU,CYP,01,20120927,3
DNK,CYP,05,20120516,2
EGY,CYP,05,20110923,44
ESP,CYP,01,20150215,4
EUR,CYP,04,20140213,4
EUR,CYP,01,20101128,1
EUR,CYP,01,20011215,1
EUR,CYP,05,20080218,2
EUR,CYP,03,20120308,8
FRA,CYP,04,20061205,5
FRA,CYP,05,20120125,2
GBR,CYP,07,20060621,5
GBR,CYP,04,20130909,8
GBR,CYP,05,20021025,2
GBR,CYP,03,20010706,3
GBR,CYP,17,20131121,14
GBR,CYP,09,20140824,3
GBR,CYP,02,20100119,1
GRC,CYP,12,20100122,2
GRC,CYP,03,20030124,7
GRC,CYP,01,20040720,1
GRC,CYP,04,20070521,2
GRC,CYP,12,20020513,2
GRC,CYP,03,20101101,4
GRC,CYP,04,20120106,4
GRC,CYP,01,20040418,9
GRC,CYP,12,20090926,10
GRC,CYP,12,20100318,2
GRC,CYP,04,20130408,4
GRC,CYP,12,20130326,9
GRC,CYP,02,20141211,2
GRC,CYP,01,20010202,10
GRC,CYP,17,20150212,2
GRC,CYP,06,20140930,16
GUY,CYP,04,20111026,1
HUN,CYP,04,20130225,206
IRQ,CYP,04,20141022,1
IRQ,CYP,09,20030312,2
ISR,CYP,04,20130809,4
ISR,CYP,05,20100223,8
ISR,CYP,11,20000520,2
ISR,CYP,12,20100615,9
ITA,CYP,04,20030610,2
ITA,CYP,04,20140417,2
LBN,CYP,05,20030625,8
LBN,CYP,04,20130717,1
LBY,CYP,03,20030531,18
MLT,CYP,01,20080119,8
MLT,CYP,05,20031007,12
MYS,CYP,03,20140622,6
NOR,CYP,02,20101215,2
OMN,CYP,04,20140930,8
PSE,CYP,03,20021125,2
RUS,CYP,04,20100224,5
RUS,CYP,17,20100629,20
SVK,CYP,05,20020422,1
TUR,CYP,15,20040401,5
TUR,CYP,02,20100604,2
TUR,CYP,11,20040927,7
TUR,CYP,04,20010214,2
TUR,CYP,12,20030612,7
TUR,CYP,04,20140917,24
TUR,CYP,03,20140930,12
TUR,CYP,01,20110917,4
TUR,CYP,03,20040412,3
TUR,CYP,04,20040217,9
TUR,CYP,01,20140828,1
TUR,CYP,04,20141105,6
TUR,CYP,01,20090323,2
TUR,CYP,16,20080220,1
TUR,CYP,01,20010604,1
TUR,CYP,09,20110921,1
TUR,CYP,11,20000717,16
TUR,CYP,07,20040303,9
TUR,CYP,04,20070412,4
TUR,CYP,11,20040421,2
TUR,CYP,12,20021210,2
TUR,CYP,19,20010516,7
TUR,CYP,01,20110118,1
TUR,CYP,19,20140222,8
TUR,CYP,03,20120926,2
TUR,CYP,10,20000815,1
TUR,CYP,01,20130909,3
TUR,CYP,11,20030422,6
TUR,CYP,03,20090223,2
UKR,CYP,07,20100729,2
USA,CYP,05,20040127,1
USA,CYP,04,20140522,10
USA,CYP,15,20050530,1
USA,CYP,12,20010804,5
USA,CYP,04,20130722,10
USA,CYP,01,20140816,3
USA,CYP,06,20101116,3
VEN,CYP,04,20090114,5
AFG,CZE,04,20120130,4
AFR,CZE,06,20031218,5
AUS,CZE,04,20140520,20
AUT,CZE,01,20040329,3
AUT,CZE,17,20090308,1
AUT,CZE,12,20020117,7
AUT,CZE,05,20000204,1
AUT,CZE,04,20000901,4
AUT,CZE,01,20140731,12
AZE,CZE,04,20090426,3
BEL,CZE,07,20020814,13
BEL,CZE,06,20000607,14
BGR,CZE,08,20090123,2
BGR,CZE,04,20090219,2
BGR,CZE,03,20011122,2
BGR,CZE,01,20050102,1
CAN,CZE,02,20111027,1
CHN,CZE,03,20040414,1
CHN,CZE,04,20060513,1
CUB,CZE,01,20010206,3
CZE,CZE,11,20140114,2
CZE,CZE,01,20111011,2
CZE,CZE,12,20141009,2
CZE,CZE,05,20010523,8
CZE,CZE,01,20090525,7
CZE,CZE,11,20080727,2
CZE,CZE,11,20081128,5
CZE,CZE,01,20131002,1
CZE,CZE,08,20070426,9
CZE,CZE,04,20141120,3
CZE,CZE,01,20080109,2
CZE,CZE,01,20141125,4
CZE,CZE,02,20091026,2
CZE,CZE,04,20051115,1
CZE,CZE,05,20030601,4
CZE,CZE,05,20100615,1
CZE,CZE,01,20150203,12
CZE,CZE,03,20110417,1
CZE,CZE,12,20120424,5
CZE,CZE,10,20010222,10
CZE,CZE,01,20091018,2
CZE,CZE,04,20150127,2
CZE,CZE,05,20080716,5
CZE,CZE,13,20111218,3
CZE,CZE,01,20080302,1
CZE,CZE,19,20071122,2
CZE,CZE,01,20090821,5
CZE,CZE,01,20110718,1
CZE,CZE,01,20111218,161
DEU,CZE,11,20020125,4
DEU,CZE,04,20141118,1
DEU,CZE,19,20131218,1
DEU,CZE,04,20100901,3
EGY,CZE,06,20040502,5
EST,CZE,03,20140602,4
EUR,CZE,19,20110922,6
EUR,CZE,01,20090327,5
EUR,CZE,04,20140605,4
EUR,CZE,03,20010109,14
EUR,CZE,05,20141216,2
EUR,CZE,08,20110125,2
EUR,CZE,01,20000419,4
EUR,CZE,08,20090427,9
FRA,CZE,04,20010727,1
FRA,CZE,05,20120425,1
GBR,CZE,04,20150128,1
GBR,CZE,04,20140913,8
GBR,CZE,03,20090518,9
GMB,CZE,01,20010115,2
GRC,CZE,03,20141028,2
HUN,CZE,04,20070619,2
HUN,CZE,07,20150206,2
HUN,CZE,01,20141119,2
IDN,CZE,05,20120710,8
IRL,CZE,04,20140531,1
IRQ,CZE,04,20091130,2
IRQ,CZE,01,20020429,9
ISR,CZE,04,20090423,3
ITA,CZE,17,20060714,1
JOR,CZE,03,20150211,16
KWT,CZE,04,20030403,2
LVA,CZE,07,20000113,8
MNG,CZE,04,20090902,2
PAK,CZE,18,20130314,14
POL,CZE,03,20000925,2
POL,CZE,05,20070920,8
POL,CZE,19,20070321,5
POL,CZE,03,20081204,9
POL,CZE,02,20090119,1
POL,CZE,19,20101102,1
PRT,CZE,11,20091103,6
PRT,CZE,03,20110628,1
PSE,CZE,02,20131006,1
RUS,CZE,04,20061230,1
RUS,CZE,03,20070822,7
RUS,CZE,03,20110417,2
RUS,CZE,16,20140831,10
SAU,CZE,07,20050114,2
SVK,CZE,03,20080618,2
SVK,CZE,04,20141121,8
SVK,CZE,05,20130615,4
SVK,CZE,03,20140210,2
SVK,CZE,03,20001205,6
SVK,CZE,04,20131211,1
SWE,CZE,03,20090507,4
SWE,CZE,12,20091008,2
SWE,CZE,04,20040310,10
SWE,CZE,03,20080828,1
SYR,CZE,08,20130827,16
TUR,CZE,03,20111120,5
UKR,CZE,04,20140325,14
USA,CZE,04,20080429,9
USA,CZE,04,20100129,7
USA,CZE,03,20070225,4
USA,CZE,05,20080625,2
USA,CZE,02,20070315,1
USA,CZE,04,20140820,4
USA,CZE,04,20090511,3
USA,CZE,03,20090926,12
USA,CZE,17,20000225,5
USA,CZE,01,20110617,1
USA,CZE,05,20120418,16
USA,CZE,01,20140212,10
USA,CZE,15,20070406,9
USA,CZE,04,20110126,14
USA,CZE,17,20090611,42
USA,CZE,03,20090304,1
USA,CZE,19,20100203,2
USA,CZE,05,20090918,14
USA,CZE,05,20080102,2
USA,CZE,04,20031118,3
USA,CZE,01,20091013,5
USA,CZE,11,20020319,1
USA,CZE,02,20100227,2
VNM,CZE,01,20100202,2
WST,CZE,03,20090330,2
WST,CZE,04,20110113,1
AFG,DEU,04,20080716,2
AFG,DEU,05,20071013,1
AFG,DEU,03,20040212,12
AFG,DEU,18,20110802,3
AFG,DEU,19,20101116,2
AFG,DEU,04,20120127,139
AFG,DEU,04,20140727,4
AFG,DEU,04,20091118,27
AFG,DEU,18,20020310,3
AFG,DEU,19,20081027,6
AFG,DEU,02,20121226,10
AFG,DEU,05,20011206,13
AFG,DEU,13,20070721,9
AFG,DEU,01,20070905,4
AFG,DEU,02,20120725,10
AFG,DEU,19,20120415,7
AFR,DEU,05,20090404,6
AFR,DEU,14,20130311,5
AFR,DEU,01,20090603,3
AFR,DEU,01,20080825,10
AFR,DEU,07,20140725,1
AGO,DEU,17,20100121,7
AGO,DEU,04,20001122,1
ALB,DEU,19,20010316,4
ALB,DEU,03,20070604,2
ALB,DEU,19,20110304,4
ARE,DEU,04,20090112,16
ARE,DEU,16,20110603,30
ARG,DEU,02,20101029,2
ARM,DEU,04,20130311,1
ARM,DEU,04,20110825,2
AUS,DEU,05,20140817,4
AUS,DEU,04,20141112,2
AUS,DEU,10,20110410,4
AUS,DEU,06,20140318,2
AUS,DEU,12,20100209,4
AUS,DEU,01,20150126,3
AUS,DEU,04,20010404,1
AUS,DEU,01,20141211,2
AUS,DEU,05,20120125,40
AUS,DEU,04,20131007,2
AUS,DEU,06,20140726,2
AUT,DEU,01,20071212,7
AUT,DEU,05,20120605,6
AUT,DEU,05,20031215,1
AUT,DEU,11,20120619,9
AUT,DEU,03,20040916,4
AUT,DEU,17,20141202,4
AZE,DEU,04,20131025,6
BEL,DEU,04,20141201,2
BEL,DEU,04,20140616,1
BEL,DEU,04,20030211,2
BEL,DEU,01,20030915,2
BEL,DEU,17,20020610,3
BEL,DEU,01,20090529,2
BEL,DEU,04,20000405,1
BEL,DEU,03,20140419,2
BEL,DEU,09,20110729,1
BEL,DEU,07,20040930,2
BEL,DEU,17,20111129,9
BEL,DEU,10,20121211,2
BGD,DEU,03,20111025,2
BGR,DEU,03,20111204,2
BGR,DEU,04,20150211,12
BGR,DEU,04,20110707,2
BLR,DEU,04,20150122,80
BLR,DEU,05,20120824,2
BMU,DEU,09,20111028,1
BRA,DEU,07,20120221,32
BRA,DEU,04,20091117,8
BRA,DEU,13,20100503,6
CAN,DEU,04,20141223,6
CAN,DEU,04,20100920,8
CAN,DEU,07,20090512,4
CAN,DEU,03,20140602,76
CAN,DEU,19,20110708,54
CAN,DEU,03,20140506,42
CAN,DEU,05,20070530,5
CAN,DEU,05,20130717,1
CAN,DEU,03,20061130,8
CAN,DEU,04,20090410,2
CAN,DEU,09,20140410,4
CAN,DEU,17,20071113,2
CAN,DEU,03,20120525,4
CHE,DEU,04,20131126,8
CHE,DEU,11,20101116,2
CHE,DEU,14,20111114,1
CHE,DEU,04,20110801,4
CHE,DEU,01,20120214,4
CHE,DEU,05,20140428,14
CHE,DEU,05,20090908,7
CHE,DEU,02,20101027,1
CHN,DEU,04,20090904,6
CHN,DEU,05,20130620,2
CHN,DEU,04,20071223,4
CHN,DEU,16,20110409,1
CHN,DEU,13,20080520,4
CHN,DEU,04,20090910,12
CHN,DEU,04,20120411,8
CHN,DEU,02,20080610,4
CHN,DEU,02,20101123,6
CHN,DEU,04,20121216,12
CHN,DEU,04,20150108,1
CHN,DEU,01,20140705,2
CHN,DEU,01,20100308,2
CHN,DEU,08,20110929,4
CHN,DEU,04,20141006,1
CHN,DEU,03,20140517,14
CHN,DEU,05,20080520,2
CHN,DEU,04,20090327,7
CHN,DEU,03,20140301,6
CHN,DEU,01,20091012,5
CHN,DEU,04,20120605,8
CHN,DEU,04,20120103,4
COL,DEU,02,20130907,6
COL,DEU,08,20130226,2
COL,DEU,04,20080517,6
COL,DEU,01,20150119,2
COL,DEU,04,20141113,6
CRI,DEU,04,20120524,3
CRI,DEU,12,20081028,2
CUB,DEU,01,20150118,1
CYP,DEU,04,20130717,3
CZE,DEU,03,20131231,2
CZE,DEU,02,20080323,3
CZE,DEU,01,20000626,2
CZE,DEU,01,20140507,2
CZE,DEU,04,20031006,3
CZE,DEU,04,20140529,3
CZE,DEU,01,20130111,24
CZE,DEU,01,20020820,2
CZE,DEU,02,20140103,1
CZE,DEU,04,20130704,6
CZE,DEU,04,20100819,5
CZE,DEU,11,20121130,2
CZE,DEU,07,20070605,1
DEU,DEU,04,20070507,8
DEU,DEU,03,20100112,6
DEU,DEU,04,20110408,2
DEU,DEU,01,20101025,21
DEU,DEU,01,20140227,2
DEU,DEU,04,20020703,1
DEU,DEU,01,20090530,18
DEU,DEU,05,20050626,4
DEU,DEU,13,20081006,10
DEU,DEU,14,20131001,2
DEU,DEU,17,20130912,2
DEU,DEU,01,20001227,9
DEU,DEU,19,20020104,6
DEU,DEU,04,20110720,6
DEU,DEU,05,20121031,2
DEU,DEU,17,20140130,2
DEU,DEU,03,20070510,3
DEU,DEU,05,20110630,7
DEU,DEU,17,20120709,2
DEU,DEU,11,20120404,3
DEU,DEU,02,20080811,2
DEU,DEU,14,20010214,4
DEU,DEU,05,20000317,4
DEU,DEU,13,20140604,4
DEU,DEU,04,20131221,8
DEU,DEU,12,20071030,2
DEU,DEU,08,20110906,4
DEU,DEU,01,20110224,3
DEU,DEU,18,20140103,2
DEU,DEU,09,20140223,2
DEU,DEU,01,20090303,1
DEU,DEU,14,20140914,2
DEU,DEU,03,20010326,4
DEU,DEU,13,20070714,2
DEU,DEU,07,20081206,2
DEU,DEU,13,20100407,4
DEU,DEU,13,20081126,1
DEU,DEU,01,20110116,2
DEU,DEU,03,20110404,2
DEU,DEU,01,20070919,2
DEU,DEU,04,20100205,5
DEU,DEU,19,20120922,1
DEU,DEU,05,20110719,2
DEU,DEU,07,20011227,7
DEU,DEU,11,20140705,4
DEU,DEU,15,20130819,6
DEU,DEU,04,20120719,34
DEU,DEU,01,20091201,2
DEU,DEU,17,20080512,6
DEU,DEU,01,20120914,1
DEU,DEU,04,20090315,26
DEU,DEU,12,20091103,2
DEU,DEU,02,20121030,2
DEU,DEU,07,20090214,12
DEU,DEU,18,20140726,4
DEU,DEU,03,20080828,8
DEU,DEU,01,20030920,5
DEU,DEU,05,20141123,2
DEU,DEU,01,20110815,3
DEU,DEU,05,20010727,1
DEU,DEU,02,20010411,4
DEU,DEU,09,20090510,7
DEU,DEU,04,20090503,14
DEU,DEU,04,20050223,2
DEU,DEU,01,20131019,7
DEU,DEU,18,20090901,1
DEU,DEU,07,20111201,5
DEU,DEU,17,20060124,4
DEU,DEU,04,20110919,10
DEU,DEU,13,20120604,1
DEU,DEU,01,20131229,4
DEU,DEU,04,20010808,4
DEU,DEU,12,20080516,14
DEU,DEU,17,20090611,3
DEU,DEU,04,20120930,1
DEU,DEU,11,20120928,72
DEU,DEU,05,20020311,2
DEU,DEU,08,20100506,2
DEU,DEU,09,20131002,10
DEU,DEU,11,20011127,2
DEU,DEU,01,20100202,4
DEU,DEU,05,20021203,2
DEU,DEU,01,20050829,5
DEU,DEU,04,20141011,9
DEU,DEU,03,20081117,5
DEU,DEU,03,20130621,66
DEU,DEU,17,20140324,3
DEU,DEU,01,20011102,1
DEU,DEU,16,20120228,4
DEU,DEU,04,20050223,1
DEU,DEU,02,20120526,4
DEU,DEU,01,20100119,5
DEU,DEU,13,20010815,9
DEU,DEU,02,20111103,7
DEU,DEU,01,20040416,18
DEU,DEU,12,20140410,3
DEU,DEU,03,20100827,5
DEU,DEU,05,20110624,6
DEU,DEU,04,20100809,20
DEU,DEU,04,20141023,6
DEU,DEU,03,20130321,10
DEU,DEU,19,20130415,7
DEU,DEU,11,20131218,4
DEU,DEU,01,20120818,6
DEU,DEU,11,20120210,2
DEU,DEU,01,20141114,1
DEU,DEU,04,20150211,2
DEU,DEU,04,20080708,16
DEU,DEU,09,20010201,1
DEU,DEU,01,20060602,24
DEU,DEU,04,20150206,10
DEU,DEU,08,20120329,6
DEU,DEU,07,20070926,4
DEU,DEU,05,20070710,2
DEU,DEU,10,20140127,12
DEU,DEU,02,20091207,1
DEU,DEU,12,20101012,1
DEU,DEU,13,20100110,1
DEU,DEU,04,20101016,2
DEU,DEU,04,20131024,16
DEU,DEU,01,20050919,4
DEU,DEU,01,20060123,7
DEU,DEU,08,20090107,9
DEU,DEU,11,20051201,1
DEU,DEU,13,20101204,5
DEU,DEU,02,20110929,2
DEU,DEU,02,20040705,2
DEU,DEU,04,20020915,3
DEU,DEU,09,20110630,9
DEU,DEU,06,20101209,3
DEU,DEU,12,20041014,5
DEU,DEU,03,20030414,9
DEU,DEU,03,20121023,2
DEU,DEU,08,20071211,2
DEU,DEU,11,20060127,1
DEU,DEU,02,20090620,8
DEU,DEU,08,20110427,6
DEU,DEU,08,20141022,4
DEU,DEU,02,20031024,4
DEU,DEU,02,20141001,3
DEU,DEU,03,20091203,1
DEU,DEU,03,20060910,2
DEU,DEU,07,20100625,4
DEU,DEU,16,20070401,7
DEU,DEU,04,20131227,8
DEU,DEU,03,20000603,2
DEU,DEU,03,20080214,3
DEU,DEU,09,20080329,178
DEU,DEU,11,20130909,3
DEU,DEU,05,20030318,9
DEU,DEU,05,20081116,2
DEU,DEU,11,20020524,3
DEU,DEU,04,20111209,5
DEU,DEU,04,20120316,24
DEU,DEU,19,20141124,8
DNK,DEU,04,20021202,1
DNK,DEU,02,20021018,6
DNK,DEU,01,20091215,2
DNK,DEU,05,20130114,4
DOM,DEU,19,20130812,10
DOM,DEU,17,20130809,12
EGY,DEU,09,20120921,8
EGY,DEU,12,20110813,2
EGY,DEU,01,20140115,6
EGY,DEU,04,20140428,12
EGY,DEU,01,20110131,4
EGY,DEU,19,20091010,7
EGY,DEU,10,20130801,7
EGY,DEU,03,20010411,3
ESP,DEU,04,20090812,8
ESP,DEU,02,20130731,10
ESP,DEU,04,20100930,6
ESP,DEU,14,20110601,5
ESP,DEU,05,20090330,1
ESP,DEU,08,20110727,6
ESP,DEU,11,20140225,5
ESP,DEU,02,20090515,1
ESP,DEU,09,20120822,10
ESP,DEU,04,20091101,1
ESP,DEU,04,20120727,8
ESP,DEU,02,20120609,228
ESP,DEU,11,20100331,4
ETH,DEU,04,20140906,6
ETH,DEU,05,20110730,7
ETH,DEU,03,20080727,1
EUR,DEU,05,20080919,5
EUR,DEU,04,20130921,10
EUR,DEU,13,20050715,2
EUR,DEU,04,20070425,1
EUR,DEU,06,20140224,3
EUR,DEU,01,20110418,18
EUR,DEU,01,20100109,10
EUR,DEU,09,20120521,3
EUR,DEU,11,20140408,45
EUR,DEU,10,20010205,5
EUR,DEU,10,20091103,37
EUR,DEU,04,20100216,9
EUR,DEU,19,20121009,2
EUR,DEU,04,20140609,7
EUR,DEU,08,20070801,1
EUR,DEU,06,20141013,1
EUR,DEU,17,20070613,6
EUR,DEU,07,20131125,8
EUR,DEU,01,20041213,2
EUR,DEU,02,20141028,11
EUR,DEU,05,20141219,10
EUR,DEU,04,20110707,9
EUR,DEU,11,20120105,14
EUR,DEU,11,20090528,3
EUR,DEU,04,20140101,1
EUR,DEU,04,20101125,37
EUR,DEU,04,20090528,2
EUR,DEU,09,20130630,1
EUR,DEU,12,20110701,7
EUR,DEU,11,20120615,8
EUR,DEU,04,20141021,10
EUR,DEU,17,20130326,8
EUR,DEU,01,20090401,2
EUR,DEU,04,20010506,3
EUR,DEU,10,20120302,2
EUR,DEU,17,20141205,20
EUR,DEU,01,20140428,4
EUR,DEU,07,20060329,3
EUR,DEU,04,20100310,4
EUR,DEU,04,20060223,2
EUR,DEU,05,20140509,4
EUR,DEU,01,20111205,5
EUR,DEU,04,20120322,16
EUR,DEU,03,20140605,6
FIN,DEU,05,20080221,6
FIN,DEU,04,20140929,27
FIN,DEU,04,20030531,17
FRA,DEU,03,20001002,6
FRA,DEU,04,20091029,4
FRA,DEU,04,20080627,4
FRA,DEU,05,20020705,1
FRA,DEU,11,20131113,10
FRA,DEU,05,20111123,14
FRA,DEU,05,20110909,2
FRA,DEU,02,20111206,9
FRA,DEU,03,20101209,2
FRA,DEU,04,20010129,10
FRA,DEU,12,20030206,2
FRA,DEU,05,20121202,10
FRA,DEU,04,20100422,4
FRA,DEU,05,20060619,1
FRA,DEU,04,20070504,9
FRA,DEU,02,20090806,4
FRA,DEU,19,20010720,2
FRA,DEU,04,20131007,4
FRA,DEU,01,20150127,14
FRA,DEU,05,20140724,6
FRA,DEU,05,20140203,6
FRA,DEU,09,20030707,2
FRA,DEU,16,20120127,2
FRA,DEU,05,20080627,1
FRA,DEU,04,20140514,6
FRA,DEU,04,20121113,3
FRA,DEU,07,20101006,4
FRA,DEU,11,20090617,6
FRA,DEU,06,20101125,2
FRA,DEU,04,20111102,5
FRA,DEU,04,20140109,2
FRA,DEU,17,20130831,8
FRA,DEU,06,20150207,2
FRA,DEU,05,20150216,34
FRA,DEU,01,20091010,6
FRA,DEU,05,20130315,4
FRA,DEU,04,20090420,6
FRA,DEU,05,20121130,3
FRA,DEU,06,20131001,3
FRA,DEU,01,20090207,1
FRA,DEU,02,20140805,18
FRA,DEU,04,20090203,19
FRA,DEU,13,20150212,4
FRA,DEU,05,20140213,4
FRA,DEU,18,20121223,1
FRA,DEU,03,20140702,4
FRA,DEU,04,20101105,12
FRA,DEU,12,20100617,65
FRA,DEU,03,20030425,1
FRA,DEU,04,20040203,4
FRA,DEU,04,20110101,2
FRA,DEU,11,20110617,48
FRA,DEU,04,20100809,4
FRA,DEU,03,20110811,6
FRA,DEU,07,20110830,2
FRA,DEU,08,20100816,4
FRA,DEU,06,20101001,10
FRA,DEU,04,20011111,2
FRA,DEU,04,20110925,4
FRA,DEU,13,20150116,40
FRA,DEU,05,20120629,2
GBR,DEU,04,20130911,2
GBR,DEU,19,20120222,1
GBR,DEU,04,20071102,3
GBR,DEU,03,20061105,1
GBR,DEU,11,20090228,18
GBR,DEU,19,20150120,1
GBR,DEU,04,20060824,6
GBR,DEU,04,20061104,3
GBR,DEU,03,20150107,4
GBR,DEU,05,20061003,4
GBR,DEU,03,20030410,1
GBR,DEU,11,20010917,5
GBR,DEU,01,20140525,24
GBR,DEU,01,20050210,4
GBR,DEU,04,20080524,6
GBR,DEU,04,20050313,2
GBR,DEU,05,20031204,2
GBR,DEU,04,20090917,2
GBR,DEU,03,20061009,4
GBR,DEU,06,20130807,2
GBR,DEU,04,20010131,2
GBR,DEU,04,20100118,1
GBR,DEU,01,20130125,2
GBR,DEU,03,20101117,24
GBR,DEU,05,20140911,10
GBR,DEU,04,20070607,6
GBR,DEU,06,20140529,2
GBR,DEU,07,20080725,1
GBR,DEU,03,20130205,6
GBR,DEU,03,20101004,4
GBR,DEU,04,20121026,4
GBR,DEU,06,20140511,42
GBR,DEU,08,20081212,8
GBR,DEU,19,20140620,7
GBR,DEU,04,20141226,84
GBR,DEU,04,20100729,18
GBR,DEU,02,20110310,9
GBR,DEU,04,20021211,4
GBR,DEU,04,20020928,2
GBR,DEU,04,20050921,1
GBR,DEU,05,20061129,1
GBR,DEU,04,20130117,80
GBR,DEU,03,20090316,40
GBR,DEU,04,20111117,9
GBR,DEU,04,20100422,4
GBR,DEU,04,20111118,26
GBR,DEU,04,20060524,57
GBR,DEU,01,20140610,18
GBR,DEU,06,20080928,1
GBR,DEU,11,20090630,2
GBR,DEU,05,20090221,1
GRC,DEU,06,20110831,4
GRC,DEU,04,20111111,2
GRC,DEU,12,20100217,8
GRC,DEU,14,20121005,62
GRC,DEU,11,20100702,27
GRC,DEU,12,20150126,14
GRC,DEU,07,20120726,1
GRC,DEU,05,20111008,4
GRC,DEU,04,20100906,2
GRC,DEU,12,20100125,6
GRC,DEU,04,20150218,20
GRC,DEU,03,20150205,30
GRC,DEU,03,20110902,5
GRD,DEU,02,20110811,5
GTM,DEU,17,20120731,1
HRV,DEU,04,20040110,2
HUN,DEU,04,20070525,2
HUN,DEU,04,20140707,24
HUN,DEU,01,20140110,2
HUN,DEU,04,20120322,5
HUN,DEU,04,20110419,2
HUN,DEU,03,20141218,28
IDN,DEU,04,20000509,1
IDN,DEU,04,20120416,1
IND,DEU,03,20101211,34
IRL,DEU,04,20131013,1
IRL,DEU,01,20130915,1
IRL,DEU,03,20100522,10
IRN,DEU,11,20130219,1
IRN,DEU,06,20031022,8
IRN,DEU,02,20100731,2
IRN,DEU,03,20090930,4
IRN,DEU,04,20100809,102
IRN,DEU,05,20140504,3
IRN,DEU,04,20090910,4
IRN,DEU,01,20070609,2
IRN,DEU,04,20070528,1
IRN,DEU,05,20140714,4
IRN,DEU,02,20091203,9
IRN,DEU,04,20090111,2
IRN,DEU,04,20080124,6
IRN,DEU,12,20060118,4
IRN,DEU,11,20110102,4
IRN,DEU,04,20001228,2
IRN,DEU,04,20101231,2
IRN,DEU,09,20101206,7
IRQ,DEU,04,20030404,1
IRQ,DEU,03,20030411,2
IRQ,DEU,04,20130210,2
IRQ,DEU,04,20101204,4
IRQ,DEU,01,20140812,4
IRQ,DEU,19,20060915,2
IRQ,DEU,01,20090817,4
IRQ,DEU,13,20070314,8
IRQ,DEU,11,20150106,2
IRQ,DEU,01,20030419,3
IRQ,DEU,18,20030323,20
IRQ,DEU,19,20130724,10
ISL,DEU,05,20090928,1
ISR,DEU,04,20040203,2
ISR,DEU,04,20100603,6
ISR,DEU,04,20070213,3
ISR,DEU,11,20120408,7
ISR,DEU,04,20061025,10
ISR,DEU,04,20110127,2
ISR,DEU,01,20110319,1
ISR,DEU,04,20140520,4
ISR,DEU,01,20080515,9
ISR,DEU,17,20120408,16
ISR,DEU,11,20060831,2
ISR,DEU,04,20070806,4
ISR,DEU,11,20120409,2
ITA,DEU,03,20130614,8
ITA,DEU,05,20070416,1
ITA,DEU,04,20110725,6
ITA,DEU,01,20050124,4
ITA,DEU,08,20130610,1
ITA,DEU,05,20030215,12
ITA,DEU,03,20031023,9
ITA,DEU,08,20010726,4
ITA,DEU,04,20101022,2
ITA,DEU,17,20141118,6
ITA,DEU,13,20140902,2
ITA,DEU,06,20120605,3
ITA,DEU,18,20120205,2
ITA,DEU,05,20140728,6
ITA,DEU,03,20140103,36
ITA,DEU,17,20150123,2
ITA,DEU,02,20120511,8
ITA,DEU,05,20030709,5
ITA,DEU,14,20110328,9
ITA,DEU,04,20040221,1
ITA,DEU,02,20150128,3
ITA,DEU,03,20150218,14
ITA,DEU,19,20131011,12
ITA,DEU,10,20041001,3
JAM,DEU,04,20140527,4
JAM,DEU,17,20091004,5
JOR,DEU,04,20140926,2
JOR,DEU,05,20071001,3
JPN,DEU,04,20090817,16
JPN,DEU,01,20120603,4
JPN,DEU,01,20110406,4
JPN,DEU,13,20101010,2
JPN,DEU,11,20150105,3
JPN,DEU,03,20040810,4
KAZ,DEU,04,20101201,1
KEN,DEU,08,20051129,1
KEN,DEU,04,20110322,4
KEN,DEU,17,20101005,16
KGZ,DEU,07,20010514,3
KHM,DEU,01,20091216,2
KOR,DEU,11,20140310,2
KWT,DEU,04,20110802,9
LBN,DEU,15,20060723,1
LBN,DEU,11,20130615,2
LBN,DEU,04,20060805,1
LBY,DEU,19,20110502,3
LBY,DEU,04,20140910,2
LKA,DEU,17,20001229,7
LUX,DEU,01,20140911,2
LUX,DEU,15,20000522,1
LVA,DEU,01,20081124,4
LVA,DEU,03,20140815,6
LVA,DEU,04,20111005,5
LVA,DEU,01,20100206,4
MAR,DEU,17,20070627,1
MEA,DEU,02,20110312,2
MEA,DEU,04,20120210,9
MEX,DEU,19,20141013,33
MEX,DEU,07,20131220,6
MEX,DEU,04,20110227,28
MEX,DEU,04,20100824,3
MKD,DEU,04,20010831,4
MLT,DEU,04,20101210,1
MLT,DEU,04,20141020,1
MLT,DEU,13,20110609,5
MMR,DEU,03,20080526,2
MYS,DEU,03,20091215,4
NAM,DEU,11,20140624,20
NAM,DEU,04,20141110,8
NAM,DEU,08,20060523,5
NGA,DEU,03,20011208,9
NLD,DEU,17,20120927,4
NLD,DEU,19,20080131,2
NLD,DEU,02,20090314,4
NLD,DEU,19,20090127,22
NLD,DEU,06,20090516,3
NLD,DEU,12,20070609,3
NLD,DEU,17,20090519,2
NOR,DEU,04,20130718,5
NOR,DEU,03,20110715,2
NOR,DEU,06,20120419,6
NOR,DEU,19,20110801,1
NZL,DEU,12,20120517,3
NZL,DEU,05,20120909,8
OMN,DEU,11,20110329,7
OMN,DEU,04,20140405,2
PAK,DEU,04,20070911,1
PAK,DEU,04,20140915,10
PAK,DEU,04,20101205,72
PAK,DEU,04,20101005,1
PAK,DEU,19,20101104,4
PAK,DEU,05,20140708,6
PAK,DEU,01,20050529,17
PER,DEU,06,20080716,18
PHL,DEU,04,20150103,10
PHL,DEU,04,20100612,5
PHL,DEU,04,20141029,2
PNG,DEU,04,20010712,2
POL,DEU,11,20080104,6
POL,DEU,02,20081211,8
POL,DEU,12,20130630,2
POL,DEU,04,20100611,12
POL,DEU,06,20130519,4
POL,DEU,04,20100608,10
POL,DEU,04,20040518,4
POL,DEU,17,20121022,10
POL,DEU,02,20000308,1
POL,DEU,19,20090421,2
POL,DEU,04,20100922,1
POL,DEU,04,20120315,2
POL,DEU,04,20131125,2
POL,DEU,06,20120228,7
POL,DEU,19,20140619,2
POL,DEU,07,20020820,4
POL,DEU,11,20071106,18
POL,DEU,19,20110711,2
POL,DEU,05,20070509,1
PRT,DEU,08,20110311,9
PRT,DEU,08,20110325,27
PRT,DEU,08,20110322,2
PRT,DEU,12,20141107,2
PRT,DEU,01,20110325,6
PRY,DEU,04,20130710,6
PSE,DEU,18,20020331,2
PSE,DEU,02,20080314,2
PSE,DEU,11,20141112,2
PSE,DEU,04,20110708,5
PSE,DEU,02,20100217,1
QAT,DEU,04,20140604,2
QAT,DEU,03,20090328,9
QAT,DEU,06,20101227,5
RUS,DEU,03,20140526,12
RUS,DEU,03,20090814,8
RUS,DEU,03,20060604,2
RUS,DEU,02,20110910,1
RUS,DEU,08,20080508,2
RUS,DEU,08,20090912,4
RUS,DEU,16,20110604,9
RUS,DEU,01,20150209,4
RUS,DEU,04,20130513,11
RUS,DEU,01,20000119,2
RUS,DEU,01,20041222,1
RUS,DEU,04,20070106,3
RUS,DEU,04,20000616,14
RUS,DEU,02,20020818,2
RUS,DEU,01,20141006,1
RUS,DEU,03,20010412,1
RUS,DEU,03,20140326,7
RUS,DEU,02,20150102,1
RUS,DEU,18,20140605,1
RUS,DEU,11,20071217,1
RUS,DEU,04,20140301,2
RUS,DEU,04,20140922,4
RUS,DEU,07,20130213,2
RUS,DEU,19,20000610,1
RUS,DEU,04,20001219,7
RUS,DEU,04,20030130,1
RUS,DEU,03,20150209,6
RUS,DEU,11,20140730,2
RUS,DEU,01,20010410,3
RUS,DEU,04,20110527,5
RUS,DEU,04,20140815,8
RUS,DEU,03,20060715,4
RUS,DEU,04,20120303,8
RUS,DEU,02,20030302,2
RWA,DEU,01,20081113,10
SAS,DEU,09,20081024,2
SAU,DEU,04,20130224,6
SAU,DEU,04,20090525,13
SEA,DEU,04,20030827,2
SRB,DEU,03,20140612,11
SVK,DEU,14,20100121,6
SVK,DEU,04,20050409,1
SWE,DEU,05,20130908,2
SWE,DEU,15,20080623,1
SWE,DEU,17,20010703,9
SWE,DEU,03,20080627,1
SYR,DEU,11,20120530,12
SYR,DEU,13,20120211,1
SYR,DEU,19,20130529,16
SYR,DEU,05,20110124,1
THA,DEU,17,20070524,9
THA,DEU,04,20101123,2
TKM,DEU,04,20081117,2
TUN,DEU,04,20110118,3
TUR,DEU,02,20140210,10
TUR,DEU,04,20111126,2
TUR,DEU,04,20041026,1
TUR,DEU,04,20010322,1
TUR,DEU,01,20101108,1
TUR,DEU,04,20041020,1
TUR,DEU,04,20030901,1
TUR,DEU,04,20130624,2
TUR,DEU,04,20101211,8
TUR,DEU,14,20130209,2
TUR,DEU,09,20030304,7
TUR,DEU,05,20050827,5
TUR,DEU,04,20140204,38
TUR,DEU,08,20070330,4
TUR,DEU,04,20131009,24
TUR,DEU,04,20140217,8
UKR,DEU,04,20100721,2
UKR,DEU,18,20110503,1
UKR,DEU,04,20131212,6
UKR,DEU,17,20130810,8
UKR,DEU,01,20140412,120
UKR,DEU,04,20150203,1
UKR,DEU,01,20141117,3
UKR,DEU,04,20140324,120
UKR,DEU,04,20110720,2
UKR,DEU,01,20140414,3
USA,DEU,17,20140814,1
USA,DEU,03,20120603,2
USA,DEU,18,20141209,3
USA,DEU,04,20150209,20
USA,DEU,05,20100519,9
USA,DEU,19,20070521,1
USA,DEU,04,20060108,1
USA,DEU,11,20110908,1
USA,DEU,07,20150215,26
USA,DEU,04,20140328,5
USA,DEU,19,20091214,2
USA,DEU,01,20010918,4
USA,DEU,05,20090424,4
USA,DEU,05,20091208,15
USA,DEU,04,20150206,6
USA,DEU,04,20140705,1
USA,DEU,02,20140429,1
USA,DEU,08,20141110,4
USA,DEU,01,20141029,1
USA,DEU,01,20090915,5
USA,DEU,07,20110802,18
USA,DEU,04,20110518,5
USA,DEU,01,20150122,8
USA,DEU,19,20140717,1
USA,DEU,11,20130620,10
USA,DEU,04,20010828,2
USA,DEU,02,20120117,2
USA,DEU,04,20000905,2
USA,DEU,17,20110202,4
USA,DEU,04,20111018,45
USA,DEU,09,20131028,4
USA,DEU,06,20130724,1
USA,DEU,17,20100702,4
USA,DEU,03,20130227,4
USA,DEU,19,20130304,6
USA,DEU,01,20061006,3
USA,DEU,19,20130716,24
USA,DEU,07,20120323,9
USA,DEU,04,20130111,8
USA,DEU,05,20130805,1
USA,DEU,01,20120615,2
USA,DEU,11,20120621,2
USA,DEU,04,20080720,8
USA,DEU,04,20110304,18
USA,DEU,04,20070827,9
USA,DEU,09,20130831,8
USA,DEU,17,20140408,2
USA,DEU,01,20080613,4
USA,DEU,01,20120307,2
USA,DEU,05,20090407,5
USA,DEU,01,20141022,2
USA,DEU,19,20140612,5
USA,DEU,04,20120229,4
USA,DEU,05,20110401,2
USA,DEU,04,20120216,10
USA,DEU,04,20120215,2
USA,DEU,05,20111110,3
USA,DEU,03,20120321,2
USA,DEU,03,20090117,2
USA,DEU,17,20120914,6
USA,DEU,08,20080710,4
USA,DEU,04,20141027,2
USA,DEU,04,20120620,14
USA,DEU,03,20140712,2
USA,DEU,01,20130816,8
USA,DEU,05,20091127,4
USA,DEU,03,20131117,16
USA,DEU,04,20090914,8
USA,DEU,11,20110706,9
USA,DEU,05,20140503,2
USA,DEU,03,20120210,5
USA,DEU,19,20081230,12
USA,DEU,04,20100313,2
USA,DEU,07,20070818,4
USA,DEU,01,20110525,23
USA,DEU,18,20140706,1
USA,DEU,07,20121030,1
USA,DEU,11,20100529,2
USA,DEU,06,20131021,2
USA,DEU,13,20030520,2
USA,DEU,02,20090315,7
USA,DEU,08,20111005,6
USA,DEU,05,20090528,2
USA,DEU,05,20010314,1
USA,DEU,12,20091104,9
USA,DEU,09,20140221,8
USA,DEU,04,20040917,2
USA,DEU,04,20060513,2
USA,DEU,01,20111116,1
USA,DEU,06,20110517,7
USA,DEU,03,20121123,10
USA,DEU,15,20120206,4
USA,DEU,02,20110929,9
USA,DEU,17,20090513,4
USA,DEU,01,20010519,1
USA,DEU,01,20140314,3
USA,DEU,14,20130701,4
USA,DEU,01,20070131,6
USA,DEU,01,20141015,2
USA,DEU,19,20150213,4
USA,DEU,04,20100601,3
USA,DEU,01,20111008,21
USA,DEU,03,20090202,5
USA,DEU,05,20120419,2
USA,DEU,18,20140702,10
UZB,DEU,17,20140512,3
UZB,DEU,18,20070129,1
VNM,DEU,04,20110913,2
VNM,DEU,04,20141015,1
WST,DEU,04,20080407,2
WST,DEU,04,20110521,6
WST,DEU,01,20091202,1
YEM,DEU,01,20051229,4
YEM,DEU,04,20100228,2
YEM,DEU,08,20111102,10
ZAF,DEU,04,20000516,1
ZAF,DEU,04,20101209,2
ZMB,DEU,03,20081228,3
ZMB,DEU,17,20050808,1
ZWE,DEU,11,20080720,4
BDI,DJI,04,20040416,8
CHN,DJI,04,20010321,3
DJI,DJI,03,20111213,24
DJI,DJI,04,20090207,56
DZA,DJI,04,20021104,2
EGY,DJI,04,20080102,1
ERI,DJI,04,20020423,4
ESP,DJI,04,20120310,1
ETH,DJI,01,20000212,1
ETH,DJI,04,20110825,8
ETH,DJI,04,20020414,8
ETH,DJI,04,20140825,6
IND,DJI,03,20080722,1
JOR,DJI,03,20131009,28
JOR,DJI,04,20030407,18
JOR,DJI,05,20130725,6
KEN,DJI,08,20110518,1
KEN,DJI,07,20110723,5
KEN,DJI,04,20071101,1
RWA,DJI,04,20110509,5
SAU,DJI,04,20010924,1
SDN,DJI,02,20140714,4
SOM,DJI,05,20090706,3
SOM,DJI,02,20111013,5
SOM,DJI,08,20060819,1
TUR,DJI,01,20121115,5
TUR,DJI,05,20150124,6
USA,DJI,05,20130613,2
USA,DJI,03,20090301,5
YEM,DJI,06,20110223,1
BEL,DMA,01,20041108,1
HTI,DMA,03,20010201,9
LCA,DMA,06,20140203,8
USA,DMA,04,20130401,1
AFG,DNK,18,20100602,42
AFG,DNK,10,20070727,2
AFG,DNK,01,20101223,4
AFR,DNK,04,20091218,7
AFR,DNK,04,20140813,6
AFR,DNK,04,20090508,4
AFR,DNK,02,20091105,1
AUS,DNK,05,20110323,5
AUS,DNK,04,20140509,10
AUT,DNK,05,20120605,1
AUT,DNK,04,20000810,6
BEL,DNK,17,20100913,3
BEL,DNK,04,20150102,6
BHR,DNK,04,20120501,7
BHR,DNK,02,20120423,5
CAN,DNK,04,20091218,7
CAN,DNK,05,20020625,6
CAN,DNK,14,20071015,5
CHN,DNK,07,20100904,1
CHN,DNK,04,20090530,1
CHN,DNK,05,20090923,18
CHN,DNK,05,20091216,2
CHN,DNK,13,20091217,1
CUB,DNK,04,20140912,2
DEU,DNK,02,20021210,2
DEU,DNK,04,20140401,2
DEU,DNK,04,20110302,1
DEU,DNK,04,20070424,8
DEU,DNK,04,20110510,4
DEU,DNK,14,20130306,6
DNK,DNK,06,20110429,12
DNK,DNK,05,20141215,2
DNK,DNK,01,20100305,9
DNK,DNK,05,20131124,6
DNK,DNK,01,20040525,7
DNK,DNK,01,20060405,2
DNK,DNK,07,20080512,1
DNK,DNK,05,20000405,1
DNK,DNK,03,20090422,2
DNK,DNK,09,20060623,2
DNK,DNK,04,20060305,5
DNK,DNK,04,20071110,2
DNK,DNK,01,20120508,5
DNK,DNK,11,20010713,2
DNK,DNK,05,20090923,6
DNK,DNK,17,20130131,16
DNK,DNK,14,20150216,30
DNK,DNK,17,20061206,1
DNK,DNK,05,20030930,9
DNK,DNK,12,20140915,10
DNK,DNK,12,20081105,5
DNK,DNK,06,20140724,8
EGY,DNK,01,20020923,4
EST,DNK,12,20090210,8
ETH,DNK,13,20090903,9
EUR,DNK,03,20120316,1
EUR,DNK,04,20100923,5
EUR,DNK,10,20090928,2
EUR,DNK,05,20140530,4
FIN,DNK,05,20110418,6
FIN,DNK,05,20070731,4
FIN,DNK,01,20110722,5
FIN,DNK,01,20120706,4
FRA,DNK,02,20091127,12
FRA,DNK,01,20130115,6
FRA,DNK,15,20150107,8
FRA,DNK,01,20050609,2
GBR,DNK,04,20070413,40
GBR,DNK,08,20010317,2
GBR,DNK,04,20080827,2
GBR,DNK,08,20110823,1
GBR,DNK,01,20090918,5
GBR,DNK,04,20140929,1
GBR,DNK,05,20000630,6
IDN,DNK,05,20120312,5
IND,DNK,17,20091105,2
IRL,DNK,05,20101112,9
IRN,DNK,08,20091110,9
IRQ,DNK,01,20150210,2
IRQ,DNK,02,20060214,7
IRQ,DNK,01,20030411,2
ISR,DNK,03,20040214,1
ITA,DNK,04,20101122,4
ITA,DNK,04,20140721,64
JPN,DNK,06,20010306,1
JPN,DNK,17,20140914,4
KAZ,DNK,04,20080926,1
KIR,DNK,01,20091117,18
LAO,DNK,08,20011009,1
LUX,DNK,01,20071110,1
NOR,DNK,12,20120925,2
NOR,DNK,03,20140902,8
NOR,DNK,12,20111126,8
NOR,DNK,05,20111014,4
NOR,DNK,04,20140528,32
NZL,DNK,04,20131006,8
PAK,DNK,16,20060205,8
PAK,DNK,11,20080604,2
POL,DNK,04,20130709,8
PRT,DNK,03,20021118,1
PRT,DNK,01,20000526,4
RUS,DNK,07,20090801,2
RUS,DNK,01,20091104,2
SCN,DNK,04,20011029,10
SDN,DNK,16,20080226,9
SGP,DNK,17,20131029,10
SOM,DNK,17,20100102,70
SOM,DNK,04,20120125,4
SRB,DNK,02,20120807,6
SVK,DNK,12,20090101,1
SVK,DNK,04,20010322,6
SWE,DNK,04,20120927,2
SWE,DNK,03,20100219,1
SWE,DNK,04,20141029,1
SWE,DNK,17,20091222,2
SWE,DNK,05,20001031,1
SWE,DNK,13,20100810,153
SWE,DNK,02,20140910,2
SWE,DNK,05,20090413,4
THA,DNK,05,20140901,6
THA,DNK,05,20050311,1
TUR,DNK,01,20070905,1
TUR,DNK,08,20090406,7
TUR,DNK,04,20091101,2
TZA,DNK,05,20050406,1
USA,DNK,03,20100701,1
USA,DNK,04,20090514,1
USA,DNK,07,20070719,7
USA,DNK,04,20140711,3
USA,DNK,03,20100701,4
USA,DNK,07,20120904,7
USA,DNK,01,20120723,8
USA,DNK,04,20131008,2
USA,DNK,04,20140412,2
USA,DNK,04,20121204,4
USA,DNK,05,20091126,2
USA,DNK,03,20130803,6
USA,DNK,07,20140331,10
USA,DNK,01,20091218,1
USA,DNK,04,20091209,2
USA,DNK,05,20141005,14
USA,DNK,09,20121212,1
VNM,DNK,04,20111128,12
WST,DNK,01,20110623,1
WST,DNK,04,20130221,3
CAN,DOM,04,20100826,8
CHL,DOM,05,20140214,2
CHL,DOM,01,20090616,3
CHL,DOM,02,20150131,10
CHN,DOM,02,20001116,7
COL,DOM,03,20090127,1
CUB,DOM,03,20140709,2
DMA,DOM,05,20041201,9
DOM,DOM,01,20030527,2
DOM,DOM,04,20130607,10
DOM,DOM,05,20110324,2
DOM,DOM,04,20080818,14
DOM,DOM,01,20120522,1
DOM,DOM,12,20070329,7
FRA,DOM,11,20110413,2
GBR,DOM,04,20140127,8
GTM,DOM,04,20131206,12
HTI,DOM,04,20130108,2
HTI,DOM,01,20130714,12
HTI,DOM,19,20110524,6
HTI,DOM,17,20140413,8
HTI,DOM,04,20100309,7
HTI,DOM,19,20131005,2
HTI,DOM,16,20131007,6
ITA,DOM,07,20131122,45
JAM,DOM,04,20150105,8
MEX,DOM,05,20130724,4
MEX,DOM,02,20091031,7
MEX,DOM,04,20091221,1
NIC,DOM,04,20040821,9
POL,DOM,01,20140630,2
RUS,DOM,11,20130903,4
RUS,DOM,11,20130902,2
URY,DOM,03,20150127,6
USA,DOM,08,20131205,10
USA,DOM,03,20040805,1
USA,DOM,06,20150121,6
USA,DOM,04,20090928,7
USA,DOM,01,20041204,6
USA,DOM,04,20100113,35
USA,DOM,04,20120319,9
USA,DOM,06,20070403,4
USA,DOM,01,20110928,5
AFR,DZA,04,20101229,5
AFR,DZA,04,20030428,14
AFR,DZA,01,20121126,1
AFR,DZA,17,20000324,2
ARE,DZA,04,20100523,2
ARE,DZA,04,20070202,6
ARE,DZA,05,20090810,1
CHE,DZA,04,20040313,2
CHE,DZA,04,20060604,5
CHN,DZA,02,20110904,10
CHN,DZA,19,20090805,16
CUB,DZA,04,20060917,13
CUB,DZA,04,20030321,6
DEU,DZA,04,20130518,6
DZA,DZA,11,20070520,2
DZA,DZA,19,20110828,4
DZA,DZA,04,20131026,2
DZA,DZA,04,20070907,8
DZA,DZA,04,20130521,2
DZA,DZA,01,20140916,2
DZA,DZA,08,20140505,20
DZA,DZA,19,20110526,1
DZA,DZA,01,20060328,9
DZA,DZA,02,20131018,2
DZA,DZA,02,20080918,6
DZA,DZA,03,20090207,5
DZA,DZA,19,20140925,2
DZA,DZA,17,20070601,2
DZA,DZA,03,20110504,2
DZA,DZA,01,20140212,10
DZA,DZA,11,20131025,2
DZA,DZA,03,20111024,4
DZA,DZA,19,20070428,4
DZA,DZA,19,20100115,8
DZA,DZA,19,20030622,3
DZA,DZA,03,20091027,9
DZA,DZA,19,20060524,1
DZA,DZA,11,20110708,5
EGY,DZA,18,20070529,1
EGY,DZA,11,20120329,9
EGY,DZA,03,20100831,9
EGY,DZA,04,20060626,7
ESP,DZA,04,20140726,2
ESP,DZA,01,20050929,3
ETH,DZA,02,20031105,4
ETH,DZA,04,20000707,4
ETH,DZA,05,20001212,1
FRA,DZA,06,20090226,2
FRA,DZA,03,20110901,5
FRA,DZA,18,20041028,5
FRA,DZA,03,20030227,5
FRA,DZA,06,20130809,4
FRA,DZA,04,20141201,4
FRA,DZA,04,20040607,1
FRA,DZA,14,20111017,2
FRA,DZA,05,20120703,70
FRA,DZA,11,20090325,6
GBR,DZA,04,20080707,3
GBR,DZA,04,20050716,3
GBR,DZA,19,20030116,5
GRC,DZA,04,20110426,1
HRV,DZA,17,20100311,7
IRQ,DZA,19,20130711,2
IRQ,DZA,08,20130301,2
IRQ,DZA,06,20010909,4
ISR,DZA,03,20131104,4
ITA,DZA,03,20110919,2
JPN,DZA,02,20130118,19
JPN,DZA,19,20130125,8
JPN,DZA,04,20140606,16
JPN,DZA,06,20080818,4
KEN,DZA,05,20141114,8
KOR,DZA,04,20031208,2
LBN,DZA,05,20030110,1
LBN,DZA,04,20060723,5
LBY,DZA,18,20150117,36
LBY,DZA,04,20120217,3
LBY,DZA,04,20120928,18
LBY,DZA,03,20130319,8
MAR,DZA,17,20050618,2
MAR,DZA,02,20080907,4
MAR,DZA,11,20081009,10
MAR,DZA,01,20141216,2
MAR,DZA,04,20011115,8
MAR,DZA,04,20100325,2
MAR,DZA,14,20091218,4
MAR,DZA,11,20120808,3
MLI,DZA,04,20101130,2
MLI,DZA,08,20100701,12
MLI,DZA,04,20121102,8
MLI,DZA,03,20100514,74
MLI,DZA,04,20080720,4
MLI,DZA,04,20090506,12
MRT,DZA,03,20100318,6
MRT,DZA,05,20020914,5
NER,DZA,08,20110917,4
NER,DZA,04,20110518,1
PRT,DZA,04,20060304,4
PRT,DZA,03,20120219,2
PRT,DZA,03,20070122,8
QAT,DZA,03,20040217,6
RUS,DZA,10,20120425,3
RUS,DZA,03,20010403,22
RUS,DZA,05,20080621,8
RUS,DZA,09,20070405,2
RUS,DZA,04,20090903,32
RUS,DZA,05,20070610,2
RUS,DZA,01,20040913,2
RUS,DZA,04,20081210,7
RUS,DZA,03,20010331,8
SAU,DZA,03,20081216,6
SAU,DZA,01,20040803,1
SDN,DZA,04,20000601,1
SEN,DZA,04,20000517,2
SYR,DZA,05,20040630,2
TCD,DZA,04,20040727,6
TUN,DZA,01,20130116,1
TUR,DZA,03,20080602,2
USA,DZA,01,20140212,2
USA,DZA,17,20010406,7
USA,DZA,03,20140127,6
USA,DZA,05,20060801,2
USA,DZA,07,20121113,10
USA,DZA,07,20040405,1
VEN,DZA,04,20011013,2
ZWE,DZA,04,20100518,2
AFR,EAF,03,20130715,20
NLD,EAF,07,20070824,6
BHS,ECU,18,20111027,1
BOL,ECU,04,20080304,2
BOL,ECU,05,20070829,12
BOL,ECU,03,20010325,1
BOL,ECU,03,20130714,1
BRA,ECU,04,20090513,2
BRA,ECU,01,20121207,8
CHL,ECU,08,20141129,3
CHN,ECU,05,20101104,10
CHN,ECU,01,20120706,2
COL,ECU,13,20080306,5
COL,ECU,08,20001003,7
COL,ECU,04,20080301,2
CUB,ECU,04,20080506,2
CUB,ECU,11,20101001,18
CUB,ECU,04,20140202,2
DEU,ECU,03,20130826,1
ECU,ECU,01,20100808,2
ECU,ECU,04,20120925,6
ECU,ECU,19,20131004,20
ECU,ECU,01,20120904,8
ECU,ECU,04,20120904,7
ECU,ECU,04,20120624,2
ECU,ECU,11,20120822,2
ECU,ECU,04,20120127,9
ECU,ECU,19,20080804,2
ECU,ECU,05,20070405,10
ECU,ECU,17,20120819,1
ECU,ECU,01,20120306,2
ECU,ECU,02,20141217,6
ECU,ECU,07,20120925,6
ECU,ECU,04,20120731,1
ECU,ECU,05,20080414,3
ECU,ECU,12,20121005,8
ECU,ECU,19,20090214,2
ECU,ECU,04,20091014,1
ECU,ECU,04,20090812,12
ESP,ECU,01,20080324,2
ESP,ECU,04,20090530,9
GBR,ECU,12,20120620,18
GBR,ECU,04,20121113,10
GBR,ECU,04,20120927,77
GBR,ECU,11,20120813,3
GBR,ECU,13,20120826,6
GBR,ECU,07,20120818,1
GBR,ECU,04,20120622,3
HTI,ECU,03,20130902,4
IRN,ECU,03,20070115,3
IRN,ECU,03,20070114,7
ITA,ECU,17,20081210,4
ITA,ECU,17,20140329,2
KOR,ECU,04,20070824,2
PER,ECU,06,20010523,2
PER,ECU,05,20000611,2
SLV,ECU,01,20081001,3
TUN,ECU,04,20111123,1
UGA,ECU,04,20150119,2
USA,ECU,04,20120322,1
USA,ECU,04,20141117,2
USA,ECU,05,20080310,3
USA,ECU,01,20130726,10
USA,ECU,05,20031001,1
USA,ECU,04,20121220,9
USA,ECU,04,20140518,18
USA,ECU,17,20140716,6
USA,ECU,03,20090705,2
USA,ECU,05,20090428,8
USA,ECU,11,20121126,4
VEN,ECU,04,20081127,8
VEN,ECU,05,20090203,12
YEM,ECU,13,20120307,4
AFG,EGY,04,20070514,4
AFG,EGY,04,20070922,1
AFR,EGY,03,20130318,4
AFR,EGY,03,20130801,2
AFR,EGY,04,20110622,1
AFR,EGY,04,20090622,9
AFR,EGY,01,20111103,2
AFR,EGY,11,20110207,2
AFR,EGY,01,20110209,7
AFR,EGY,04,20140224,6
AFR,EGY,02,20121207,6
AFR,EGY,04,20090301,4
AGO,EGY,14,20130613,8
ARE,EGY,04,20121223,8
ARE,EGY,11,20140702,118
ARE,EGY,03,20130710,2
ARE,EGY,03,20141124,3
ARG,EGY,04,20100503,3
AUS,EGY,19,20100910,9
AUS,EGY,04,20140623,8
AUS,EGY,05,20140805,1
AUS,EGY,17,20140203,8
AUS,EGY,17,20141106,1
AUS,EGY,13,20141007,2
AUS,EGY,01,20120926,12
BHR,EGY,04,20111218,1
BHR,EGY,02,20130515,3
BRN,EGY,04,20110217,14
BWA,EGY,04,20141012,12
CAN,EGY,05,20100114,2
CAN,EGY,05,20000923,2
CAN,EGY,04,20150215,2
CAN,EGY,04,20131006,26
CAN,EGY,04,20080504,2
CAN,EGY,04,20130714,2
CAN,EGY,04,20100821,21
CAN,EGY,01,20131016,4
CHE,EGY,12,20090326,7
CHE,EGY,07,20130201,2
CHN,EGY,12,20110210,26
CHN,EGY,04,20100528,15
CHN,EGY,05,20040405,2
CHN,EGY,04,20110604,2
CHN,EGY,05,20120310,2
CHN,EGY,05,20131216,56
CHN,EGY,04,20020125,13
CHN,EGY,14,20121013,2
CHN,EGY,01,20061005,2
CHN,EGY,01,20020124,6
CHN,EGY,04,20030801,1
CHN,EGY,03,20140804,3
CHN,EGY,03,20140804,1
CHN,EGY,04,20070625,14
CHN,EGY,05,20090924,8
CUB,EGY,04,20011110,1
CYP,EGY,03,20130906,6
CYP,EGY,17,20090722,4
CYP,EGY,05,20121102,10
CZE,EGY,04,20090118,3
DEU,EGY,03,20100202,16
DEU,EGY,03,20030623,3
DEU,EGY,04,20011214,4
DEU,EGY,04,20110618,1
DEU,EGY,16,20140310,2
DEU,EGY,04,20060118,5
DEU,EGY,03,20060721,5
DEU,EGY,04,20041102,5
DEU,EGY,05,20091220,2
DJI,EGY,04,20000127,2
DJI,EGY,19,20120202,4
DJI,EGY,19,20130702,10
DZA,EGY,05,20080804,8
DZA,EGY,02,20140625,7
EGY,EGY,17,20130825,12
EGY,EGY,05,20110203,107
EGY,EGY,17,20130813,4
EGY,EGY,02,20110907,9
EGY,EGY,17,20140303,22
EGY,EGY,01,20141111,6
EGY,EGY,10,20110209,9
EGY,EGY,05,20010711,2
EGY,EGY,19,20130830,5
EGY,EGY,08,20100715,3
EGY,EGY,11,20110124,2
EGY,EGY,12,20070926,6
EGY,EGY,05,20140610,69
EGY,EGY,01,20001004,3
EGY,EGY,06,20101227,3
EGY,EGY,08,20130703,29
EGY,EGY,08,20110129,1
EGY,EGY,11,20120916,23
EGY,EGY,08,20040518,1
EGY,EGY,17,20130128,64
EGY,EGY,14,20121231,6
EGY,EGY,13,20111004,2
EGY,EGY,04,20101008,2
EGY,EGY,08,20120402,2
EGY,EGY,17,20110210,2
EGY,EGY,08,20150212,12
EGY,EGY,01,20140307,2
EGY,EGY,07,20000921,1
EGY,EGY,04,20110823,8
EGY,EGY,08,20060312,7
EGY,EGY,17,20080208,2
EGY,EGY,17,20130830,36
EGY,EGY,01,20131211,22
EGY,EGY,04,20050620,7
EGY,EGY,01,20140304,2
EGY,EGY,04,20130818,4
EGY,EGY,06,20040722,1
EGY,EGY,18,20140614,3
EGY,EGY,01,20110508,18
EGY,EGY,19,20131118,30
EGY,EGY,12,20040604,2
EGY,EGY,04,20061121,3
EGY,EGY,02,20150122,6
EGY,EGY,04,20130714,8
EGY,EGY,12,20010315,5
EGY,EGY,04,20030317,27
EGY,EGY,13,20071214,4
EGY,EGY,13,20140331,18
EGY,EGY,04,20021107,7
EGY,EGY,11,20050731,1
EGY,EGY,05,20120321,9
EGY,EGY,04,20110204,4
EGY,EGY,08,20130625,1
EGY,EGY,18,20130905,12
EGY,EGY,10,20011019,9
EGY,EGY,10,20110303,18
EGY,EGY,17,20061223,1
EGY,EGY,11,20090101,10
EGY,EGY,02,20110125,8
EGY,EGY,03,20031002,1
EGY,EGY,11,20120826,2
EGY,EGY,04,20060813,1
EGY,EGY,01,20080701,4
EGY,EGY,13,20110131,1
EGY,EGY,04,20110216,5
EGY,EGY,01,20110829,6
EGY,EGY,19,20140216,120
EGY,EGY,02,20110202,24
EGY,EGY,03,20140620,12
EGY,EGY,05,20140909,2
EGY,EGY,14,20120502,5
EGY,EGY,17,20141115,12
EGY,EGY,05,20130811,3
EGY,EGY,10,20140519,2
EGY,EGY,04,20120731,6
EGY,EGY,17,20131006,10
EGY,EGY,03,20090520,6
EGY,EGY,04,20051113,7
EGY,EGY,04,20111021,10
EGY,EGY,04,20110611,1
EGY,EGY,04,20020419,6
EGY,EGY,16,20120828,8
EGY,EGY,05,20121226,4
EGY,EGY,12,20120408,15
EGY,EGY,08,20150123,10
EGY,EGY,05,20130801,101
EGY,EGY,02,20130715,104
EGY,EGY,11,20110410,6
EGY,EGY,01,20060117,5
EGY,EGY,04,20140211,10
EGY,EGY,04,20010329,10
EGY,EGY,16,20130817,118
EGY,EGY,03,20031117,6
EGY,EGY,02,20140223,1
EGY,EGY,02,20120830,4
EGY,EGY,11,20080607,9
EGY,EGY,04,20030420,3
EGY,EGY,17,20110306,1
EGY,EGY,06,20110605,2
EGY,EGY,11,20130622,2
EGY,EGY,02,20131128,2
EGY,EGY,11,20091021,1
EGY,EGY,18,20110627,2
EGY,EGY,08,20120616,213
EGY,EGY,07,20120220,2
EGY,EGY,02,20131014,2
EGY,EGY,03,20071120,7
EGY,EGY,11,20110128,58
EGY,EGY,04,20000111,6
EGY,EGY,04,20130730,14
EGY,EGY,17,20021124,2
EGY,EGY,04,20010606,11
EGY,EGY,03,20130305,6
EGY,EGY,14,20110309,2
EGY,EGY,11,20130804,1
EGY,EGY,01,20080808,12
EGY,EGY,01,20100422,2
EGY,EGY,17,20120302,5
EGY,EGY,13,20120526,1
EGY,EGY,05,20150101,82
EGY,EGY,01,20150116,2
EGY,EGY,19,20150115,10
EGY,EGY,03,20130801,8
EGY,EGY,01,20130701,1
EGY,EGY,04,20001108,3
EGY,EGY,04,20010513,1
EGY,EGY,03,20030223,4
EGY,EGY,05,20121119,23
EGY,EGY,19,20071015,4
EGY,EGY,19,20130917,192
EGY,EGY,17,20120302,2
EGY,EGY,20,20130819,12
EGY,EGY,04,20110226,3
ESP,EGY,04,20140829,8
ESP,EGY,04,20101207,3
ESP,EGY,07,20110617,8
ESP,EGY,03,20020723,4
ETH,EGY,01,20140322,10
ETH,EGY,03,20011019,4
ETH,EGY,04,20131112,16
ETH,EGY,01,20140826,4
ETH,EGY,05,20110402,2
ETH,EGY,12,20140213,10
ETH,EGY,03,20130605,3
EUR,EGY,13,20080122,4
EUR,EGY,01,20130110,2
EUR,EGY,08,20110529,2
EUR,EGY,08,20090108,2
EUR,EGY,03,20020108,5
EUR,EGY,02,20100329,3
EUR,EGY,04,20110713,5
EUR,EGY,01,20130910,10
EUR,EGY,04,20130703,18
EUR,EGY,04,20120913,8
EUR,EGY,04,20130818,4
EUR,EGY,04,20110414,5
FJI,EGY,04,20141006,5
FRA,EGY,03,20071228,6
FRA,EGY,04,20050827,5
FRA,EGY,04,20120126,1
FRA,EGY,02,20021108,1
FRA,EGY,04,20061208,1
FRA,EGY,01,20040829,1
FRA,EGY,11,20130818,2
FRA,EGY,01,20130816,4
FRA,EGY,04,20070906,4
FRA,EGY,16,20130816,4
FRA,EGY,01,20130417,6
FSM,EGY,16,20130828,10
GBR,EGY,14,20091220,1
GBR,EGY,03,20070717,2
GBR,EGY,10,20110221,2
GBR,EGY,01,20110208,2
GBR,EGY,04,20130729,1
GBR,EGY,17,20130920,2
GBR,EGY,05,20120423,4
GBR,EGY,04,20071119,2
GBR,EGY,19,20120701,1
GHA,EGY,04,20140919,2
GNQ,EGY,02,20100619,6
GRC,EGY,04,20100816,26
GTM,EGY,04,20121031,2
HRV,EGY,05,20041120,4
IDN,EGY,01,20141119,18
IDN,EGY,01,20080127,7
IDN,EGY,17,20110413,7
IRL,EGY,04,20131114,2
IRL,EGY,04,20120116,24
IRN,EGY,05,20100622,9
IRN,EGY,02,20130613,1
IRN,EGY,01,20070616,5
IRN,EGY,13,20120602,4
IRN,EGY,04,20000705,2
IRN,EGY,01,20110826,20
IRN,EGY,02,20110214,8
IRN,EGY,05,20120904,4
IRN,EGY,05,20110221,3
IRN,EGY,04,20131024,1
IRN,EGY,04,20130217,3
IRN,EGY,04,20120324,7
IRN,EGY,01,20101012,2
IRN,EGY,02,20120705,4
IRN,EGY,03,20070225,3
IRN,EGY,04,20070730,2
IRQ,EGY,10,20051121,13
IRQ,EGY,11,20120130,1
IRQ,EGY,04,20041102,2
IRQ,EGY,04,20051216,6
IRQ,EGY,04,20010317,3
IRQ,EGY,03,20041212,2
IRQ,EGY,03,20040614,2
IRQ,EGY,04,20030327,4
IRQ,EGY,04,20101226,10
IRQ,EGY,04,20060625,4
IRQ,EGY,04,20131101,1
IRQ,EGY,03,20130306,2
IRQ,EGY,01,20071119,6
IRQ,EGY,03,20020612,2
IRQ,EGY,05,20100929,10
IRQ,EGY,18,20050810,2
ISR,EGY,11,20150205,4
ISR,EGY,05,20090401,8
ISR,EGY,06,20070730,8
ISR,EGY,04,20060210,4
ISR,EGY,18,20110820,104
ISR,EGY,02,20101027,2
ISR,EGY,03,20131112,8
ISR,EGY,06,20111018,4
ISR,EGY,02,20050313,2
ISR,EGY,01,20000221,8
ISR,EGY,01,20130810,6
ISR,EGY,12,20080202,1
ISR,EGY,01,20090105,7
ISR,EGY,02,20120529,1
ISR,EGY,05,20131010,100
ISR,EGY,02,20040311,7
ISR,EGY,08,20110829,3
ISR,EGY,19,20050201,9
ISR,EGY,10,20031028,2
ISR,EGY,05,20071129,8
ISR,EGY,03,20111014,14
ISR,EGY,05,20130531,30
ISR,EGY,19,20120618,92
ISR,EGY,17,20020205,3
ISR,EGY,19,20110825,4
ISR,EGY,05,20101214,7
ISR,EGY,05,20091019,9
ISR,EGY,04,20131007,8
ISR,EGY,19,20120327,3
ISR,EGY,03,20110130,59
ISR,EGY,02,20020129,1
ISR,EGY,05,20130811,1
ISR,EGY,03,20061005,3
ISR,EGY,01,20130825,5
ISR,EGY,01,20120217,7
ISR,EGY,08,20120105,3
ISR,EGY,08,20110817,5
ISR,EGY,19,20131025,20
ISR,EGY,19,20121122,3
ISR,EGY,01,20130829,4
ISR,EGY,05,20111025,7
ISR,EGY,08,20140803,4
ISR,EGY,16,20080116,5
ISR,EGY,04,20120419,1
ISR,EGY,01,20130125,3
ISR,EGY,13,20140704,4
ISR,EGY,02,20031107,6
ISR,EGY,07,20110506,1
ISR,EGY,17,20111004,1
ISR,EGY,04,20070319,1
ISR,EGY,11,20110820,5
ISR,EGY,04,20120111,15
ISR,EGY,04,20011203,7
ISR,EGY,09,20130408,10
ISR,EGY,04,20031118,8
ISR,EGY,06,20101122,3
ISR,EGY,13,20110207,6
ISR,EGY,04,20071003,2
ISR,EGY,03,20000625,1
ISR,EGY,03,20140825,9
ISR,EGY,01,20071228,6
ISR,EGY,03,20140823,1
ISR,EGY,08,20040218,4
ISR,EGY,03,20110610,1
ISR,EGY,06,20110205,23
ISR,EGY,11,20110923,2
ISR,EGY,04,20000930,6
ISR,EGY,04,20040104,2
ISR,EGY,04,20080612,1
ISR,EGY,05,20071213,7
ISR,EGY,02,20001126,5
ISR,EGY,02,20080323,6
ISR,EGY,03,20120602,2
ISR,EGY,19,20140705,35
ISR,EGY,04,20131222,4
ISR,EGY,03,20141024,1
ISR,EGY,04,20121108,3
ISR,EGY,05,20110905,1
ISR,EGY,14,20130713,2
ITA,EGY,04,20110424,2
ITA,EGY,04,20010218,3
ITA,EGY,05,20131028,1
ITA,EGY,06,20080306,1
ITA,EGY,06,20060301,1
ITA,EGY,06,20080711,6
ITA,EGY,04,20140618,2
ITA,EGY,04,20140711,4
ITA,EGY,18,20130719,2
ITA,EGY,03,20110511,1
ITA,EGY,14,20140127,2
JOR,EGY,11,20100210,5
JOR,EGY,04,20050317,7
JOR,EGY,01,20101220,1
JOR,EGY,01,20050709,4
JOR,EGY,04,20130820,8
JOR,EGY,08,20070608,4
JOR,EGY,19,20130720,2
JOR,EGY,05,20070603,6
JOR,EGY,04,20110130,8
JOR,EGY,04,20030415,5
JOR,EGY,10,20110311,1
JOR,EGY,05,20100821,8
JOR,EGY,04,20110604,1
JOR,EGY,04,20020312,1
JOR,EGY,04,20010821,9
JOR,EGY,04,20130723,6
JPN,EGY,07,20150119,8
JPN,EGY,04,20110325,2
KAZ,EGY,04,20141023,6
KEN,EGY,04,20000508,5
KEN,EGY,17,20050317,6
KEN,EGY,08,20040902,1
KEN,EGY,04,20100524,2
KWT,EGY,03,20140408,26
KWT,EGY,03,20140310,12
KWT,EGY,05,20130710,4
KWT,EGY,04,20141104,4
KWT,EGY,05,20140725,4
KWT,EGY,04,20031229,1
LBN,EGY,04,20141216,2
LBN,EGY,03,20090221,6
LBN,EGY,04,20080222,4
LBN,EGY,04,20020519,1
LBY,EGY,04,20140710,1
LBY,EGY,02,20140204,4
LBY,EGY,17,20150217,1
LBY,EGY,06,20150216,3
LBY,EGY,12,20110503,8
LBY,EGY,19,20140228,14
LBY,EGY,04,20120923,2
LBY,EGY,04,20120328,90
LBY,EGY,04,20140525,1
LBY,EGY,18,20150218,24
LBY,EGY,01,20120131,2
LBY,EGY,04,20110120,1
LBY,EGY,02,20141013,12
LBY,EGY,03,20110305,161
LBY,EGY,07,20110303,4
LBY,EGY,03,20010107,2
LBY,EGY,19,20110414,2
LBY,EGY,16,20120324,9
LBY,EGY,19,20141116,8
LVA,EGY,04,20010127,6
MAR,EGY,03,20120228,2
MAR,EGY,03,20080408,8
MAR,EGY,04,20150117,8
MAR,EGY,04,20011226,10
MEA,EGY,01,20120212,2
MEA,EGY,03,20140913,6
MEA,EGY,01,20090102,4
MEA,EGY,04,20120729,2
MEA,EGY,04,20100916,4
MEA,EGY,04,20010522,1
MEA,EGY,04,20060219,2
MEA,EGY,04,20041123,5
MEA,EGY,04,20101213,4
MEA,EGY,02,20111111,2
MEA,EGY,08,20120124,1
MEA,EGY,04,20060416,2
MEX,EGY,01,20120830,4
MYS,EGY,16,20130820,1
MYS,EGY,04,20130115,2
MYS,EGY,03,20140414,6
MYS,EGY,08,20130708,2
NAM,EGY,01,20030904,1
NAM,EGY,02,20130518,12
NGA,EGY,06,20130904,8
NGA,EGY,17,20120314,2
NGA,EGY,04,20010212,2
NLD,EGY,09,20100831,6
NMR,EGY,03,20140928,2
NZL,EGY,14,20110202,9
OMN,EGY,10,20091015,3
OMN,EGY,11,20140305,2
OMN,EGY,04,20071205,2
OMN,EGY,04,20090603,9
OMN,EGY,05,20141106,2
PAK,EGY,04,20140312,1
PER,EGY,01,20090209,4
PER,EGY,04,20080226,4
PHL,EGY,05,20110210,3
PRK,EGY,04,20070308,5
PRK,EGY,04,20090714,1
PRT,EGY,04,20120501,6
PSE,EGY,01,20020820,3
PSE,EGY,04,20100727,9
PSE,EGY,03,20141014,1
PSE,EGY,01,20110212,10
PSE,EGY,02,20090209,11
PSE,EGY,02,20140811,6
PSE,EGY,08,20060715,5
PSE,EGY,01,20130716,2
PSE,EGY,08,20140806,4
PSE,EGY,04,20140711,7
PSE,EGY,04,20090225,39
PSE,EGY,18,20090128,18
PSE,EGY,03,20140730,3
PSE,EGY,14,20140903,2
PSE,EGY,01,20090316,7
PSE,EGY,11,20120810,10
PSE,EGY,04,20030518,4
PSE,EGY,11,20100613,8
PSE,EGY,02,20110421,4
PSE,EGY,04,20030713,16
PSE,EGY,03,20131109,4
PSE,EGY,04,20080522,1
PSE,EGY,08,20090112,7
PSE,EGY,19,20121213,1
PSE,EGY,11,20111106,2
PSE,EGY,04,20080830,6
PSE,EGY,08,20141123,16
PSE,EGY,12,20140806,10
PSE,EGY,01,20010121,3
PSE,EGY,04,20051014,1
PSE,EGY,04,20010902,4
PSE,EGY,19,20001020,14
PSE,EGY,12,20091106,6
PSE,EGY,10,20050717,4
PSE,EGY,03,20040425,3
PSE,EGY,04,20100828,1
PSE,EGY,02,20140817,40
PSE,EGY,04,20070520,3
PSE,EGY,04,20000826,3
PSE,EGY,03,20080430,32
PSE,EGY,17,20130703,4
PSE,EGY,13,20121115,22
PSE,EGY,05,20141214,2
PSE,EGY,04,20001129,4
PSE,EGY,01,20090228,9
PSE,EGY,01,20100926,8
PSE,EGY,04,20001121,8
PSE,EGY,06,20120524,5
PSE,EGY,04,20050206,7
PSE,EGY,08,20070828,10
PSE,EGY,04,20090127,8
PSE,EGY,12,20130903,3
PSE,EGY,05,20140725,2
PSE,EGY,03,20120425,7
PSE,EGY,04,20001022,3
PSE,EGY,17,20140802,2
PSE,EGY,01,20070423,7
PSE,EGY,04,20100619,4
PSE,EGY,04,20080424,1
PSE,EGY,04,20090711,5
PSE,EGY,08,20140804,10
PSE,EGY,08,20090118,1
PSE,EGY,19,20010529,2
PSE,EGY,04,20110605,2
PSE,EGY,01,20140716,38
PSE,EGY,04,20120521,4
QAT,EGY,02,20140326,6
QAT,EGY,17,20130829,2
QAT,EGY,04,20131104,42
QAT,EGY,11,20140707,16
QAT,EGY,07,20131102,2
QAT,EGY,04,20090911,9
QAT,EGY,04,20130522,2
QAT,EGY,04,20010825,6
QAT,EGY,05,20140828,24
QAT,EGY,01,20140716,1
QAT,EGY,17,20140609,10
RUS,EGY,04,20120905,2
RUS,EGY,05,20141101,4
RUS,EGY,04,20010529,2
RUS,EGY,06,20131119,8
RUS,EGY,04,20120310,84
RUS,EGY,13,20140220,8
RUS,EGY,05,20110211,3
RUS,EGY,19,20140424,6
RUS,EGY,05,20110204,20
RUS,EGY,04,20010224,20
RUS,EGY,09,20131113,1
RUS,EGY,04,20140912,12
RUS,EGY,02,20140213,5
RUS,EGY,04,20100823,9
RUS,EGY,04,20110612,1
RUS,EGY,04,20140209,15
RUS,EGY,03,20140619,4
RWA,EGY,04,20141020,6
SAU,EGY,05,20090724,4
SAU,EGY,19,20060911,4
SAU,EGY,02,20091111,3
SAU,EGY,03,20120207,4
SAU,EGY,05,20130902,4
SAU,EGY,19,20140317,16
SAU,EGY,04,20020513,1
SAU,EGY,04,20060329,4
SAU,EGY,08,20140926,6
SAU,EGY,04,20080516,1
SAU,EGY,05,20140606,1
SAU,EGY,04,20090304,1
SAU,EGY,11,20090223,5
SAU,EGY,03,20100729,6
SAU,EGY,04,20000405,1
SDN,EGY,03,20000118,1
SDN,EGY,05,20140404,3
SDN,EGY,11,20130705,4
SDN,EGY,03,20140714,3
SDN,EGY,14,20141118,2
SDN,EGY,04,20110527,5
SDN,EGY,04,20010706,4
SDN,EGY,05,20070419,4
SDN,EGY,04,20091110,2
SDN,EGY,18,20000124,1
SDN,EGY,02,20130713,1
SDN,EGY,12,20120613,4
SDN,EGY,03,20040615,5
SDN,EGY,16,20010506,7
SDN,EGY,06,20120404,7
SDN,EGY,05,20090714,2
SDN,EGY,02,20101229,2
SDN,EGY,04,20110328,4
SDN,EGY,02,20130223,6
SGP,EGY,05,20130627,4
SLE,EGY,05,20131114,2
SOM,EGY,04,20041025,1
SOM,EGY,18,20090427,2
SOM,EGY,17,20090415,3
SSD,EGY,02,20140916,12
SSD,EGY,04,20140604,1
SYC,EGY,05,20140602,10
SYC,EGY,01,20110212,2
SYR,EGY,03,20111223,3
SYR,EGY,04,20080327,16
SYR,EGY,04,20111127,10
SYR,EGY,02,20150105,4
SYR,EGY,16,20130709,2
SYR,EGY,19,20130814,1
SYR,EGY,04,20100925,7
SYR,EGY,04,20131018,4
SYR,EGY,19,20111007,2
SYR,EGY,01,20110905,18
SYR,EGY,04,20140914,18
SYR,EGY,04,20030126,1
SYR,EGY,02,20140413,3
SYR,EGY,15,20120624,4
SYR,EGY,04,20120704,1
SYR,EGY,03,20131227,5
SYR,EGY,05,20120106,1
SYR,EGY,01,20120119,2
SYR,EGY,05,20130905,6
TCD,EGY,04,20140719,6
THA,EGY,17,20040811,2
TUN,EGY,04,20110316,133
TUN,EGY,01,20110126,9
TUN,EGY,05,20110316,48
TUN,EGY,11,20130704,6
TUN,EGY,03,20140715,8
TUN,EGY,05,20140731,6
TUN,EGY,10,20140520,1
TUN,EGY,19,20110702,2
TUR,EGY,16,20110204,2
TUR,EGY,04,20091227,10
TUR,EGY,07,20120927,6
TUR,EGY,07,20040613,1
TUR,EGY,04,20140913,8
TUR,EGY,05,20130715,1
TUR,EGY,10,20100106,6
TUR,EGY,11,20110914,7
TUR,EGY,03,20130819,8
TUR,EGY,04,20131008,2
TUR,EGY,03,20110215,2
TUR,EGY,08,20130823,1
TUR,EGY,04,20111204,1
TUR,EGY,04,20070111,11
UGA,EGY,01,20100829,3
UGA,EGY,03,20131226,1
USA,EGY,17,20121014,2
USA,EGY,11,20130603,8
USA,EGY,03,20140420,3
USA,EGY,08,20130109,4
USA,EGY,04,20120813,16
USA,EGY,17,20140906,2
USA,EGY,19,20140103,2
USA,EGY,01,20120228,16
USA,EGY,08,20111112,1
USA,EGY,07,20101208,2
USA,EGY,05,20090625,3
USA,EGY,06,20110215,4
USA,EGY,04,20120611,1
USA,EGY,04,20120211,13
USA,EGY,19,20130922,7
USA,EGY,05,20111114,3
USA,EGY,04,20111108,2
USA,EGY,05,20110223,5
USA,EGY,01,20140618,10
USA,EGY,02,20130723,1
USA,EGY,19,20110202,40
USA,EGY,19,20111129,6
USA,EGY,05,20090108,6
USA,EGY,01,20110409,9
USA,EGY,04,20080701,4
USA,EGY,01,20130808,11
USA,EGY,07,20051018,1
USA,EGY,05,20110201,19
USA,EGY,03,20140913,1
USA,EGY,04,20130920,2
USA,EGY,04,20130731,32
USA,EGY,05,20120720,4
USA,EGY,05,20101129,1
USA,EGY,07,20120125,22
USA,EGY,05,20120218,6
USA,EGY,06,20010313,5
USA,EGY,01,20110516,8
USA,EGY,04,20020114,2
USA,EGY,07,20111202,40
USA,EGY,09,20110617,2
USA,EGY,07,20131108,2
USA,EGY,03,20090803,4
USA,EGY,01,20071015,14
USA,EGY,09,20070504,2
USA,EGY,11,20000906,1
USA,EGY,19,20130814,27
USA,EGY,04,20120721,3
USA,EGY,01,20060221,1
USA,EGY,04,20130714,9
USA,EGY,04,20110817,4
USA,EGY,04,20121112,1
USA,EGY,14,20121205,7
USA,EGY,01,20111126,2
USA,EGY,08,20040819,2
USA,EGY,17,20121004,7
USA,EGY,04,20080114,3
USA,EGY,16,20110911,2
USA,EGY,12,20030919,2
USA,EGY,04,20110307,6
USA,EGY,04,20110131,176
USA,EGY,04,20120909,6
USA,EGY,06,20081125,2
USA,EGY,08,20130710,6
USA,EGY,01,20090514,7
USA,EGY,04,20130129,2
USA,EGY,16,20080113,7
USA,EGY,05,20150217,40
USA,EGY,04,20140722,1
USA,EGY,03,20100821,9
USA,EGY,04,20120716,23
USA,EGY,01,20120212,9
USA,EGY,04,20081109,7
USA,EGY,04,20120224,4
USA,EGY,14,20120912,12
USA,EGY,11,20111229,5
USA,EGY,03,20040225,2
USA,EGY,10,20140403,7
USA,EGY,03,20131107,2
USA,EGY,11,20090410,3
USA,EGY,05,20120222,2
USA,EGY,19,20100812,9
USA,EGY,11,20120914,50
USA,EGY,02,20020912,1
USA,EGY,17,20141212,2
USA,EGY,19,20090624,2
USA,EGY,12,20090429,4
USA,EGY,05,20110127,8
USA,EGY,04,20120602,9
USA,EGY,04,20050623,1
USA,EGY,11,20060827,6
USA,EGY,04,20110715,4
USA,EGY,10,20131117,10
USA,EGY,07,20091124,20
USA,EGY,01,20010420,4
USA,EGY,02,20110118,4
USA,EGY,01,20111014,2
USA,EGY,04,20140928,2
USA,EGY,03,20141205,6
USA,EGY,03,20141013,18
USA,EGY,04,20120910,1
UZB,EGY,01,20070418,2
VEN,EGY,05,20140724,1
WST,EGY,04,20140403,2
YEM,EGY,04,20110202,1
YEM,EGY,04,20090126,1
YEM,EGY,04,20121118,5
YEM,EGY,05,20120126,2
YEM,EGY,05,20130314,1
YEM,EGY,19,20111024,4
YEM,EGY,10,20110802,5
YEM,EGY,04,20090826,2
ZAF,EGY,04,20020902,2
ZWE,EGY,04,20140414,10
AFR,ERI,04,20070608,5
AFR,ERI,07,20100810,2
AFR,ERI,06,20080318,8
CAN,ERI,04,20071124,2
DJI,ERI,04,20020421,3
ERI,ERI,01,20031128,6
ERI,ERI,07,20040117,5
ERI,ERI,14,20140330,4
ERI,ERI,17,20140203,8
ETH,ERI,17,20060407,1
ETH,ERI,01,20121024,8
ETH,ERI,08,20040108,1
ETH,ERI,08,20000601,6
ETH,ERI,05,20011109,4
ETH,ERI,04,20141114,15
ETH,ERI,12,20071118,2
ETH,ERI,05,20140512,4
EUR,ERI,03,20080615,1
GBR,ERI,01,20130314,2
GBR,ERI,06,20050415,3
GBR,ERI,11,20000410,4
ISR,ERI,03,20020218,10
ISR,ERI,19,20120303,2
ITA,ERI,04,20140915,6
ITA,ERI,07,20110401,4
LBY,ERI,04,20071010,15
NER,ERI,04,20030917,12
QAT,ERI,05,20090323,10
SDN,ERI,04,20140119,10
SDN,ERI,04,20130615,5
SDN,ERI,05,20080215,2
SDN,ERI,12,20021008,4
SDN,ERI,11,20000425,3
SDN,ERI,05,20140523,4
SOM,ERI,04,20050921,20
SWE,ERI,01,20140923,1
TCD,ERI,04,20080603,1
USA,ERI,01,20060214,1
USA,ERI,04,20080216,2
USA,ERI,04,20001219,1
USA,ERI,04,20020706,8
USA,ERI,11,20070817,4
AFG,ESP,08,20090905,20
AFR,ESP,19,20140812,4
AFR,ESP,10,20120729,10
AGO,ESP,04,20121208,3
ARE,ESP,01,20111106,2
ARG,ESP,04,20120320,6
ARG,ESP,05,20090208,8
ARG,ESP,04,20080617,1
ARG,ESP,04,20090209,2
ARG,ESP,08,20120831,12
ARG,ESP,04,20130117,2
ARG,ESP,04,20120423,4
ARM,ESP,02,20100126,7
AUS,ESP,04,20140221,4
AUS,ESP,11,20110122,9
AUS,ESP,04,20120211,4
AUS,ESP,01,20120711,3
AUS,ESP,19,20080331,4
AUS,ESP,03,20040413,2
AUS,ESP,04,20130905,2
AUT,ESP,01,20120830,3
AUT,ESP,04,20101204,3
BEL,ESP,04,20080529,4
BEL,ESP,06,20110405,3
BRA,ESP,01,20130604,6
BRA,ESP,16,20130919,2
BRA,ESP,04,20071007,1
BRA,ESP,04,20070913,3
BRA,ESP,04,20140102,1
CAN,ESP,02,20091126,4
CAN,ESP,04,20130717,2
CHE,ESP,17,20110111,2
CHE,ESP,05,20150113,8
CHE,ESP,01,20130416,7
CHL,ESP,04,20090312,4
CHL,ESP,02,20071128,2
CHL,ESP,06,20130526,5
CHN,ESP,04,20101022,8
CHN,ESP,08,20091222,12
CHN,ESP,03,20110518,18
CHN,ESP,04,20150124,9
CHN,ESP,01,20090331,2
CHN,ESP,05,20120611,21
CHN,ESP,04,20110805,4
CHN,ESP,05,20120113,2
CHN,ESP,03,20080710,3
CHN,ESP,04,20100426,3
CHN,ESP,02,20100901,5
CHN,ESP,04,20060108,14
CHN,ESP,04,20131122,8
CHN,ESP,01,20130613,2
COG,ESP,18,20100418,4
COL,ESP,04,20120928,2
COL,ESP,17,20080727,27
COL,ESP,03,20130318,3
COL,ESP,12,20090916,7
COL,ESP,04,20091130,1
COL,ESP,08,20090429,4
COL,ESP,01,20090304,2
COL,ESP,01,20091227,1
COL,ESP,04,20080111,1
COL,ESP,06,20050402,1
CRI,ESP,04,20110821,2
CUB,ESP,08,20110304,8
CUB,ESP,04,20140503,8
CUB,ESP,04,20090509,1
CUB,ESP,04,20090319,2
CUB,ESP,02,20001118,2
CUB,ESP,11,20010526,4
CYP,ESP,16,20120910,2
CZE,ESP,05,20040415,1
DEU,ESP,12,20150117,4
DEU,ESP,01,20120125,3
DEU,ESP,05,20110920,1
DEU,ESP,11,20120608,4
DEU,ESP,04,20070614,6
DEU,ESP,04,20090223,16
DEU,ESP,03,20030522,1
DEU,ESP,01,20120125,1
DEU,ESP,05,20120624,1
DJI,ESP,04,20110706,4
DNK,ESP,05,20001101,3
DNK,ESP,04,20100422,5
DNK,ESP,07,20091007,90
DNK,ESP,03,20110319,6
DOM,ESP,05,20140623,10
DZA,ESP,04,20070510,7
ECU,ESP,09,20070129,4
ECU,ESP,17,20140930,4
ECU,ESP,03,20140827,5
EGY,ESP,04,20080206,2
ESP,ESP,04,20010612,9
ESP,ESP,09,20110331,8
ESP,ESP,07,20140611,10
ESP,ESP,08,20000411,4
ESP,ESP,01,20090524,4
ESP,ESP,04,20131020,12
ESP,ESP,17,20100823,2
ESP,ESP,01,20100906,4
ESP,ESP,03,20080307,2
ESP,ESP,08,20140201,4
ESP,ESP,01,20091211,8
ESP,ESP,12,20080218,4
ESP,ESP,09,20090429,3
ESP,ESP,01,20100203,1
ESP,ESP,04,20030211,4
ESP,ESP,10,20140612,2
ESP,ESP,09,20101104,7
ESP,ESP,02,20120720,5
ESP,ESP,04,20030916,4
ESP,ESP,11,20070522,6
ESP,ESP,11,20120924,185
ESP,ESP,09,20130118,4
ESP,ESP,04,20050628,2
ESP,ESP,04,20050120,4
ESP,ESP,03,20100505,3
ESP,ESP,01,20141027,52
ESP,ESP,17,20100519,2
ESP,ESP,11,20031112,8
ESP,ESP,17,20121112,20
ESP,ESP,01,20110325,10
ESP,ESP,18,20070201,5
ESP,ESP,17,20110615,307
ESP,ESP,19,20090113,4
ESP,ESP,04,20000222,3
ESP,ESP,05,20140929,5
ESP,ESP,02,20140116,2
ESP,ESP,04,20090104,14
ESP,ESP,14,20120908,12
ESP,ESP,09,20140826,8
ESP,ESP,03,20010910,4
ESP,ESP,19,20141212,4
ESP,ESP,08,20100826,2
ESP,ESP,01,20100601,2
ESP,ESP,19,20130726,6
ESP,ESP,03,20090505,10
ESP,ESP,01,20141111,8
ESP,ESP,01,20110725,2
ESP,ESP,12,20140929,6
ESP,ESP,10,20030405,2
ESP,ESP,13,20130211,8
ESP,ESP,04,20100731,3
ESP,ESP,01,20121211,10
ESP,ESP,11,20130826,8
ESP,ESP,08,20080528,3
ESP,ESP,02,20080823,7
ESP,ESP,05,20071202,2
ESP,ESP,08,20101107,2
ESP,ESP,11,20081120,18
ESP,ESP,19,20120518,8
ESP,ESP,09,20100131,2
ESP,ESP,01,20031210,2
ESP,ESP,10,20090429,2
ESP,ESP,18,20130624,1
ESP,ESP,17,20110817,1
EUR,ESP,07,20091020,9
EUR,ESP,04,20100610,1
EUR,ESP,01,20060906,1
EUR,ESP,15,20140108,32
EUR,ESP,04,20100316,20
EUR,ESP,04,20090419,10
EUR,ESP,09,20070905,4
EUR,ESP,01,20110630,4
EUR,ESP,02,20140327,2
EUR,ESP,07,20130824,2
EUR,ESP,04,20110808,4
EUR,ESP,06,20130305,10
FIN,ESP,04,20090323,5
FIN,ESP,04,20120504,7
FRA,ESP,17,20140226,2
FRA,ESP,17,20000921,3
FRA,ESP,19,20070608,4
FRA,ESP,03,20080206,3
FRA,ESP,04,20131104,2
FRA,ESP,04,20070219,2
FRA,ESP,02,20090813,1
FRA,ESP,04,20100824,2
FRA,ESP,04,20090220,14
FRA,ESP,04,20011105,7
FRA,ESP,01,20080524,4
FRA,ESP,04,20010423,2
FRA,ESP,06,20090923,2
FRA,ESP,19,20090729,1
FRA,ESP,12,20070223,12
FRA,ESP,13,20080706,2
FRA,ESP,04,20140921,4
FRA,ESP,05,20110924,276
FRA,ESP,10,20021211,3
GBR,ESP,04,20001030,2
GBR,ESP,06,20130223,10
GBR,ESP,17,20050714,2
GBR,ESP,01,20120418,7
GBR,ESP,17,20140313,4
GBR,ESP,05,20001120,18
GBR,ESP,12,20140603,3
GBR,ESP,03,20131031,2
GBR,ESP,12,20120524,4
GBR,ESP,17,20140506,1
GBR,ESP,05,20140521,2
GBR,ESP,01,20020927,1
GBR,ESP,03,20040615,9
GBR,ESP,08,20020715,1
GBR,ESP,03,20100504,3
GBR,ESP,01,20140224,18
GBR,ESP,04,20081222,2
GBR,ESP,04,20091125,5
GBR,ESP,03,20120328,1
GHA,ESP,04,20011108,7
GNQ,ESP,04,20020406,6
GRC,ESP,04,20101127,2
GRC,ESP,09,20130114,2
GRC,ESP,04,20130829,3
GRC,ESP,04,20110126,9
GRC,ESP,02,20130902,6
GRC,ESP,01,20120831,7
GTM,ESP,16,20051009,2
GTM,ESP,13,20060529,1
HND,ESP,03,20120411,2
HRV,ESP,03,20090319,2
IDN,ESP,04,20111022,2
IDN,ESP,04,20111117,1
IND,ESP,03,20100822,2
IRL,ESP,02,20121003,2
IRL,ESP,01,20130703,16
IRL,ESP,04,20100504,25
IRL,ESP,03,20110320,1
IRN,ESP,01,20031214,6
IRN,ESP,01,20141014,8
IRN,ESP,06,20120502,6
IRQ,ESP,02,20031024,1
ISL,ESP,12,20140710,10
ISR,ESP,02,20061211,2
ISR,ESP,16,20130917,1
ISR,ESP,02,20131214,7
ISR,ESP,03,20020226,1
ITA,ESP,04,20121115,28
ITA,ESP,04,20031009,1
ITA,ESP,05,20111116,2
ITA,ESP,10,20110802,2
ITA,ESP,08,20110719,39
ITA,ESP,05,20061218,3
ITA,ESP,03,20020506,3
ITA,ESP,08,20110728,1
ITA,ESP,05,20120628,15
ITA,ESP,04,20080519,5
ITA,ESP,11,20061128,1
ITA,ESP,02,20110805,2
ITA,ESP,02,20080701,4
ITA,ESP,08,20121215,8
ITA,ESP,04,20130314,4
ITA,ESP,08,20111209,2
ITA,ESP,08,20110926,4
ITA,ESP,05,20081106,2
ITA,ESP,04,20020511,4
ITA,ESP,04,20081109,1
ITA,ESP,04,20060909,6
JOR,ESP,04,20150112,4
JOR,ESP,01,20110421,1
JPN,ESP,04,20090925,6
JPN,ESP,04,20130912,5
JPN,ESP,04,20140906,2
KAZ,ESP,04,20141116,25
KEN,ESP,03,20090319,1
KEN,ESP,18,20130802,10
KOR,ESP,01,20090831,72
KWT,ESP,03,20090630,11
LAM,ESP,19,20090330,7
LBN,ESP,04,20020503,1
LBN,ESP,04,20080916,2
LBR,ESP,01,20060905,1
LBY,ESP,08,20120706,3
LBY,ESP,04,20071218,2
LUX,ESP,04,20101204,63
MAR,ESP,11,20011225,2
MAR,ESP,06,20130620,5
MAR,ESP,03,20130806,22
MAR,ESP,04,20040222,2
MAR,ESP,01,20050116,2
MAR,ESP,09,20070215,2
MAR,ESP,01,20080728,4
MAR,ESP,13,20110825,1
MAR,ESP,04,20110908,8
MAR,ESP,04,20051027,2
MAR,ESP,17,20130807,1
MAR,ESP,14,20091204,2
MAR,ESP,04,20021109,1
MAR,ESP,01,20140521,4
MEX,ESP,17,20060518,1
MEX,ESP,04,20091101,1
MEX,ESP,18,20080110,6
MEX,ESP,03,20110602,8
MEX,ESP,05,20100826,8
MEX,ESP,02,20140218,2
MEX,ESP,04,20030221,3
MEX,ESP,03,20091127,2
MEX,ESP,01,20100831,94
MEX,ESP,07,20140711,6
MEX,ESP,03,20141005,20
MKD,ESP,05,20091014,9
NGA,ESP,17,20141216,2
NLD,ESP,04,20001127,8
NOR,ESP,04,20110427,4
NZL,ESP,04,20081229,3
OMN,ESP,05,20140501,10
PAK,ESP,03,20090912,6
PAN,ESP,01,20100629,1
PER,ESP,01,20030614,2
PER,ESP,04,20000630,1
PER,ESP,17,20130822,47
PER,ESP,09,20120131,4
PHL,ESP,01,20101215,3
PHL,ESP,01,20070423,3
PHL,ESP,04,20131219,1
PHL,ESP,04,20120125,4
PHL,ESP,05,20150119,1
PHL,ESP,01,20141008,1
POL,ESP,03,20051123,1
POL,ESP,06,20130905,4
PRK,ESP,02,20021106,2
PRT,ESP,05,20150119,4
PRT,ESP,04,20110312,8
PRT,ESP,04,20031114,7
PRT,ESP,05,20131212,6
PRT,ESP,03,20110125,6
PRT,ESP,04,20120926,8
PRT,ESP,12,20111221,3
PRT,ESP,05,20140221,6
PRT,ESP,01,20090130,9
PRT,ESP,04,20110617,44
PRT,ESP,04,20030316,4
PSE,ESP,11,20040518,4
PSE,ESP,18,20090130,35
PSE,ESP,04,20100502,6
PSE,ESP,14,20090105,2
QAT,ESP,03,20110228,9
RUS,ESP,04,20131109,2
RUS,ESP,04,20011115,4
RUS,ESP,17,20080119,9
RUS,ESP,04,20120502,4
RWA,ESP,02,20141026,3
SAU,ESP,17,20110128,4
SAU,ESP,02,20081023,3
SEN,ESP,17,20070221,8
SYC,ESP,17,20120612,3
SYR,ESP,02,20120921,4
SYR,ESP,03,20050921,2
SYR,ESP,04,20091013,2
SYR,ESP,01,20071009,2
TCD,ESP,01,20071103,6
TUN,ESP,03,20091123,3
TUN,ESP,10,20110705,2
TUR,ESP,03,20110722,4
TUR,ESP,04,20141025,8
TUR,ESP,05,20110901,9
TUR,ESP,04,20140213,18
TUR,ESP,03,20100706,2
TUR,ESP,04,20141127,5
UKR,ESP,05,20090417,3
USA,ESP,05,20140525,3
USA,ESP,02,20120306,2
USA,ESP,05,20120329,2
USA,ESP,02,20130702,1
USA,ESP,07,20110310,2
USA,ESP,02,20130503,6
USA,ESP,05,20061004,45
USA,ESP,04,20140728,5
USA,ESP,04,20081207,1
USA,ESP,16,20150129,2
USA,ESP,02,20090618,12
USA,ESP,04,20121029,2
USA,ESP,06,20090428,2
USA,ESP,01,20080218,4
USA,ESP,11,20030205,2
USA,ESP,01,20060722,4
USA,ESP,04,20130221,2
USA,ESP,05,20110712,8
USA,ESP,04,20130222,4
USA,ESP,14,20101231,4
USA,ESP,03,20100824,2
USA,ESP,04,20090406,11
USA,ESP,01,20100219,2
USA,ESP,08,20040427,2
USA,ESP,17,20140803,4
USA,ESP,17,20121205,2
USA,ESP,02,20120605,2
USA,ESP,19,20130926,6
USA,ESP,02,20131012,10
USA,ESP,04,20070922,7
USA,ESP,08,20090104,4
USA,ESP,04,20131128,3
USA,ESP,17,20090410,3
USA,ESP,11,20010102,1
USA,ESP,07,20100812,2
USA,ESP,03,20121016,20
USA,ESP,03,20100113,7
USA,ESP,17,20100909,1
USA,ESP,02,20110801,4
USA,ESP,06,20120614,1
USA,ESP,19,20130825,6
USA,ESP,19,20020203,2
USA,ESP,04,20120217,1
USA,ESP,17,20140623,2
USA,ESP,04,20120508,7
USA,ESP,04,20120927,5
USA,ESP,19,20110526,9
USA,ESP,19,20080710,8
USA,ESP,03,20020206,18
USA,ESP,04,20090325,63
USA,ESP,11,20110110,2
USA,ESP,04,20021212,6
USA,ESP,01,20140825,10
USA,ESP,04,20120427,12
VEN,ESP,11,20080725,1
VEN,ESP,02,20080907,2
VEN,ESP,02,20141204,8
VEN,ESP,02,20110310,2
VEN,ESP,05,20080819,8
VEN,ESP,19,20120928,32
VEN,ESP,12,20100925,6
VEN,ESP,05,20131017,9
VEN,ESP,01,20090313,3
VEN,ESP,01,20070618,8
VNM,ESP,18,20140328,4
AUS,EST,03,20090420,11
AUT,EST,05,20010405,5
BEL,EST,02,20140905,2
BEL,EST,13,20140707,2
CHE,EST,07,20130221,10
CZE,EST,04,20140408,8
DEU,EST,04,20000605,7
DEU,EST,04,20100831,2
DEU,EST,05,20041124,3
EST,EST,11,20050315,7
EST,EST,04,20040907,9
EST,EST,03,20120418,1
EST,EST,12,20050217,1
EST,EST,01,20070521,2
EST,EST,01,20040619,9
EUR,EST,04,20011129,9
FIN,EST,06,20100223,7
FIN,EST,04,20040921,1
FIN,EST,04,20010829,18
FIN,EST,07,20140619,4
FIN,EST,19,20080604,3
GBR,EST,05,20000822,5
GBR,EST,14,20131016,1
HUN,EST,04,20060911,1
HUN,EST,05,20000913,2
IRN,EST,17,20140913,1
KNA,EST,04,20060804,8
LTU,EST,03,20031014,2
LTU,EST,05,20130811,8
LVA,EST,02,20040423,1
MDV,EST,04,20131212,20
NLD,EST,17,20150209,3
RUS,EST,04,20040908,4
RUS,EST,05,20050630,1
RUS,EST,04,20140924,3
RUS,EST,19,20140921,2
RUS,EST,04,20000408,4
RUS,EST,01,20070427,6
RUS,EST,11,20090811,9
RUS,EST,11,20130301,10
RUS,EST,08,20090105,4
SVK,EST,04,20010904,4
SWE,EST,09,20021116,4
SYR,EST,17,20120426,1
SYR,EST,04,20090507,3
UKR,EST,04,20140403,14
UKR,EST,04,20131108,2
USA,EST,15,20140514,8
USA,EST,01,20120124,1
USA,EST,04,20141103,4
USA,EST,04,20140902,30
USA,EST,03,20140906,2
USA,EST,04,20140904,32
WST,EST,12,20141022,1
AFG,ETH,01,20040217,2
AFR,ETH,04,20131214,10
AFR,ETH,04,20131206,34
AFR,ETH,19,20150123,1
AFR,ETH,05,20131008,1
AFR,ETH,03,20120324,1
AFR,ETH,01,20051222,2
AFR,ETH,05,20140201,4
AFR,ETH,04,20030119,8
AFR,ETH,04,20050321,5
AFR,ETH,14,20000327,1
AFR,ETH,08,20081213,2
AFR,ETH,17,20120112,9
AFR,ETH,04,20100724,2
AFR,ETH,04,20140116,12
AFR,ETH,03,20140604,10
AFR,ETH,03,20090124,9
AFR,ETH,04,20110611,9
BDI,ETH,01,20081130,6
BDI,ETH,04,20110707,1
BEL,ETH,03,20001011,5
BWA,ETH,04,20020712,2
CAN,ETH,08,20140628,4
CAN,ETH,12,20050114,2
CHE,ETH,04,20140521,2
CHN,ETH,01,20120824,6
CHN,ETH,01,20140609,2
CHN,ETH,05,20111218,4
COD,ETH,04,20030426,8
CUB,ETH,06,20070110,2
DEU,ETH,05,20110308,2
DEU,ETH,05,20140624,2
DJI,ETH,05,20081110,4
DJI,ETH,08,20041031,5
DJI,ETH,02,20000222,1
DZA,ETH,11,20000524,2
EGY,ETH,02,20140211,4
EGY,ETH,05,20140614,2
EGY,ETH,03,20140709,8
EGY,ETH,19,20090916,5
EGY,ETH,19,20031226,5
ERI,ETH,03,20020802,1
ERI,ETH,06,20000617,2
ERI,ETH,04,20000922,8
ERI,ETH,04,20050419,2
ERI,ETH,08,20000605,6
ERI,ETH,15,20000413,1
ERI,ETH,08,20000609,6
ERI,ETH,19,20050121,3
ERI,ETH,17,20030808,3
ETH,ETH,18,20130114,1
ETH,ETH,11,20120624,1
ETH,ETH,19,20141223,3
ETH,ETH,02,20091022,2
ETH,ETH,18,20150101,8
ETH,ETH,10,20110318,2
ETH,ETH,07,20111107,1
ETH,ETH,04,20070424,10
ETH,ETH,01,20110617,4
ETH,ETH,08,20000530,3
ETH,ETH,18,20070806,10
ETH,ETH,01,20121102,10
ETH,ETH,01,20100126,2
ETH,ETH,03,20090804,5
ETH,ETH,01,20050217,2
ETH,ETH,02,20110421,22
ETH,ETH,11,20020531,7
ETH,ETH,01,20071201,4
ETH,ETH,10,20140112,2
ETH,ETH,03,20140826,6
ETH,ETH,17,20140428,8
ETH,ETH,19,20110527,3
ETH,ETH,14,20020209,7
ETH,ETH,01,20091212,2
EUR,ETH,04,20140906,4
FRA,ETH,01,20090805,4
GAB,ETH,04,20120323,199
GBR,ETH,16,20100430,9
GBR,ETH,04,20030209,14
GHA,ETH,04,20120517,6
GHA,ETH,05,20091223,8
GHA,ETH,03,20071002,2
IND,ETH,04,20131125,5
IRL,ETH,18,20060920,3
IRQ,ETH,19,20071130,2
ISR,ETH,04,20130524,4
ISR,ETH,17,20121029,4
ITA,ETH,09,20041118,1
ITA,ETH,05,20100508,4
JOR,ETH,04,20100211,2
JPN,ETH,06,20030530,6
JPN,ETH,05,20031219,3
KEN,ETH,08,20110518,2
KEN,ETH,03,20120402,1
KEN,ETH,11,20130724,8
KEN,ETH,17,20140903,2
KEN,ETH,04,20080703,1
KEN,ETH,10,20120512,2
KEN,ETH,01,20140205,20
LBR,ETH,04,20130614,1
MEA,ETH,01,20090421,2
MRT,ETH,04,20040118,3
MWI,ETH,14,20131105,2
NLD,ETH,01,20110716,7
PAK,ETH,05,20101008,1
QAT,ETH,04,20140604,5
QAT,ETH,05,20091026,1
SDN,ETH,04,20030116,6
SDN,ETH,04,20140213,2
SDN,ETH,08,20010202,10
SDN,ETH,13,20070105,2
SDN,ETH,10,20130610,6
SDN,ETH,04,20131016,6
SDN,ETH,07,20120424,2
SDN,ETH,01,20140813,12
SDN,ETH,04,20130722,3
SDN,ETH,07,20100216,4
SOM,ETH,08,20040908,5
SOM,ETH,11,20070404,2
SOM,ETH,13,20091001,1
SOM,ETH,05,20041227,1
SOM,ETH,04,20130726,6
SOM,ETH,11,20090530,2
SOM,ETH,01,20080901,4
SOM,ETH,04,20060620,5
SOM,ETH,05,20120304,2
SOM,ETH,08,20080618,4
SOM,ETH,01,20070319,8
SOM,ETH,08,20081005,4
SOM,ETH,04,20080612,6
SOM,ETH,03,20110816,12
SOM,ETH,11,20080727,7
SOM,ETH,04,20070606,7
SOM,ETH,04,20070404,8
SOM,ETH,19,20071114,4
SOM,ETH,03,20110815,20
SOM,ETH,08,20140129,10
SOM,ETH,04,20020207,9
SOM,ETH,04,20140331,8
SOM,ETH,02,20100420,7
SOM,ETH,19,20140603,6
SOM,ETH,04,20141024,1
SOM,ETH,19,20070103,2
SSD,ETH,04,20140104,1
SSD,ETH,08,20140609,1
SSD,ETH,08,20150112,3
SSD,ETH,08,20140616,14
SSD,ETH,04,20140202,1
SSD,ETH,12,20141003,1
TUR,ETH,04,20141215,2
TZA,ETH,04,20091020,6
UGA,ETH,05,20121019,8
UGA,ETH,04,20090617,4
UGA,ETH,05,20101124,8
UGA,ETH,04,20091020,6
USA,ETH,04,20050821,7
USA,ETH,04,20010308,1
USA,ETH,04,20111208,1
USA,ETH,05,20140723,10
USA,ETH,02,20080612,1
USA,ETH,08,20110926,8
USA,ETH,12,20120326,6
USA,ETH,03,20140110,4
USA,ETH,01,20090425,7
USA,ETH,05,20060617,2
USA,ETH,07,20081103,6
USA,ETH,04,20130616,1
USA,ETH,04,20120224,1
USA,ETH,11,20070323,4
YEM,ETH,04,20110212,7
YEM,ETH,04,20130914,2
ZAF,ETH,04,20110825,2
ZAF,ETH,04,20140616,4
ZMB,ETH,04,20120130,4
ZMB,ETH,17,20141020,2
ZMB,ETH,01,20100222,4
ZWE,ETH,04,20120201,5
AFG,EUR,04,20010926,3
AFG,EUR,01,20011220,1
AFG,EUR,08,20110502,27
AFR,EUR,05,20110901,11
AFR,EUR,04,20081121,1
AFR,EUR,06,20080806,10
AFR,EUR,04,20111002,4
AFR,EUR,08,20130614,12
AFR,EUR,04,20130728,14
AFR,EUR,03,20000402,1
AFR,EUR,03,20100916,3
AFR,EUR,12,20090326,9
AFR,EUR,04,20131029,30
AFR,EUR,07,20131008,4
AFR,EUR,04,20090701,2
AGO,EUR,04,20100701,5
ALB,EUR,02,20091020,20
ARE,EUR,03,20121029,4
ARG,EUR,04,20120308,7
ARM,EUR,02,20050906,4
ARM,EUR,05,20111003,3
ARM,EUR,04,20131023,1
ARM,EUR,04,20011203,5
ARM,EUR,04,20101001,5
ARM,EUR,04,20131021,22
ARM,EUR,04,20111024,3
AUS,EUR,06,20141127,7
AUS,EUR,03,20141113,10
AUS,EUR,12,20150216,30
AUS,EUR,06,20140904,16
AUS,EUR,17,20110224,21
AUS,EUR,05,20090701,7
AUS,EUR,10,20101202,236
AUS,EUR,12,20140919,6
AUS,EUR,04,20100916,18
AUS,EUR,04,20130911,2
AUT,EUR,04,20040428,4
AUT,EUR,17,20110718,5
AUT,EUR,05,20000529,2
AUT,EUR,05,20111201,3
AUT,EUR,04,20080312,2
AUT,EUR,04,20051222,5
AUT,EUR,05,20060812,5
AUT,EUR,04,20140410,1
AUT,EUR,19,20001019,9
AZE,EUR,01,20140409,12
AZE,EUR,04,20091009,9
AZE,EUR,04,20131101,10
AZE,EUR,05,20121129,7
AZE,EUR,07,20141119,1
AZE,EUR,03,20140627,12
AZE,EUR,03,20100906,7
AZE,EUR,17,20101210,1
AZE,EUR,12,20140116,8
AZE,EUR,01,20061114,7
AZE,EUR,04,20130319,10
AZE,EUR,04,20120502,2
AZE,EUR,01,20150203,4
AZE,EUR,04,20130711,2
BEL,EUR,03,20140223,2
BEL,EUR,02,20141010,2
BEL,EUR,08,20081113,6
BEL,EUR,04,20141016,6
BEL,EUR,04,20110529,8
BEL,EUR,13,20100928,10
BEL,EUR,04,20150217,18
BEL,EUR,04,20040408,7
BEL,EUR,03,20130825,10
BEL,EUR,04,20100309,4
BEL,EUR,05,20111125,9
BEL,EUR,04,20070711,4
BEL,EUR,05,20091201,31
BEL,EUR,04,20011019,4
BEL,EUR,04,20000528,18
BEL,EUR,03,20030917,1
BEL,EUR,04,20130704,5
BEL,EUR,04,20030801,9
BEL,EUR,08,20140828,10
BEL,EUR,19,20141218,4
BEL,EUR,10,20140206,10
BEL,EUR,04,20020612,1
BEL,EUR,03,20070319,3
BEL,EUR,03,20061128,6
BEL,EUR,12,20130101,2
BEL,EUR,16,20101110,7
BEL,EUR,01,20141028,2
BEL,EUR,03,20110224,6
BEL,EUR,01,20121116,10
BEL,EUR,01,20130408,8
BEL,EUR,01,20140830,2
BEL,EUR,03,20030401,2
BEL,EUR,02,20040503,7
BEL,EUR,01,20130305,5
BEL,EUR,01,20150202,10
BEL,EUR,04,20120714,3
BEL,EUR,08,20140113,8
BEL,EUR,01,20130328,4
BEL,EUR,04,20111029,5
BEL,EUR,01,20120124,2
BEL,EUR,06,20140115,10
BEL,EUR,04,20120410,20
BGD,EUR,05,20110620,5
BGD,EUR,11,20140311,34
BGR,EUR,03,20110805,9
BGR,EUR,03,20111007,9
BGR,EUR,05,20120124,9
BGR,EUR,04,20120323,9
BGR,EUR,04,20010928,2
BGR,EUR,09,20110209,2
BGR,EUR,04,20031021,9
BGR,EUR,03,20140611,110
BGR,EUR,06,20140816,10
BHR,EUR,02,20030623,4
BLR,EUR,08,20081009,1
BLR,EUR,04,20010801,11
BLR,EUR,04,20140214,10
BLR,EUR,01,20130322,8
BLR,EUR,03,20131026,8
BLR,EUR,04,20090127,2
BLR,EUR,03,20140312,3
BLR,EUR,04,20070122,9
BLR,EUR,04,20120421,2
BLR,EUR,02,20090302,2
BOL,EUR,12,20130806,14
BOL,EUR,01,20090128,3
BRA,EUR,03,20010206,3
BRA,EUR,13,20090908,1
BRA,EUR,12,20130616,1
BRA,EUR,04,20130909,33
BRA,EUR,14,20110619,5
BRA,EUR,02,20040529,2
BRA,EUR,04,20090330,7
CAN,EUR,11,20120816,10
CAN,EUR,06,20090526,2
CAN,EUR,04,20111204,6
CAN,EUR,04,20010620,1
CAN,EUR,04,20130409,10
CAN,EUR,06,20140602,8
CAN,EUR,02,20131113,4
CAN,EUR,05,20111027,4
CAN,EUR,04,20000218,7
CAN,EUR,01,20101013,4
CAN,EUR,04,20110123,5
CAN,EUR,02,20120727,1
CHE,EUR,05,20110918,4
CHE,EUR,08,20070125,2
CHE,EUR,17,20100107,27
CHE,EUR,07,20101114,6
CHL,EUR,06,20110217,2
CHN,EUR,01,20090312,4
CHN,EUR,01,20141126,2
CHN,EUR,04,20010916,5
CHN,EUR,01,20090129,18
CHN,EUR,06,20000518,18
CHN,EUR,03,20141030,8
CHN,EUR,04,20090301,4
CHN,EUR,04,20141115,4
CHN,EUR,04,20080721,8
CHN,EUR,05,20101002,1
CHN,EUR,05,20140107,8
CHN,EUR,03,20130222,2
CHN,EUR,04,20121014,8
CHN,EUR,05,20010921,14
CHN,EUR,02,20070314,6
CHN,EUR,11,20100907,9
CHN,EUR,04,20060913,4
CHN,EUR,07,20021209,1
CHN,EUR,04,20101004,9
CHN,EUR,06,20100527,6
CHN,EUR,04,20100120,15
CHN,EUR,05,20090522,18
CHN,EUR,05,20081020,3
CHN,EUR,05,20090521,9
CHN,EUR,05,20120620,2
CHN,EUR,06,20100822,4
CHN,EUR,04,20111031,35
CHN,EUR,04,20131105,10
CHN,EUR,01,20130715,5
COD,EUR,03,20081029,18
COG,EUR,08,20030608,2
COL,EUR,10,20141021,2
COL,EUR,05,20140806,2
COL,EUR,04,20010225,4
CUB,EUR,01,20140112,20
CUB,EUR,04,20090527,9
CYP,EUR,06,20110117,1
CYP,EUR,12,20130322,12
CYP,EUR,09,20130706,4
CYP,EUR,01,20120704,10
CYP,EUR,03,20130903,5
CYP,EUR,04,20090624,5
CYP,EUR,04,20101108,7
CYP,EUR,03,20020929,6
CYP,EUR,01,20080612,1
CYP,EUR,05,20140709,10
CYP,EUR,04,20101130,9
CYP,EUR,04,20120706,5
CZE,EUR,01,20140704,6
CZE,EUR,03,20090901,5
CZE,EUR,04,20050429,4
CZE,EUR,09,20120703,2
CZE,EUR,02,20080115,5
CZE,EUR,03,20081117,6
CZE,EUR,12,20020729,4
CZE,EUR,07,20080522,18
CZE,EUR,07,20121026,5
DEU,EUR,04,20110708,7
DEU,EUR,14,20140311,8
DEU,EUR,03,20061010,2
DEU,EUR,03,20100107,11
DEU,EUR,11,20101211,9
DEU,EUR,04,20111128,9
DEU,EUR,02,20140311,4
DEU,EUR,02,20140428,16
DEU,EUR,04,20070623,8
DEU,EUR,08,20100629,2
DEU,EUR,04,20101102,4
DEU,EUR,03,20111031,3
DEU,EUR,04,20131012,8
DEU,EUR,02,20101108,9
DEU,EUR,04,20130125,2
DEU,EUR,10,20090317,2
DEU,EUR,11,20091104,9
DEU,EUR,02,20131113,4
DEU,EUR,10,20071105,4
DEU,EUR,02,20041029,2
DEU,EUR,09,20080707,12
DEU,EUR,04,20131008,20
DEU,EUR,02,20101112,7
DEU,EUR,05,20071104,3
DEU,EUR,04,20110127,8
DEU,EUR,04,20071002,2
DEU,EUR,04,20140513,3
DEU,EUR,07,20100222,2
DEU,EUR,03,20140412,20
DEU,EUR,01,20120719,2
DEU,EUR,07,20120912,8
DEU,EUR,04,20140705,2
DEU,EUR,04,20080804,4
DEU,EUR,13,20100304,2
DEU,EUR,04,20020409,9
DEU,EUR,04,20060809,7
DEU,EUR,08,20090624,4
DEU,EUR,04,20121015,4
DEU,EUR,05,20140313,10
DEU,EUR,07,20140510,6
DEU,EUR,05,20100208,9
DEU,EUR,04,20081130,5
DEU,EUR,03,20061106,5
DEU,EUR,19,20110916,3
DEU,EUR,01,20120515,106
DEU,EUR,12,20091230,2
DEU,EUR,08,20010504,4
DEU,EUR,05,20111028,72
DEU,EUR,02,20101008,5
DEU,EUR,04,20100519,8
DMA,EUR,07,20080607,9
DNK,EUR,03,20090501,1
DNK,EUR,01,20070324,3
DNK,EUR,03,20121010,4
DNK,EUR,04,20150112,10
DNK,EUR,01,20120302,16
DNK,EUR,05,20111104,20
DNK,EUR,02,20120229,9
DNK,EUR,19,20070302,23
DOM,EUR,07,20060926,2
DZA,EUR,04,20131101,3
EAF,EUR,05,20141124,10
EGY,EUR,04,20140209,8
EGY,EUR,05,20141105,2
EGY,EUR,04,20060517,7
EGY,EUR,04,20131129,16
EGY,EUR,04,20150114,2
EGY,EUR,04,20130729,56
EGY,EUR,01,20020904,5
EGY,EUR,04,20140603,6
ERI,EUR,04,20120612,8
ESP,EUR,01,20130708,8
ESP,EUR,01,20120611,6
ESP,EUR,04,20090609,2
ESP,EUR,03,20060613,2
ESP,EUR,05,20090415,12
ESP,EUR,04,20071002,7
ESP,EUR,17,20020422,6
ESP,EUR,11,20110603,13
ESP,EUR,01,20130517,8
ESP,EUR,05,20100501,4
ESP,EUR,04,20141008,100
ESP,EUR,16,20030209,2
ESP,EUR,10,20070109,6
ESP,EUR,04,20140712,1
ESP,EUR,19,20110301,25
ESP,EUR,07,20120929,2
ESP,EUR,02,20141204,2
ESP,EUR,02,20100101,2
ESP,EUR,07,20090204,1
ESP,EUR,19,20120703,2
ESP,EUR,02,20140810,16
ESP,EUR,01,20131205,7
ESP,EUR,04,20100719,2
EST,EUR,07,20141105,4
EST,EUR,03,20020822,1
EST,EUR,04,20020211,8
ETH,EUR,01,20120119,3
ETH,EUR,04,20000522,8
ETH,EUR,09,20070308,5
EUR,EUR,12,20140425,8
EUR,EUR,07,20110415,9
EUR,EUR,02,20120830,10
EUR,EUR,07,20100826,6
EUR,EUR,17,20131218,10
EUR,EUR,03,20120112,2
EUR,EUR,04,20090605,3
EUR,EUR,05,20141104,3
EUR,EUR,12,20100701,6
EUR,EUR,08,20081118,6
EUR,EUR,05,20140627,18
EUR,EUR,09,20140130,6
EUR,EUR,05,20140803,8
EUR,EUR,19,20040623,1
EUR,EUR,12,20141112,10
EUR,EUR,07,20110621,9
EUR,EUR,01,20121209,6
EUR,EUR,05,20070330,2
EUR,EUR,06,20070328,3
EUR,EUR,01,20130422,4
EUR,EUR,01,20140627,24
EUR,EUR,16,20140911,2
EUR,EUR,01,20120223,7
EUR,EUR,02,20021210,5
EUR,EUR,05,20120520,9
EUR,EUR,16,20140429,2
EUR,EUR,13,20110622,4
EUR,EUR,09,20121030,20
EUR,EUR,03,20140331,10
EUR,EUR,02,20130130,5
EUR,EUR,04,20120516,4
EUR,EUR,03,20101019,2
EUR,EUR,01,20041014,18
EUR,EUR,02,20070112,9
EUR,EUR,06,20121009,10
EUR,EUR,05,20120404,36
EUR,EUR,11,20110414,7
EUR,EUR,17,20130322,5
EUR,EUR,02,20140913,1
EUR,EUR,05,20120602,12
EUR,EUR,02,20131002,30
EUR,EUR,19,20140908,8
EUR,EUR,03,20120117,9
EUR,EUR,05,20061121,9
EUR,EUR,11,20140605,10
EUR,EUR,11,20070325,4
EUR,EUR,13,20150120,1
EUR,EUR,05,20140214,20
EUR,EUR,02,20040218,9
EUR,EUR,04,20120229,1
EUR,EUR,08,20130218,10
EUR,EUR,02,20010525,9
EUR,EUR,11,20130818,8
EUR,EUR,07,20120327,2
EUR,EUR,08,20101010,4
EUR,EUR,12,20091224,7
EUR,EUR,12,20090219,9
EUR,EUR,01,20080723,7
EUR,EUR,01,20130204,2
FIN,EUR,03,20101124,2
FIN,EUR,03,20060313,2
FIN,EUR,04,20110510,9
FIN,EUR,04,20060804,17
FIN,EUR,12,20111211,7
FIN,EUR,01,20140828,8
FIN,EUR,04,20091020,3
FIN,EUR,06,20141130,2
FRA,EUR,04,20091010,20
FRA,EUR,01,20120420,4
FRA,EUR,02,20111010,4
FRA,EUR,01,20110301,48
FRA,EUR,09,20130501,8
FRA,EUR,02,20110818,1
FRA,EUR,11,20050805,1
FRA,EUR,07,20111205,4
FRA,EUR,02,20111205,2
FRA,EUR,13,20051028,2
FRA,EUR,07,20080404,9
FRA,EUR,01,20090101,9
FRA,EUR,12,20121012,12
FRA,EUR,03,20081003,12
FRA,EUR,10,20140721,6
FRA,EUR,04,20110510,6
FRA,EUR,12,20090630,7
FRA,EUR,03,20101201,8
FRA,EUR,02,20100927,27
FRA,EUR,04,20090515,2
FRA,EUR,08,20120908,12
FRA,EUR,05,20090228,7
FRA,EUR,17,20000907,4
FRA,EUR,01,20131026,14
FRA,EUR,01,20150102,3
FRA,EUR,05,20080814,5
FRA,EUR,11,20130214,2
FRA,EUR,01,20130924,4
FRA,EUR,12,20070523,9
FRA,EUR,04,20101104,12
FRA,EUR,02,20050806,6
FRA,EUR,04,20001220,5
FRA,EUR,03,20111009,180
FRA,EUR,11,20150116,7
FRA,EUR,02,20120314,9
FRA,EUR,02,20010605,5
FRA,EUR,03,20130621,8
FRA,EUR,19,20130117,182
FRA,EUR,12,20050620,1
FRA,EUR,03,20140819,4
FRA,EUR,03,20011205,2
FRA,EUR,04,20140816,6
FRA,EUR,01,20110117,1
FRA,EUR,05,20090416,1
FRA,EUR,02,20090430,15
FRA,EUR,04,20140814,10
FRA,EUR,04,20000907,1
FRA,EUR,02,20100914,29
FRA,EUR,01,20040923,1
FRA,EUR,04,20130703,7
FRA,EUR,04,20120519,5
FRA,EUR,04,20081230,30
FRA,EUR,01,20131014,3
FRA,EUR,01,20090609,9
FRA,EUR,07,20150117,2
FRA,EUR,04,20081002,5
FRA,EUR,02,20070530,5
FRA,EUR,05,20091010,1
FRA,EUR,19,20120428,3
FRA,EUR,02,20050312,5
FRA,EUR,11,20090729,4
FSM,EUR,04,20110228,2
GBR,EUR,16,20111027,7
GBR,EUR,02,20141114,6
GBR,EUR,01,20140618,3
GBR,EUR,10,20140614,6
GBR,EUR,17,20080204,1
GBR,EUR,19,20110419,8
GBR,EUR,09,20101219,2
GBR,EUR,14,20120408,2
GBR,EUR,07,20131019,5
GBR,EUR,01,20140403,1
GBR,EUR,03,20060915,5
GBR,EUR,03,20100221,2
GBR,EUR,01,20121004,2
GBR,EUR,19,20140728,3
GBR,EUR,12,20140214,1
GBR,EUR,02,20071014,27
GBR,EUR,01,20140130,2
GBR,EUR,08,20060307,9
GBR,EUR,09,20070622,5
GBR,EUR,16,20041101,6
GBR,EUR,13,20150202,5
GBR,EUR,03,20030603,9
GBR,EUR,04,20121211,10
GBR,EUR,05,20101008,4
GBR,EUR,08,20080507,8
GBR,EUR,01,20140719,10
GBR,EUR,14,20111130,18
GBR,EUR,02,20090608,7
GBR,EUR,17,20020125,5
GBR,EUR,08,20090608,5
GBR,EUR,05,20131205,28
GBR,EUR,06,20110427,12
GBR,EUR,05,20140510,4
GBR,EUR,01,20090201,1
GBR,EUR,08,20080127,2
GBR,EUR,05,20090609,2
GBR,EUR,05,20140516,10
GBR,EUR,01,20090405,9
GBR,EUR,12,20121101,10
GBR,EUR,08,20140916,16
GBR,EUR,04,20101202,5
GBR,EUR,13,20131217,10
GBR,EUR,01,20090919,5
GBR,EUR,11,20140103,6
GBR,EUR,01,20140213,4
GBR,EUR,14,20141017,2
GBR,EUR,01,20070615,3
GBR,EUR,06,20110706,4
GBR,EUR,17,20010301,8
GBR,EUR,12,20080611,5
GBR,EUR,02,20120911,6
GBR,EUR,03,20020704,7
GNB,EUR,04,20140603,10
GRC,EUR,01,20150204,11
GRC,EUR,04,20120525,9
GRC,EUR,11,20150125,14
GRC,EUR,04,20091029,9
GRC,EUR,04,20110624,81
GRC,EUR,05,20150208,7
GRC,EUR,04,20150216,3
GRC,EUR,19,20150211,1
GRC,EUR,11,20040613,7
GRC,EUR,04,20120227,5
GRC,EUR,08,20091030,2
GRC,EUR,19,20131117,8
GRC,EUR,03,20140325,10
GRC,EUR,05,20030331,4
GRC,EUR,03,20100919,4
GRC,EUR,05,20090208,18
GRC,EUR,02,20111104,5
GRC,EUR,09,20111012,18
GRC,EUR,02,20110420,6
GRC,EUR,07,20140907,8
GRC,EUR,09,20131221,1
GRC,EUR,04,20130406,2
GRC,EUR,02,20091201,5
GRC,EUR,03,20140904,49
GRC,EUR,01,20121226,2
GRC,EUR,05,20150206,4
GRC,EUR,01,20100423,18
GRC,EUR,08,20140319,2
GRC,EUR,01,20140506,2
GRC,EUR,04,20100426,41
GRC,EUR,03,20111205,3
GRC,EUR,04,20120416,35
GRC,EUR,04,20121122,6
GRC,EUR,02,20030222,3
GTM,EUR,04,20051014,3
HRV,EUR,04,20041217,2
HRV,EUR,04,20130715,15
HRV,EUR,05,20130627,8
HRV,EUR,02,20090312,3
HRV,EUR,04,20001018,7
HRV,EUR,04,20050323,6
HRV,EUR,04,20080311,2
HRV,EUR,03,20051123,4
HRV,EUR,03,20111111,1
HRV,EUR,04,20040611,2
HRV,EUR,04,20121121,10
HRV,EUR,08,20090503,9
HRV,EUR,03,20000215,1
HUN,EUR,04,20120105,1
HUN,EUR,03,20130205,8
HUN,EUR,01,20090202,10
HUN,EUR,05,20110101,12
HUN,EUR,01,20040325,4
HUN,EUR,04,20020222,4
HUN,EUR,03,20110311,2
HUN,EUR,11,20130716,8
HUN,EUR,02,20140102,2
HUN,EUR,08,20140220,6
IDN,EUR,05,20080116,2
IDN,EUR,04,20100915,7
IND,EUR,03,20071125,6
IRL,EUR,01,20140707,2
IRL,EUR,05,20021021,2
IRL,EUR,12,20080714,2
IRL,EUR,04,20141219,104
IRL,EUR,12,20080517,2
IRL,EUR,03,20121217,2
IRL,EUR,05,20050623,5
IRL,EUR,03,20020513,6
IRL,EUR,05,20130128,8
IRL,EUR,07,20130510,5
IRL,EUR,11,20110110,4
IRL,EUR,03,20071120,3
IRL,EUR,04,20080723,5
IRL,EUR,02,20090606,18
IRL,EUR,04,20140426,4
IRL,EUR,02,20110214,9
IRL,EUR,05,20091029,2
IRN,EUR,13,20120216,9
IRN,EUR,16,20090702,4
IRN,EUR,04,20140826,4
IRN,EUR,04,20060606,9
IRN,EUR,04,20140308,46
IRN,EUR,05,20120702,5
IRN,EUR,11,20140104,10
IRN,EUR,04,20070501,14
IRN,EUR,11,20110531,1
IRN,EUR,04,20050430,9
IRN,EUR,16,20120131,5
IRN,EUR,04,20041017,6
IRN,EUR,04,20011218,2
IRN,EUR,06,20120121,1
IRN,EUR,04,20140608,6
IRN,EUR,03,20140807,10
IRN,EUR,05,20080511,9
IRN,EUR,05,20101203,5
IRN,EUR,12,20120405,2
IRN,EUR,04,20010913,3
IRN,EUR,01,20120831,10
IRN,EUR,04,20080304,2
IRN,EUR,04,20120125,17
IRN,EUR,01,20110927,2
IRN,EUR,04,20110829,1
IRN,EUR,12,20071020,10
IRN,EUR,03,20120221,4
IRQ,EUR,05,20140826,4
IRQ,EUR,01,20110202,1
IRQ,EUR,04,20130719,1
IRQ,EUR,01,20130114,2
IRQ,EUR,08,20100204,7
IRQ,EUR,04,20150111,12
ISL,EUR,04,20100105,7
ISL,EUR,04,20130910,5
ISL,EUR,04,20090125,4
ISL,EUR,10,20131018,10
ISR,EUR,04,20121012,4
ISR,EUR,03,20150203,4
ISR,EUR,02,20150102,6
ISR,EUR,16,20001002,2
ISR,EUR,05,20040501,9
ISR,EUR,01,20100221,10
ISR,EUR,12,20121203,6
ISR,EUR,16,20130625,4
ISR,EUR,19,20140722,1
ISR,EUR,08,20040211,2
ISR,EUR,03,20041222,8
ISR,EUR,14,20081229,6
ISR,EUR,01,20060908,2
ISR,EUR,04,20100929,8
ISR,EUR,03,20081109,2
ISR,EUR,17,20090226,4
ISR,EUR,02,20090127,9
ISR,EUR,04,20030718,5
ISR,EUR,05,20050130,2
ITA,EUR,05,20041027,4
ITA,EUR,04,20110621,124
ITA,EUR,04,20140611,10
ITA,EUR,02,20010213,9
ITA,EUR,19,20081014,3
ITA,EUR,04,20140915,6
ITA,EUR,13,20030312,4
ITA,EUR,02,20100827,9
ITA,EUR,11,20090917,1
ITA,EUR,04,20140904,4
ITA,EUR,03,20110109,6
ITA,EUR,08,20000423,6
ITA,EUR,02,20100222,2
ITA,EUR,07,20121030,5
ITA,EUR,04,20150124,7
ITA,EUR,03,20141016,1
ITA,EUR,17,20080110,4
ITA,EUR,11,20030806,7
ITA,EUR,03,20071112,2
ITA,EUR,10,20130711,2
ITA,EUR,03,20111113,9
JAM,EUR,06,20120415,2
JOR,EUR,04,20081009,8
JOR,EUR,04,20101126,8
JOR,EUR,02,20091117,2
JOR,EUR,03,20101011,8
JPN,EUR,17,20130718,10
JPN,EUR,04,20040528,1
JPN,EUR,04,20140801,3
JPN,EUR,01,20110316,9
JPN,EUR,05,20150217,2
JPN,EUR,03,20040716,4
JPN,EUR,04,20081005,18
JPN,EUR,04,20081114,4
JPN,EUR,01,20141124,4
JPN,EUR,07,20111004,10
JPN,EUR,04,20021115,9
JPN,EUR,02,20000509,2
JPN,EUR,03,20100820,14
JPN,EUR,07,20111025,1
KAZ,EUR,04,20000406,18
KEN,EUR,06,20090726,18
KGZ,EUR,04,20010606,4
KOR,EUR,04,20041001,2
KOR,EUR,03,20101001,7
KOR,EUR,06,20040907,1
KOR,EUR,03,20140919,40
KOR,EUR,03,20080611,9
KOR,EUR,04,20010707,1
LBN,EUR,07,20140410,1
LBY,EUR,04,20120912,25
LBY,EUR,11,20110524,16
LBY,EUR,05,20110629,1
LBY,EUR,16,20110325,16
LBY,EUR,04,20090617,18
LBY,EUR,09,20090410,9
LBY,EUR,12,20100216,7
LCA,EUR,07,20080401,9
LCA,EUR,04,20131216,3
LTU,EUR,03,20140627,7
LTU,EUR,03,20130717,30
LTU,EUR,05,20140424,6
LTU,EUR,05,20130712,16
LUX,EUR,08,20141022,16
LUX,EUR,10,20130424,1
LUX,EUR,04,20090325,5
LUX,EUR,04,20120210,3
LUX,EUR,03,20010527,2
LUX,EUR,04,20011018,9
LUX,EUR,04,20141205,6
LUX,EUR,13,20130311,6
LUX,EUR,03,20011005,3
LUX,EUR,14,20140718,6
LUX,EUR,04,20141020,10
LUX,EUR,10,20140602,3
LVA,EUR,02,20020526,9
LVA,EUR,05,20000516,2
LVA,EUR,12,20060622,2
LVA,EUR,07,20140818,72
MAR,EUR,12,20131119,3
MCO,EUR,10,20051017,5
MDA,EUR,03,20091009,18
MDG,EUR,11,20090328,4
MEA,EUR,01,20111106,2
MEA,EUR,04,20030308,2
MEX,EUR,02,20011005,4
MKD,EUR,01,20080514,3
MKD,EUR,04,20050202,4
MKD,EUR,02,20080511,4
MKD,EUR,05,20051021,4
MKD,EUR,02,20040121,4
MKD,EUR,04,20140716,4
MKD,EUR,08,20091202,27
MLT,EUR,07,20130109,10
MLT,EUR,01,20090606,9
MLT,EUR,11,20121230,4
MMR,EUR,08,20120420,9
MMR,EUR,03,20120627,6
MMR,EUR,04,20120412,2
MNG,EUR,04,20140921,9
MOZ,EUR,04,20140403,20
MYS,EUR,03,20110508,9
NAM,EUR,04,20010727,7
NGA,EUR,08,20100705,2
NLD,EUR,05,20041108,9
NLD,EUR,02,20120109,2
NLD,EUR,04,20100915,12
NLD,EUR,04,20140923,2
NLD,EUR,01,20080411,7
NLD,EUR,11,20150119,8
NLD,EUR,04,20111002,5
NLD,EUR,12,20091025,5
NLD,EUR,03,20030520,4
NLD,EUR,04,20060906,4
NLD,EUR,01,20140223,30
NLD,EUR,02,20141009,2
NLD,EUR,11,20120301,7
NLD,EUR,05,20070329,2
NMR,EUR,04,20120713,2
NMR,EUR,01,20091123,3
NMR,EUR,05,20100825,2
NMR,EUR,12,20140510,1
NMR,EUR,05,20090910,7
NOR,EUR,05,20140617,6
NOR,EUR,04,20090224,16
NOR,EUR,01,20121012,20
NOR,EUR,06,20110411,6
NOR,EUR,17,20010315,9
NZL,EUR,11,20140918,2
NZL,EUR,05,20120727,10
NZL,EUR,11,20110913,20
NZL,EUR,17,20140305,6
OMN,EUR,05,20131216,10
PAK,EUR,11,20120428,7
PAK,EUR,04,20100818,8
PAK,EUR,04,20140902,6
PGS,EUR,03,20120514,36
PGS,EUR,01,20041218,5
PHL,EUR,08,20000906,6
PHL,EUR,04,20140514,1
PHL,EUR,09,20031224,4
POL,EUR,01,20111014,2
POL,EUR,04,20040608,1
POL,EUR,07,20120612,1
POL,EUR,19,20091108,3
POL,EUR,04,20080707,4
POL,EUR,11,20070228,18
POL,EUR,04,20140902,6
POL,EUR,07,20010222,2
POL,EUR,01,20090408,3
POL,EUR,19,20141206,2
POL,EUR,02,20050623,1
POL,EUR,04,20120530,4
POL,EUR,04,20070926,9
POL,EUR,04,20080616,2
POL,EUR,03,20001006,1
POL,EUR,07,20011108,5
POL,EUR,04,20071219,7
POL,EUR,04,20070612,9
PRT,EUR,02,20071129,1
PRT,EUR,07,20140805,1
PRT,EUR,01,20000620,7
PRT,EUR,11,20101217,4
PRT,EUR,03,20091129,4
PRT,EUR,05,20091008,5
PRT,EUR,04,20040211,1
PRT,EUR,11,20110706,9
PRT,EUR,08,20141016,20
PRY,EUR,14,20120718,1
PSE,EUR,05,20080306,1
PSE,EUR,05,20011106,8
PSE,EUR,04,20130617,3
PSE,EUR,04,20090301,4
PSE,EUR,01,20110310,2
PSE,EUR,02,20090501,9
QAT,EUR,04,20130508,3
QAT,EUR,03,20100401,7
QAT,EUR,05,20111118,10
QAT,EUR,07,20130831,8
QAT,EUR,06,20120501,6
ROM,EUR,04,20031024,9
RUS,EUR,12,20130916,6
RUS,EUR,09,20090109,4
RUS,EUR,06,20120222,14
RUS,EUR,04,20091209,5
RUS,EUR,04,20090118,15
RUS,EUR,05,20150202,3
RUS,EUR,04,20141219,2
RUS,EUR,09,20140528,2
RUS,EUR,06,20090708,8
RUS,EUR,01,20120619,7
RUS,EUR,01,20020307,2
RUS,EUR,04,20021230,2
RUS,EUR,04,20030708,1
RUS,EUR,18,20120204,2
RUS,EUR,03,20141031,6
RUS,EUR,19,20140328,4
RUS,EUR,01,20020925,2
RUS,EUR,04,20060604,2
RUS,EUR,02,20140131,80
RUS,EUR,10,20141104,4
RUS,EUR,05,20140420,3
RUS,EUR,01,20050510,21
RUS,EUR,12,20140805,8
RUS,EUR,02,20070510,2
RUS,EUR,05,20090904,1
RUS,EUR,01,20070328,3
RUS,EUR,01,20080910,14
RUS,EUR,02,20150218,2
RUS,EUR,01,20140315,5
RUS,EUR,04,20140901,138
RUS,EUR,12,20071121,2
RUS,EUR,05,20000914,4
RUS,EUR,05,20090106,3
RUS,EUR,11,20140731,10
RUS,EUR,11,20080213,18
RUS,EUR,15,20100625,3
RUS,EUR,06,20070508,9
RUS,EUR,17,20140808,2
RUS,EUR,01,20010301,8
RUS,EUR,03,20140103,10
RUS,EUR,02,20080602,7
RUS,EUR,02,20110907,12
RUS,EUR,01,20140408,10
RUS,EUR,11,20140319,16
RUS,EUR,03,20140711,10
RUS,EUR,09,20150217,12
RUS,EUR,06,20140729,2
RUS,EUR,05,20140815,2
RUS,EUR,03,20010912,3
RUS,EUR,03,20070110,1
RUS,EUR,05,20080727,1
RUS,EUR,04,20111031,10
RUS,EUR,04,20080121,4
RUS,EUR,04,20010127,2
RUS,EUR,19,20080914,1
RUS,EUR,04,20121023,16
RUS,EUR,11,20080220,2
RUS,EUR,02,20080627,3
RUS,EUR,03,20030623,5
RUS,EUR,03,20110923,18
RUS,EUR,04,20111130,6
RUS,EUR,02,20131224,10
RUS,EUR,04,20111128,1
RUS,EUR,16,20110205,1
RUS,EUR,03,20140715,5
RUS,EUR,16,20110804,2
RUS,EUR,02,20121221,32
RUS,EUR,16,20070119,7
RUS,EUR,04,20100601,8
RUS,EUR,07,20040615,9
RUS,EUR,03,20001030,18
RUS,EUR,11,20110907,4
RUS,EUR,03,20000413,1
RUS,EUR,05,20001117,4
RUS,EUR,12,20030926,20
RUS,EUR,02,20061109,19
RUS,EUR,06,20010427,8
SAU,EUR,04,20131024,36
SAU,EUR,02,20090528,2
SAU,EUR,06,20100115,5
SAU,EUR,07,20110708,5
SAU,EUR,04,20111102,4
SDN,EUR,03,20130102,2
SDN,EUR,04,20080211,2
SEA,EUR,05,20061030,2
SGP,EUR,10,20100719,9
SMR,EUR,05,20040714,3
SOM,EUR,05,20130726,1
SOM,EUR,04,20131217,4
SRB,EUR,12,20070202,2
SRB,EUR,07,20140910,1
SRB,EUR,04,20130913,10
SRB,EUR,03,20130223,16
SRB,EUR,01,20081014,2
SRB,EUR,05,20030403,5
SRB,EUR,04,20110609,3
SRB,EUR,02,20071222,2
SRB,EUR,03,20100909,1
SRB,EUR,10,20070503,2
SRB,EUR,05,20080421,2
SVK,EUR,05,20080407,4
SVK,EUR,02,20140904,6
SVK,EUR,04,20041112,5
SVK,EUR,04,20110410,1
SVK,EUR,04,20130613,2
SVK,EUR,05,20011126,4
SWE,EUR,11,20090705,2
SWE,EUR,08,20020218,8
SWE,EUR,12,20020914,1
SWE,EUR,17,20070322,3
SWE,EUR,13,20111012,2
SWE,EUR,05,20131112,2
SWE,EUR,18,20141028,4
SWE,EUR,19,20070904,8
SWE,EUR,04,20110921,9
SWE,EUR,06,20120125,1
SWE,EUR,04,20091124,5
SWZ,EUR,06,20080410,9
SYR,EUR,01,20141008,2
SYR,EUR,05,20131216,3
SYR,EUR,05,20091027,2
SYR,EUR,17,20120322,6
SYR,EUR,17,20060519,2
SYR,EUR,04,20120305,8
SYR,EUR,04,20120127,3
SYR,EUR,11,20111008,4
SYR,EUR,04,20111211,4
SYR,EUR,03,20110906,4
TCD,EUR,17,20071030,4
TCD,EUR,02,20071108,6
TCD,EUR,05,20071119,4
THA,EUR,04,20120721,10
THA,EUR,04,20130802,10
THA,EUR,11,20100728,8
THA,EUR,04,20100218,7
THA,EUR,16,20110110,2
TKM,EUR,05,20140305,8
TKM,EUR,01,20080527,1
TTO,EUR,04,20091129,2
TUN,EUR,03,20111215,8
TUN,EUR,03,20110407,2
TUR,EUR,01,20110321,3
TUR,EUR,04,20131022,8
TUR,EUR,04,20040429,6
TUR,EUR,02,20150122,4
TUR,EUR,16,20021210,18
TUR,EUR,01,20000305,5
TUR,EUR,02,20040714,7
TUR,EUR,04,20121120,6
TUR,EUR,02,20110820,18
TUR,EUR,02,20110226,9
TUR,EUR,04,20100924,5
TUR,EUR,01,20070602,4
TUR,EUR,12,20010322,9
TUR,EUR,04,20101019,12
TUR,EUR,04,20011215,1
TUR,EUR,06,20111113,1
TUR,EUR,03,20100215,1
TUR,EUR,04,20080123,2
TUR,EUR,05,20080519,9
TUR,EUR,11,20130728,1
TUR,EUR,01,20140925,10
TUR,EUR,16,20121210,2
TUR,EUR,11,20130919,2
TUR,EUR,11,20110630,2
TUR,EUR,03,20140607,2
TUR,EUR,03,20120429,6
TZA,EUR,06,20091031,14
UGA,EUR,04,20141118,2
UGA,EUR,02,20030915,2
UGA,EUR,19,20080603,7
UKR,EUR,16,20140611,8
UKR,EUR,03,20140724,10
UKR,EUR,04,20090313,2
UKR,EUR,16,20150211,1
UKR,EUR,03,20140904,7
UKR,EUR,01,20131121,1
UKR,EUR,04,20141126,30
UKR,EUR,02,20140316,28
UKR,EUR,05,20111222,7
UKR,EUR,04,20110317,11
UKR,EUR,11,20140218,18
UKR,EUR,12,20140506,1
UKR,EUR,04,20110215,4
UKR,EUR,12,20070423,9
UKR,EUR,04,20140211,16
UKR,EUR,01,20110812,1
UKR,EUR,01,20111013,1
UKR,EUR,05,20020809,2
UKR,EUR,03,20140206,3
UKR,EUR,05,20140504,2
UKR,EUR,19,20081022,9
UKR,EUR,05,20101201,8
UKR,EUR,05,20141012,1
UKR,EUR,16,20131215,6
UKR,EUR,01,20040315,1
UKR,EUR,19,20150213,10
UKR,EUR,04,20100427,3
UKR,EUR,10,20100813,12
UKR,EUR,02,20100125,2
UKR,EUR,01,20140414,9
UKR,EUR,03,20090424,1
UKR,EUR,02,20020916,7
UKR,EUR,05,20030521,18
UKR,EUR,12,20150211,4
UKR,EUR,04,20150210,46
UKR,EUR,05,20141101,20
UKR,EUR,05,20131218,3
UKR,EUR,01,20140117,16
UKR,EUR,01,20140505,2
UKR,EUR,02,20090717,3
UKR,EUR,12,20140315,5
UKR,EUR,12,20131127,14
UKR,EUR,01,20140719,48
UKR,EUR,16,20131126,8
UKR,EUR,04,20140127,10
UKR,EUR,05,20140702,20
UKR,EUR,05,20150202,1
UKR,EUR,09,20150217,6
UKR,EUR,19,20140206,10
UKR,EUR,17,20131209,3
UKR,EUR,11,20120108,4
UKR,EUR,01,20131223,2
UKR,EUR,01,20070325,4
USA,EUR,03,20021115,3
USA,EUR,06,20120427,864
USA,EUR,11,20100908,45
USA,EUR,01,20110309,9
USA,EUR,07,20101008,3
USA,EUR,07,20130709,10
USA,EUR,06,20080720,4
USA,EUR,03,20060626,9
USA,EUR,04,20020909,1
USA,EUR,08,20120408,6
USA,EUR,04,20090321,8
USA,EUR,04,20140624,10
USA,EUR,03,20020625,5
USA,EUR,05,20140831,3
USA,EUR,14,20120111,5
USA,EUR,04,20120220,2
USA,EUR,19,20090805,7
USA,EUR,07,20130801,20
USA,EUR,13,20110820,7
USA,EUR,02,20141212,24
USA,EUR,11,20111205,10
USA,EUR,02,20120422,215
USA,EUR,03,20010410,9
USA,EUR,03,20081003,6
USA,EUR,05,20020827,8
USA,EUR,06,20131213,8
USA,EUR,02,20130909,20
USA,EUR,03,20150126,8
USA,EUR,03,20050301,8
USA,EUR,11,20110628,7
USA,EUR,04,20061209,1
USA,EUR,03,20100120,3
USA,EUR,03,20070730,9
USA,EUR,01,20130207,6
USA,EUR,04,20040611,18
USA,EUR,08,20100915,4
USA,EUR,01,20100507,18
USA,EUR,02,20040811,8
USA,EUR,11,20080910,9
USA,EUR,10,20100128,3
USA,EUR,04,20080115,36
USA,EUR,05,20120705,3
USA,EUR,06,20140707,4
USA,EUR,19,20120320,2
USA,EUR,04,20140319,2
USA,EUR,05,20131127,18
USA,EUR,04,20111215,9
USA,EUR,04,20140702,8
USA,EUR,11,20141218,20
USA,EUR,11,20141121,7
USA,EUR,09,20120229,36
USA,EUR,11,20141124,12
USA,EUR,02,20120514,5
USA,EUR,11,20090731,5
USA,EUR,19,20081008,2
USA,EUR,04,20021115,6
USA,EUR,05,20090510,9
USA,EUR,05,20070813,9
USA,EUR,07,20040711,2
USA,EUR,01,20140811,6
USA,EUR,03,20030428,15
USA,EUR,13,20120619,36
USA,EUR,01,20000524,9
USA,EUR,17,20111228,5
USA,EUR,05,20071201,4
USA,EUR,01,20120408,5
USA,EUR,04,20140830,4
USA,EUR,04,20050110,7
USA,EUR,04,20061009,2
USA,EUR,04,20091007,10
USA,EUR,03,20140204,10
USA,EUR,07,20030909,4
USA,EUR,17,20150101,4
USA,EUR,04,20111024,30
USA,EUR,04,20070420,3
USA,EUR,03,20050420,6
USA,EUR,06,20130925,6
USA,EUR,12,20030526,9
USA,EUR,04,20030730,1
USA,EUR,17,20140410,23
USA,EUR,11,20051105,3
USA,EUR,02,20101109,2
USA,EUR,04,20140525,5
USA,EUR,01,20120618,15
USA,EUR,01,20140815,5
USA,EUR,08,20020827,7
USA,EUR,01,20120628,9
USA,EUR,09,20150209,4
USA,EUR,03,20101002,5
USA,EUR,05,20111228,6
USA,EUR,05,20120622,7
USA,EUR,09,20141005,10
USA,EUR,04,20130907,8
USA,EUR,05,20141029,4
USA,EUR,03,20110902,1
USA,EUR,04,20141208,1
USA,EUR,01,20120413,18
USA,EUR,04,20090506,5
USA,EUR,02,20100928,27
USA,EUR,11,20111023,3
USA,EUR,04,20011128,1
USA,EUR,01,20140826,10
USA,EUR,11,20121204,1
USA,EUR,19,20100805,5
USA,EUR,03,20090519,6
USA,EUR,01,20080402,2
USA,EUR,05,20140906,4
USA,EUR,13,20150110,2
USA,EUR,02,20080808,1
USA,EUR,04,20110625,72
USA,EUR,17,20090313,9
USA,EUR,07,20090911,2
USA,EUR,05,20131231,2
USA,EUR,17,20080321,18
USA,EUR,04,20110428,8
VAT,EUR,04,20091019,5
VAT,EUR,12,20130318,79
VAT,EUR,05,20110320,9
VAT,EUR,03,20091109,10
VEN,EUR,04,20060103,3
VEN,EUR,11,20110921,2
VEN,EUR,06,20141222,2
WST,EUR,01,20091026,5
WST,EUR,04,20080407,4
WST,EUR,03,20121002,2
WST,EUR,04,20081022,4
WST,EUR,03,20030710,9
WST,EUR,04,20140830,1
WST,EUR,05,20021121,16
WST,EUR,05,20121121,3
WST,EUR,08,20041201,5
WST,EUR,05,20100212,6
WST,EUR,04,20070226,9
WST,EUR,13,20110329,1
WST,EUR,09,20010928,2
YEM,EUR,04,20091127,9
ZAF,EUR,06,20030221,4
ZAF,EUR,04,20090909,1
ZMB,EUR,04,20060905,1
ZWE,EUR,12,20021126,4
ZWE,EUR,17,20120219,8
ZWE,EUR,17,20140916,2
ZWE,EUR,06,20130207,2
ZWE,EUR,04,20110505,8
ZWE,EUR,04,20100703,9
AFG,FIN,08,20020109,1
AFR,FIN,11,20100921,3
AUS,FIN,04,20131114,5
AUT,FIN,05,20120907,5
AUT,FIN,08,20111122,2
AUT,FIN,04,20060719,5
AUT,FIN,05,20000726,6
BGR,FIN,04,20021211,5
BLR,FIN,04,20120112,1
CAN,FIN,04,20140726,2
CHN,FIN,03,20130711,32
CHN,FIN,04,20080809,5
CHN,FIN,01,20101016,18
CYP,FIN,01,20000129,2
DEU,FIN,01,20130117,8
DEU,FIN,04,20120503,1
DEU,FIN,03,20100319,8
DNK,FIN,05,20000630,1
DNK,FIN,04,20090330,1
DNK,FIN,05,20000802,1
ESP,FIN,03,20130520,2
EST,FIN,03,20080530,18
ETH,FIN,10,20091112,5
EUR,FIN,04,20001005,1
EUR,FIN,05,20110821,4
EUR,FIN,19,20070726,7
FIN,FIN,04,20080218,2
FIN,FIN,01,20131212,24
FIN,FIN,04,20111004,4
FIN,FIN,04,20130928,3
FIN,FIN,05,20100211,1
FIN,FIN,11,20040711,4
FIN,FIN,04,20120910,26
FIN,FIN,11,20130905,2
FIN,FIN,04,20060619,2
FIN,FIN,14,20141208,4
FIN,FIN,04,20050128,3
FIN,FIN,01,20110418,2
FIN,FIN,04,20130403,10
FIN,FIN,05,20080328,2
FIN,FIN,11,20100430,2
FIN,FIN,05,20110506,4
FIN,FIN,19,20120526,4
FIN,FIN,05,20070905,7
FRA,FIN,11,20120604,9
FRA,FIN,11,20081115,1
FSM,FIN,01,20020423,5
GBR,FIN,04,20090622,3
GBR,FIN,04,20131218,12
GBR,FIN,08,20030724,1
HUN,FIN,11,20050828,2
IND,FIN,05,20080326,16
IRQ,FIN,02,20090812,6
ISR,FIN,03,20121111,24
ITA,FIN,02,20120814,1
ITA,FIN,01,20110303,5
JOR,FIN,04,20060808,5
JOR,FIN,04,20101010,3
JPN,FIN,03,20060910,4
JPN,FIN,03,20100106,9
KAZ,FIN,05,20121022,8
KEN,FIN,06,20110831,5
KOR,FIN,03,20140106,2
KOR,FIN,01,20060908,4
MEX,FIN,03,20120213,9
MYS,FIN,03,20140922,14
NGA,FIN,05,20091129,7
NLD,FIN,17,20111225,2
NOR,FIN,05,20081010,2
PAK,FIN,04,20040707,8
POL,FIN,02,20131121,10
POL,FIN,07,20120112,4
POL,FIN,04,20010426,5
PRT,FIN,05,20110418,12
PRT,FIN,04,20110927,16
RUS,FIN,16,20070719,1
RUS,FIN,08,20000114,1
RUS,FIN,01,20150115,15
RUS,FIN,04,20011227,7
RUS,FIN,04,20091014,4
RUS,FIN,17,20130411,1
RUS,FIN,04,20000812,2
RUS,FIN,04,20020228,10
RUS,FIN,04,20050802,2
SWE,FIN,04,20110303,3
SWE,FIN,05,20111004,1
SWE,FIN,03,20030602,2
TUR,FIN,03,20110927,4
TZA,FIN,06,20131018,10
UKR,FIN,01,20110629,2
UKR,FIN,19,20071110,1
USA,FIN,05,20100830,1
USA,FIN,05,20130616,10
USA,FIN,11,20130905,8
USA,FIN,11,20140808,10
USA,FIN,04,20130619,56
USA,FIN,08,20110301,9
USA,FIN,07,20120920,10
USA,FIN,13,20110113,1
USA,FIN,13,20061207,3
USA,FIN,01,20131128,1
USA,FIN,03,20090407,8
USA,FIN,01,20120919,5
USA,FIN,07,20080731,9
VUT,FIN,02,20010524,1
YEM,FIN,08,20130509,9
AFR,FJI,04,20140205,16
AUS,FJI,04,20141030,4
AUS,FJI,13,20140421,36
AUS,FJI,05,20140410,16
AUS,FJI,01,20141126,2
AUS,FJI,16,20001212,7
AUS,FJI,04,20090712,2
AUS,FJI,10,20110329,9
CHN,FJI,05,20091130,2
CHN,FJI,16,20061206,3
CHN,FJI,07,20141111,4
EUR,FJI,04,20000726,26
EUR,FJI,04,20120903,5
EUR,FJI,04,20140305,5
FJI,FJI,01,20120221,4
FJI,FJI,17,20090813,1
FJI,FJI,05,20110302,5
FJI,FJI,03,20110116,7
FJI,FJI,03,20101208,2
FJI,FJI,05,20140228,8
FJI,FJI,13,20080704,2
FJI,FJI,01,20140204,4
FJI,FJI,05,20130914,6
FJI,FJI,11,20061215,9
FJI,FJI,01,20091104,7
FJI,FJI,01,20120116,5
FJI,FJI,01,20121216,2
FJI,FJI,08,20110726,3
FJI,FJI,05,20140922,4
FJI,FJI,16,20080619,2
FJI,FJI,01,20130616,2
FJI,FJI,14,20110308,9
FJI,FJI,04,20111214,4
FJI,FJI,06,20090504,9
FJI,FJI,01,20140729,8
FJI,FJI,11,20130729,15
FJI,FJI,11,20070208,2
FJI,FJI,03,20090822,2
FJI,FJI,06,20130204,4
GBR,FJI,04,20100906,9
IND,FJI,04,20130514,2
IRL,FJI,07,20140902,4
ISR,FJI,15,20140210,10
LBN,FJI,05,20080629,4
MYS,FJI,08,20070605,6
NZL,FJI,04,20090210,1
NZL,FJI,04,20081103,4
NZL,FJI,05,20140305,2
NZL,FJI,02,20050713,9
NZL,FJI,04,20121111,2
NZL,FJI,03,20100529,9
NZL,FJI,04,20101020,5
NZL,FJI,05,20150131,6
SYR,FJI,10,20140901,6
SYR,FJI,17,20140913,6
THA,FJI,04,20131008,2
TON,FJI,03,20120925,4
TUR,FJI,03,20121130,2
USA,FJI,05,20120103,9
USA,FJI,02,20101209,3
AFG,FRA,04,20080824,4
AFG,FRA,08,20011211,1
AFG,FRA,19,20070924,7
AFG,FRA,19,20110807,131
AFG,FRA,01,20060525,4
AFG,FRA,19,20120204,3
AFG,FRA,03,20080626,1
AFG,FRA,04,20070428,4
AFG,FRA,04,20110417,2
AFG,FRA,19,20100823,12
AFG,FRA,04,20051010,4
AFG,FRA,19,20111025,2
AFG,FRA,18,20141211,6
AFG,FRA,04,20061218,10
AFG,FRA,01,20140513,2
AFR,FRA,02,20081230,2
AFR,FRA,04,20091025,2
AFR,FRA,07,20100221,18
AFR,FRA,05,20060620,2
AFR,FRA,15,20140606,8
AFR,FRA,04,20081125,2
AFR,FRA,19,20141102,8
AFR,FRA,04,20110302,5
AFR,FRA,01,20081223,9
AFR,FRA,04,20080215,2
AFR,FRA,04,20140504,2
AFR,FRA,04,20120314,8
AFR,FRA,19,20140725,2
AFR,FRA,02,20130921,2
AFR,FRA,19,20131107,16
AFR,FRA,05,20070908,45
AGO,FRA,07,20030610,6
AGO,FRA,06,20081104,8
ALB,FRA,19,20000301,2
ARE,FRA,01,20080430,5
ARE,FRA,04,20120621,4
ARE,FRA,05,20070427,4
ARG,FRA,04,20111114,1
ARG,FRA,05,20130927,2
ARG,FRA,05,20150130,6
ARG,FRA,11,20081218,4
ARM,FRA,04,20010410,6
ARM,FRA,04,20141006,6
ARM,FRA,04,20141202,12
ARM,FRA,03,20130511,3
ARM,FRA,04,20130407,2
ARM,FRA,05,20101229,2
ARM,FRA,03,20010409,5
ARM,FRA,04,20090609,2
AUS,FRA,01,20111021,9
AUS,FRA,09,20140327,10
AUS,FRA,10,20080118,2
AUS,FRA,17,20070206,1
AUS,FRA,05,20040422,7
AUS,FRA,09,20121212,2
AUS,FRA,08,20090213,4
AUS,FRA,17,20140407,3
AUS,FRA,01,20131108,1
AUS,FRA,14,20140504,2
AUS,FRA,19,20080529,2
AUT,FRA,19,20080825,2
AUT,FRA,03,20091106,4
AUT,FRA,19,20101006,1
AUT,FRA,04,20100419,1
AZE,FRA,01,20101029,2
AZE,FRA,02,20120206,1
AZE,FRA,04,20120927,8
AZE,FRA,17,20111125,9
AZE,FRA,01,20130405,4
BEL,FRA,06,20141205,8
BEL,FRA,02,20100104,1
BEL,FRA,07,20070911,2
BEL,FRA,03,20140603,6
BEL,FRA,02,20140707,7
BEL,FRA,04,20141023,2
BEL,FRA,04,20130918,4
BEL,FRA,10,20120910,2
BEL,FRA,08,20150130,2
BEL,FRA,01,20140306,6
BEN,FRA,04,20121010,10
BFA,FRA,11,20110209,4
BGD,FRA,01,20091011,2
BGR,FRA,19,20100809,3
BLR,FRA,04,20141226,6
BLR,FRA,14,20110804,2
BOL,FRA,04,20130708,8
BRA,FRA,04,20081223,6
BRA,FRA,02,20030111,1
BRA,FRA,04,20150114,1
BRA,FRA,04,20121105,5
BRN,FRA,05,20120516,5
CAF,FRA,04,20130811,4
CAF,FRA,01,20141224,1
CAF,FRA,15,20131229,1
CAN,FRA,04,20090212,20
CAN,FRA,07,20131022,13
CAN,FRA,17,20140407,6
CAN,FRA,03,20081114,1
CAN,FRA,05,20091124,2
CAN,FRA,02,20110702,1
CAN,FRA,04,20140505,2
CAN,FRA,05,20090806,4
CAN,FRA,04,20110527,10
CAN,FRA,12,20090831,6
CAN,FRA,05,20130620,1
CAN,FRA,04,20081203,1
CAN,FRA,04,20100422,1
CAN,FRA,07,20060322,4
CAN,FRA,03,20030520,1
CAN,FRA,04,20130506,2
CAN,FRA,03,20130429,4
CAN,FRA,11,20120229,4
CAN,FRA,04,20121231,3
CAN,FRA,01,20101206,14
CAN,FRA,03,20070510,14
CAN,FRA,03,20080729,8
CAN,FRA,04,20100617,2
CHE,FRA,17,20111031,10
CHE,FRA,04,20110418,2
CHE,FRA,17,20121113,4
CHE,FRA,09,20121127,3
CHE,FRA,17,20090928,4
CHE,FRA,04,20140402,1
CHE,FRA,04,20050728,1
CHE,FRA,12,20101006,3
CHN,FRA,04,20060627,1
CHN,FRA,03,20090928,36
CHN,FRA,17,20140326,2
CHN,FRA,04,20100420,3
CHN,FRA,04,20140924,1
CHN,FRA,12,20130828,4
CHN,FRA,11,20130726,2
CHN,FRA,01,20110418,7
CHN,FRA,04,20140524,2
CHN,FRA,03,20140701,7
CHN,FRA,04,20120817,12
CHN,FRA,04,20131122,24
CHN,FRA,11,20090422,3
CHN,FRA,03,20110716,2
CHN,FRA,04,20091221,28
CHN,FRA,03,20070409,4
CHN,FRA,04,20131031,10
CHN,FRA,02,20111216,2
CHN,FRA,04,20110526,27
CHN,FRA,03,20091224,7
CHN,FRA,03,20000602,8
CHN,FRA,04,20131007,24
CHN,FRA,04,20130607,1
CHN,FRA,01,20090209,14
CHN,FRA,04,20101206,28
CHN,FRA,03,20140310,1
CHN,FRA,05,20140318,6
CHN,FRA,03,20120423,7
CHN,FRA,09,20140322,4
CHN,FRA,04,20140929,2
CHN,FRA,02,20090210,4
CHN,FRA,01,20080409,2
CIV,FRA,04,20000103,5
CIV,FRA,01,20041105,1
CIV,FRA,11,20030209,2
CIV,FRA,11,20030713,4
CIV,FRA,17,20090510,7
CIV,FRA,04,20010903,3
CIV,FRA,03,20060425,1
CIV,FRA,04,20011019,5
CIV,FRA,04,20030114,6
CMR,FRA,01,20110906,1
CMR,FRA,04,20130315,1
CMR,FRA,04,20090722,3
COD,FRA,05,20091117,9
COL,FRA,03,20120528,15
CUB,FRA,09,20150120,2
CUB,FRA,04,20001208,2
CZE,FRA,04,20080616,6
CZE,FRA,04,20010206,2
CZE,FRA,03,20101029,2
CZE,FRA,06,20010827,7
CZE,FRA,05,20101123,2
DEU,FRA,04,20130917,7
DEU,FRA,01,20080114,2
DEU,FRA,08,20120504,12
DEU,FRA,01,20070222,1
DEU,FRA,04,20141218,14
DEU,FRA,04,20110416,20
DEU,FRA,12,20040628,5
DEU,FRA,01,20120217,2
DEU,FRA,02,20090404,3
DEU,FRA,03,20130617,2
DEU,FRA,05,20130410,12
DEU,FRA,17,20130323,1
DEU,FRA,05,20120518,1
DEU,FRA,04,20111121,1
DEU,FRA,02,20140605,3
DEU,FRA,16,20100421,8
DEU,FRA,07,20130427,1
DEU,FRA,04,20030127,8
DEU,FRA,01,20141120,8
DEU,FRA,04,20130319,1
DEU,FRA,11,20001216,1
DEU,FRA,06,20140606,5
DEU,FRA,04,20010903,8
DEU,FRA,11,20130515,4
DEU,FRA,03,20110816,20
DEU,FRA,04,20150108,2
DEU,FRA,03,20040530,1
DEU,FRA,04,20100130,1
DEU,FRA,05,20130124,1
DEU,FRA,03,20111230,1
DEU,FRA,19,20070328,4
DEU,FRA,05,20140407,2
DEU,FRA,04,20031023,5
DEU,FRA,04,20060511,6
DEU,FRA,04,20031214,6
DEU,FRA,04,20110615,3
DEU,FRA,06,20090416,4
DEU,FRA,03,20120820,1
DEU,FRA,01,20100915,14
DEU,FRA,01,20091109,6
DEU,FRA,08,20101210,4
DEU,FRA,04,20110331,1
DEU,FRA,03,20140204,156
DEU,FRA,14,20131103,2
DEU,FRA,11,20101009,55
DEU,FRA,03,20140321,1
DEU,FRA,04,20060704,12
DEU,FRA,06,20000630,1
DEU,FRA,13,20101028,8
DEU,FRA,05,20040606,8
DEU,FRA,05,20090403,6
DEU,FRA,04,20040121,2
DEU,FRA,13,20141127,4
DEU,FRA,02,20100112,6
DEU,FRA,04,20050307,2
DEU,FRA,16,20080310,2
DEU,FRA,01,20140115,2
DEU,FRA,01,20121210,128
DEU,FRA,03,20081230,2
DEU,FRA,03,20060115,14
DEU,FRA,04,20031112,2
DEU,FRA,04,20041114,5
DEU,FRA,08,20050907,2
DEU,FRA,06,20100603,9
DEU,FRA,01,20141027,10
DEU,FRA,04,20150122,12
DEU,FRA,05,20071009,1
DEU,FRA,04,20120511,4
DEU,FRA,04,20090115,10
DJI,FRA,04,20021218,2
DZA,FRA,19,20130614,1
DZA,FRA,18,20140923,5
DZA,FRA,11,20020226,3
DZA,FRA,11,20010823,6
DZA,FRA,04,20091122,6
DZA,FRA,02,20000617,3
DZA,FRA,10,20040718,1
DZA,FRA,13,20130716,2
DZA,FRA,17,20100623,8
ECU,FRA,04,20080430,9
ECU,FRA,03,20140707,2
ECU,FRA,19,20090914,4
EGY,FRA,07,20040105,1
EGY,FRA,02,20000830,2
EGY,FRA,03,20020624,9
EGY,FRA,18,20090301,3
EGY,FRA,04,20070415,5
EGY,FRA,03,20030827,2
EGY,FRA,04,20091216,7
EGY,FRA,02,20030915,5
EGY,FRA,06,20150215,10
EGY,FRA,01,20061223,6
EGY,FRA,06,20150207,10
EGY,FRA,13,20150113,1
EGY,FRA,04,20130817,48
EGY,FRA,04,20010402,1
EGY,FRA,15,20000912,1
ESP,FRA,04,20071204,2
ESP,FRA,02,20101224,2
ESP,FRA,03,20090222,76
ESP,FRA,17,20140219,3
ESP,FRA,04,20070823,2
ESP,FRA,01,20121116,2
ESP,FRA,01,20101108,1
ESP,FRA,02,20120905,3
ESP,FRA,01,20090702,10
ESP,FRA,04,20130620,4
ESP,FRA,04,20140909,2
ESP,FRA,06,20070109,7
ESP,FRA,02,20150114,2
ESP,FRA,17,20070703,2
ESP,FRA,17,20040402,8
ESP,FRA,05,20141023,4
ESP,FRA,17,20140111,3
ESP,FRA,08,20121008,10
ESP,FRA,04,20020415,7
ESP,FRA,04,20080119,2
ESP,FRA,04,20101031,2
ETH,FRA,05,20111114,3
EUR,FRA,05,20000529,4
EUR,FRA,04,20080521,3
EUR,FRA,04,20090913,4
EUR,FRA,11,20110928,2
EUR,FRA,04,20020719,2
EUR,FRA,17,20140701,10
EUR,FRA,04,20111113,1
EUR,FRA,01,20110510,2
EUR,FRA,14,20150112,14
EUR,FRA,04,20110720,10
EUR,FRA,01,20080411,10
EUR,FRA,04,20090403,3
EUR,FRA,04,20110501,5
EUR,FRA,04,20090930,9
EUR,FRA,02,20121206,10
EUR,FRA,09,20120127,22
EUR,FRA,12,20121128,6
EUR,FRA,16,20061212,32
EUR,FRA,01,20060913,3
EUR,FRA,17,20120831,2
EUR,FRA,14,20100827,4
EUR,FRA,04,20101104,3
EUR,FRA,11,20090430,4
EUR,FRA,01,20120506,3
EUR,FRA,04,20120105,5
EUR,FRA,01,20080208,18
EUR,FRA,02,20100909,6
EUR,FRA,02,20010313,2
EUR,FRA,05,20050826,1
FIN,FRA,04,20120927,13
FIN,FRA,05,20080530,2
FIN,FRA,05,20110620,1
FIN,FRA,08,20130801,5
FIN,FRA,04,20090209,9
FRA,FRA,10,20080103,4
FRA,FRA,14,20130522,8
FRA,FRA,17,20020612,7
FRA,FRA,06,20090121,2
FRA,FRA,12,20090602,14
FRA,FRA,01,20141221,5
FRA,FRA,01,20010618,1
FRA,FRA,11,20080501,5
FRA,FRA,04,20120801,2
FRA,FRA,01,20090616,15
FRA,FRA,19,20120314,49
FRA,FRA,03,20040602,3
FRA,FRA,18,20090521,1
FRA,FRA,01,20100916,2
FRA,FRA,04,20020706,1
FRA,FRA,09,20020521,9
FRA,FRA,07,20140530,2
FRA,FRA,12,20110807,2
FRA,FRA,07,20130114,12
FRA,FRA,11,20020209,6
FRA,FRA,04,20150107,5
FRA,FRA,04,20070426,4
FRA,FRA,04,20041011,2
FRA,FRA,05,20150127,4
FRA,FRA,11,20111020,5
FRA,FRA,17,20070620,2
FRA,FRA,04,20130806,5
FRA,FRA,01,20080714,4
FRA,FRA,01,20100107,6
FRA,FRA,13,20101026,4
FRA,FRA,02,20090111,9
FRA,FRA,11,20150114,91
FRA,FRA,01,20140714,36
FRA,FRA,02,20101113,2
FRA,FRA,16,20090923,2
FRA,FRA,07,20121115,7
FRA,FRA,09,20040314,1
FRA,FRA,01,20070415,4
FRA,FRA,01,20080222,2
FRA,FRA,09,20010702,5
FRA,FRA,17,20131110,1
FRA,FRA,04,20090623,7
FRA,FRA,09,20081123,1
FRA,FRA,17,20080402,1
FRA,FRA,13,20120808,25
FRA,FRA,13,20101002,6
FRA,FRA,05,20140101,8
FRA,FRA,03,20131002,2
FRA,FRA,03,20081031,15
FRA,FRA,05,20080621,17
FRA,FRA,04,20031021,4
FRA,FRA,02,20110912,8
FRA,FRA,03,20080913,5
FRA,FRA,07,20130409,32
FRA,FRA,12,20110310,3
FRA,FRA,04,20051223,1
FRA,FRA,08,20140226,10
FRA,FRA,09,20031218,2
FRA,FRA,11,20040618,6
FRA,FRA,01,20130320,5
FRA,FRA,08,20120929,18
FRA,FRA,19,20110713,2
FRA,FRA,02,20061129,7
FRA,FRA,03,20100707,1
FRA,FRA,10,20111211,2
FRA,FRA,01,20131019,7
FRA,FRA,04,20080715,9
FRA,FRA,19,20141020,4
FRA,FRA,17,20090418,2
FRA,FRA,04,20110725,4
FRA,FRA,14,20130114,6
FRA,FRA,02,20110528,2
FRA,FRA,03,20020227,3
FRA,FRA,17,20000415,4
FRA,FRA,12,20131109,10
FRA,FRA,05,20110426,1
FRA,FRA,04,20021227,5
FRA,FRA,18,20080914,2
FRA,FRA,01,20150119,12
FRA,FRA,17,20101204,19
FRA,FRA,17,20121218,2
FRA,FRA,04,20120424,8
FRA,FRA,02,20120616,10
FRA,FRA,01,20080618,2
FRA,FRA,17,20091014,31
FRA,FRA,04,20150209,4
FRA,FRA,05,20130211,1
FRA,FRA,04,20080226,6
FRA,FRA,05,20130731,2
FRA,FRA,01,20071216,9
FRA,FRA,03,20111007,4
FRA,FRA,04,20140211,31
FRA,FRA,19,20101006,3
FRA,FRA,04,20120218,1
FRA,FRA,01,20110329,12
FRA,FRA,19,20150116,62
FRA,FRA,05,20140529,4
FRA,FRA,08,20020130,14
FRA,FRA,15,20070917,2
FRA,FRA,17,20120305,4
FRA,FRA,11,20090916,13
FRA,FRA,01,20140619,2
FRA,FRA,11,20081021,4
FRA,FRA,02,20110404,2
FRA,FRA,03,20071022,35
FRA,FRA,04,20111009,3
FRA,FRA,11,20100827,17
FRA,FRA,01,20001207,2
FRA,FRA,13,20090402,4
FRA,FRA,08,20140930,2
FRA,FRA,08,20140922,4
FRA,FRA,01,20061116,18
FRA,FRA,11,20010402,3
FRA,FRA,05,20130121,6
FRA,FRA,02,20101008,7
FRA,FRA,01,20140828,8
FRA,FRA,04,20000721,11
FRA,FRA,05,20120615,6
FRA,FRA,19,20071108,4
FRA,FRA,04,20090321,4
FRA,FRA,01,20080211,8
FRA,FRA,07,20100612,2
FRA,FRA,01,20060729,12
FRA,FRA,11,20100708,1
FRA,FRA,04,20141105,267
FRA,FRA,02,20010709,5
FRA,FRA,07,20140527,2
FRA,FRA,04,20090304,8
FRA,FRA,13,20131207,40
FRA,FRA,01,20120427,5
FRA,FRA,02,20020117,4
FRA,FRA,11,20121016,2
FRA,FRA,10,20021206,4
FRA,FRA,01,20090927,19
FRA,FRA,04,20131118,6
FRA,FRA,01,20080630,1
FRA,FRA,01,20110714,2
FRA,FRA,04,20101105,22
FRA,FRA,12,20120702,2
FRA,FRA,03,20121010,1
FRA,FRA,01,20141215,102
FRA,FRA,05,20090111,5
FRA,FRA,04,20130823,12
FRA,FRA,12,20140328,2
FRA,FRA,06,20080117,2
FRA,FRA,05,20080124,4
FRA,FRA,02,20020219,2
FRA,FRA,01,20000114,1
FRA,FRA,04,20100617,5
FRA,FRA,17,20071012,2
FRA,FRA,12,20130417,10
FRA,FRA,01,20121028,12
FRA,FRA,04,20070824,20
FRA,FRA,05,20141020,13
FRA,FRA,13,20130823,62
FRA,FRA,08,20150130,1
FRA,FRA,01,20081206,4
FRA,FRA,05,20060724,2
FRA,FRA,01,20140619,10
FRA,FRA,08,20071203,1
FRA,FRA,04,20050613,1
FRA,FRA,02,20081027,10
FRA,FRA,02,20090918,9
FRA,FRA,01,20110211,9
GAB,FRA,04,20120816,1
GBR,FRA,02,20111002,2
GBR,FRA,17,20100827,6
GBR,FRA,04,20030626,1
GBR,FRA,04,20100818,1
GBR,FRA,05,20120523,8
GBR,FRA,10,20040429,4
GBR,FRA,04,20021111,1
GBR,FRA,04,20090913,3
GBR,FRA,11,20090408,1
GBR,FRA,04,20030116,9
GBR,FRA,04,20100121,4
GBR,FRA,11,20140617,2
GBR,FRA,11,20051212,4
GBR,FRA,04,20080301,5
GBR,FRA,03,20121227,126
GBR,FRA,02,20100831,2
GBR,FRA,03,20080307,2
GBR,FRA,11,20111005,4
GBR,FRA,11,20100131,2
GBR,FRA,05,20090113,3
GBR,FRA,17,20010315,1
GBR,FRA,11,20121127,13
GBR,FRA,01,20140618,9
GBR,FRA,05,20120212,1
GBR,FRA,03,20020712,7
GBR,FRA,06,20120610,2
GBR,FRA,11,20120304,11
GBR,FRA,02,20030215,1
GBR,FRA,04,20110407,18
GBR,FRA,12,20080519,4
GBR,FRA,05,20110109,7
GBR,FRA,05,20090517,7
GBR,FRA,02,20050621,1
GBR,FRA,02,20101129,3
GBR,FRA,01,20110130,1
GBR,FRA,19,20110325,4
GBR,FRA,10,20150111,6
GBR,FRA,17,20140604,2
GBR,FRA,11,20140303,4
GBR,FRA,05,20120723,4
GBR,FRA,04,20110807,2
GBR,FRA,04,20140521,21
GBR,FRA,03,20070815,4
GBR,FRA,08,20120209,4
GBR,FRA,02,20110530,6
GBR,FRA,04,20080803,2
GBR,FRA,11,20080802,2
GBR,FRA,07,20140201,2
GBR,FRA,05,20091203,6
GBR,FRA,05,20120310,4
GBR,FRA,03,20130821,36
GBR,FRA,11,20110801,2
GBR,FRA,04,20130830,2
GBR,FRA,04,20070604,5
GBR,FRA,16,20130811,6
GBR,FRA,04,20041028,3
GBR,FRA,04,20061003,2
GBR,FRA,03,20140328,2
GBR,FRA,04,20060111,8
GBR,FRA,04,20120518,168
GBR,FRA,11,20120417,5
GBR,FRA,06,20130129,1
GBR,FRA,05,20131114,20
GBR,FRA,17,20091214,4
GBR,FRA,19,20140410,14
GBR,FRA,11,20130216,10
GBR,FRA,09,20100922,3
GBR,FRA,02,20150114,2
GEO,FRA,01,20120925,10
GIN,FRA,16,20140730,10
GRC,FRA,03,20120822,8
GRC,FRA,12,20101211,19
GRC,FRA,04,20081212,4
GRC,FRA,04,20120216,8
GRC,FRA,04,20070602,3
GRC,FRA,04,20090916,7
GRC,FRA,03,20110217,1
GRC,FRA,05,20120314,2
GRC,FRA,02,20140401,2
GRD,FRA,06,20091219,4
GTM,FRA,05,20150122,8
HTI,FRA,04,20040310,2
HTI,FRA,04,20110626,15
HTI,FRA,11,20060912,1
HTI,FRA,05,20080309,1
HTI,FRA,04,20101106,1
IDN,FRA,08,20141024,2
IDN,FRA,02,20110104,1
IDN,FRA,06,20140905,4
IDN,FRA,17,20100810,16
IDN,FRA,17,20091001,2
IDN,FRA,17,20140830,18
IDN,FRA,17,20140819,1
IND,FRA,04,20130318,8
IND,FRA,04,20140128,13
IND,FRA,07,20110415,2
IND,FRA,19,20140724,2
IND,FRA,05,20101205,5
IND,FRA,04,20060208,3
IRL,FRA,01,20150112,6
IRL,FRA,03,20150209,1
IRL,FRA,05,20120126,1
IRL,FRA,04,20100224,7
IRL,FRA,11,20131003,4
IRL,FRA,01,20120125,2
IRL,FRA,01,20150121,4
IRL,FRA,03,20101125,2
IRN,FRA,04,20090615,6
IRN,FRA,05,20131124,3
IRN,FRA,11,20110904,5
IRN,FRA,03,20090919,8
IRN,FRA,17,20100517,2
IRN,FRA,05,20071022,13
IRN,FRA,12,20091020,2
IRN,FRA,14,20120923,13
IRN,FRA,05,20120118,1
IRN,FRA,01,20041107,7
IRN,FRA,04,20030226,4
IRN,FRA,04,20070206,6
IRN,FRA,04,20140320,88
IRN,FRA,03,20091020,7
IRN,FRA,14,20030619,5
IRN,FRA,01,20120927,1
IRN,FRA,17,20130206,2
IRQ,FRA,02,20031214,1
IRQ,FRA,05,20080503,3
IRQ,FRA,19,20100821,2
IRQ,FRA,18,20051226,4
IRQ,FRA,04,20090810,3
IRQ,FRA,13,20020827,9
IRQ,FRA,08,20060109,1
IRQ,FRA,13,20120623,20
IRQ,FRA,04,20001202,3
IRQ,FRA,13,20030422,18
IRQ,FRA,07,20050222,4
IRQ,FRA,03,20040609,1
ISR,FRA,05,20150115,2
ISR,FRA,04,20111111,4
ISR,FRA,07,20090220,1
ISR,FRA,19,20120705,2
ISR,FRA,01,20140219,4
ISR,FRA,04,20120326,1
ISR,FRA,04,20040305,3
ISR,FRA,18,20141229,1
ISR,FRA,12,20071005,1
ISR,FRA,05,20050727,5
ISR,FRA,18,20091124,1
ISR,FRA,14,20140726,7
ISR,FRA,07,20150121,2
ISR,FRA,08,20111031,8
ISR,FRA,04,20061109,1
ISR,FRA,10,20090102,5
ISR,FRA,17,20080911,2
ISR,FRA,08,20140725,10
ISR,FRA,07,20141231,1
ISR,FRA,01,20101010,1
ISR,FRA,03,20100215,1
ISR,FRA,05,20090628,2
ISR,FRA,04,20020218,4
ISR,FRA,12,20100728,4
ISR,FRA,10,20060227,3
ISR,FRA,04,20110702,9
ISR,FRA,05,20140524,2
ISR,FRA,03,20000424,2
ISR,FRA,19,20140715,6
ISR,FRA,03,20110122,2
ISR,FRA,04,20090603,3
ISR,FRA,04,20020211,2
ISR,FRA,01,20111018,11
ISR,FRA,03,20000224,5
ISR,FRA,17,20110519,3
ISR,FRA,03,20090117,12
ITA,FRA,04,20110225,8
ITA,FRA,01,20071211,2
ITA,FRA,04,20121218,4
ITA,FRA,04,20140724,2
ITA,FRA,01,20130926,7
ITA,FRA,04,20110325,1
ITA,FRA,01,20110209,21
ITA,FRA,04,20060320,1
ITA,FRA,04,20061122,1
ITA,FRA,04,20140718,4
ITA,FRA,05,20071227,1
ITA,FRA,02,20140418,6
ITA,FRA,04,20100807,2
ITA,FRA,03,20080103,4
ITA,FRA,04,20140911,3
ITA,FRA,01,20101130,2
ITA,FRA,06,20140119,6
ITA,FRA,02,20011228,1
ITA,FRA,11,20150104,4
ITA,FRA,02,20110206,1
ITA,FRA,17,20070319,6
ITA,FRA,04,20010718,7
ITA,FRA,03,20110425,12
ITA,FRA,02,20080225,1
ITA,FRA,17,20101004,7
ITA,FRA,05,20080627,4
ITA,FRA,11,20100915,2
ITA,FRA,05,20110615,1
ITA,FRA,04,20020908,1
ITA,FRA,04,20090513,8
ITA,FRA,01,20030517,7
ITA,FRA,04,20140518,28
ITA,FRA,11,20070621,1
ITA,FRA,03,20140701,8
ITA,FRA,19,20131118,3
ITA,FRA,07,20121003,4
ITA,FRA,02,20121114,3
JOR,FRA,08,20081229,9
JOR,FRA,05,20081024,1
JOR,FRA,05,20000423,1
JOR,FRA,02,20090107,10
JOR,FRA,04,20140523,4
JPN,FRA,01,20120530,2
JPN,FRA,14,20070604,2
JPN,FRA,11,20090110,4
JPN,FRA,14,20130914,10
JPN,FRA,12,20000514,3
JPN,FRA,12,20110315,5
JPN,FRA,11,20090227,2
JPN,FRA,04,20031015,5
JPN,FRA,01,20090731,1
JPN,FRA,04,20131205,10
KAZ,FRA,04,20000701,2
KAZ,FRA,03,20000628,2
KAZ,FRA,03,20141121,8
KEN,FRA,12,20140130,10
KOR,FRA,19,20140331,5
KOR,FRA,04,20140212,2
KOR,FRA,04,20101107,9
KOR,FRA,02,20070318,1
KOR,FRA,04,20111020,5
KWT,FRA,03,20140924,4
LBN,FRA,04,20060825,1
LBN,FRA,04,20131125,12
LBN,FRA,04,20070523,1
LBN,FRA,04,20060215,2
LBY,FRA,05,20101024,9
LBY,FRA,01,20090813,2
LBY,FRA,13,20011027,2
LBY,FRA,07,20140416,12
LBY,FRA,19,20110327,6
LBY,FRA,07,20110630,2
LCA,FRA,12,20121231,10
LUX,FRA,03,20090429,1
LUX,FRA,04,20060615,7
LUX,FRA,04,20070605,4
LUX,FRA,02,20110721,2
LUX,FRA,04,20120509,12
LUX,FRA,04,20001016,7
MAR,FRA,12,20011212,1
MAR,FRA,01,20140620,2
MAR,FRA,12,20140217,6
MCO,FRA,01,20140511,2
MCO,FRA,04,20111026,2
MDA,FRA,07,20140701,2
MDA,FRA,04,20140425,4
MDG,FRA,04,20020707,18
MDG,FRA,04,20090824,2
MDG,FRA,03,20120219,8
MDV,FRA,01,20140523,4
MDV,FRA,07,20090601,7
MDV,FRA,05,20140513,10
MDV,FRA,04,20110609,2
MEA,FRA,01,20140814,4
MEX,FRA,12,20110211,16
MEX,FRA,05,20080510,2
MEX,FRA,11,20130124,18
MEX,FRA,04,20111127,2
MEX,FRA,11,20110406,3
MLI,FRA,06,20130827,10
MLI,FRA,08,20130131,40
MLI,FRA,18,20130203,2
MLI,FRA,08,20141210,2
MLI,FRA,19,20131221,2
MLI,FRA,01,20140803,6
MLI,FRA,19,20131231,62
MLI,FRA,19,20130720,2
MLI,FRA,04,20040310,1
MLI,FRA,03,20130202,12
MLT,FRA,04,20110313,2
MLT,FRA,03,20041022,4
MMR,FRA,04,20110510,9
MOZ,FRA,01,20141012,9
MRT,FRA,04,20041003,2
MYS,FRA,01,20080320,2
MYS,FRA,07,20140326,2
NAM,FRA,02,20081010,5
NER,FRA,04,20130817,7
NER,FRA,08,20150128,5
NER,FRA,01,20070723,3
NER,FRA,01,20081217,4
NER,FRA,04,20141013,2
NER,FRA,08,20140915,10
NER,FRA,06,20021221,8
NGA,FRA,02,20140301,10
NGA,FRA,01,20140301,20
NGA,FRA,07,20140123,4
NLD,FRA,02,20130318,6
NLD,FRA,02,20081231,9
NLD,FRA,04,20110722,1
NLD,FRA,01,20120802,4
NLD,FRA,04,20081217,5
NLD,FRA,17,20131015,1
NLD,FRA,08,20130121,4
NLD,FRA,03,20120619,9
NLD,FRA,04,20100517,7
NMR,FRA,04,20130628,2
NMR,FRA,04,20141111,2
NOR,FRA,04,20130717,12
NZL,FRA,15,20040609,1
NZL,FRA,04,20111004,18
NZL,FRA,03,20060302,4
NZL,FRA,19,20110618,3
NZL,FRA,01,20090806,2
NZL,FRA,01,20110605,9
NZL,FRA,14,20050711,3
NZL,FRA,03,20110318,3
NZL,FRA,03,20110803,4
NZL,FRA,04,20090818,1
OMN,FRA,04,20131026,4
OMN,FRA,04,20140317,1
PAK,FRA,08,20090820,3
PAK,FRA,03,20011103,4
PAK,FRA,04,20101206,3
PAK,FRA,01,20080112,4
PGS,FRA,04,20020716,10
PHL,FRA,01,20111029,3
PHL,FRA,19,20080205,6
PHL,FRA,19,20090216,5
PHL,FRA,04,20120606,9
PHL,FRA,03,20110707,2
PHL,FRA,01,20080411,7
POL,FRA,04,20010724,1
POL,FRA,04,20081206,5
POL,FRA,19,20110501,6
POL,FRA,16,20060707,2
POL,FRA,04,20121106,4
PRK,FRA,12,20090616,2
PRT,FRA,04,20130122,4
PRT,FRA,12,20090703,2
PSE,FRA,04,20140331,13
PSE,FRA,03,20111011,1
PSE,FRA,04,20030527,9
PSE,FRA,19,20140713,20
PSE,FRA,01,20130823,1
PSE,FRA,04,20091203,8
PSE,FRA,04,20100725,1
PSE,FRA,04,20020204,2
PSE,FRA,11,20131121,4
PSE,FRA,10,20121031,8
QAT,FRA,04,20030122,16
QAT,FRA,03,20091020,2
QAT,FRA,04,20041012,1
RUS,FRA,06,20150122,4
RUS,FRA,05,20140331,4
RUS,FRA,04,20081008,6
RUS,FRA,03,20090921,6
RUS,FRA,02,20080828,1
RUS,FRA,03,20130525,18
RUS,FRA,18,20110626,2
RUS,FRA,05,20060716,2
RUS,FRA,05,20101209,8
RUS,FRA,03,20120328,4
RUS,FRA,16,20141106,6
RUS,FRA,19,20141120,5
RUS,FRA,04,20130813,6
RUS,FRA,03,20021112,1
RUS,FRA,17,20010223,1
RUS,FRA,04,20060305,6
RUS,FRA,03,20110803,4
RUS,FRA,06,20140906,66
RUS,FRA,05,20140628,2
RUS,FRA,04,20010707,3
RUS,FRA,04,20120217,5
RUS,FRA,03,20120911,2
RUS,FRA,04,20130630,2
RUS,FRA,11,20000720,4
RUS,FRA,12,20060918,1
RUS,FRA,04,20120410,6
RUS,FRA,01,20090629,8
RUS,FRA,09,20130917,1
RUS,FRA,08,20080906,9
RUS,FRA,04,20120817,6
RUS,FRA,17,20140904,6
RUS,FRA,06,20100208,1
RUS,FRA,04,20090414,7
RUS,FRA,04,20060413,3
RUS,FRA,04,20131106,5
RUS,FRA,03,20030930,1
RUS,FRA,06,20140304,6
RUS,FRA,12,20140903,7
RUS,FRA,03,20141125,16
RUS,FRA,04,20040821,1
RUS,FRA,05,20111119,20
RUS,FRA,07,20141214,6
RUS,FRA,04,20061208,6
RUS,FRA,16,20140306,2
RUS,FRA,04,20010215,2
RUS,FRA,05,20060330,5
RUS,FRA,02,20070111,1
RUS,FRA,05,20030927,7
RUS,FRA,05,20100805,5
RUS,FRA,11,20030228,2
RUS,FRA,04,20110831,14
RUS,FRA,03,20120228,1
RUS,FRA,04,20140916,4
RUS,FRA,04,20131210,4
RUS,FRA,03,20140422,1
RUS,FRA,11,20110621,2
RUS,FRA,03,20140110,7
RUS,FRA,04,20130107,4
RUS,FRA,04,20120425,14
RUS,FRA,11,20120619,4
RUS,FRA,07,20000616,4
RUS,FRA,03,20141215,4
RUS,FRA,01,20150120,1
RWA,FRA,11,20061025,7
RWA,FRA,08,20091026,4
RWA,FRA,11,20140314,8
RWA,FRA,11,20050722,6
RWA,FRA,07,20070524,1
RWA,FRA,03,20100217,4
RWA,FRA,11,20081109,1
SAU,FRA,04,20100825,2
SAU,FRA,04,20140629,4
SAU,FRA,02,20060608,2
SAU,FRA,03,20130824,4
SAU,FRA,01,20091020,2
SAU,FRA,02,20040202,4
SAU,FRA,03,20140329,6
SAU,FRA,04,20050414,9
SAU,FRA,04,20110124,8
SDN,FRA,01,20111104,4
SDN,FRA,04,20090423,6
SDN,FRA,01,20080304,7
SDN,FRA,19,20110522,9
SDN,FRA,04,20100908,9
SDN,FRA,04,20070419,2
SDN,FRA,01,20081113,4
SDN,FRA,17,20140630,13
SEA,FRA,04,20150109,8
SEN,FRA,04,20060701,2
SGP,FRA,05,20141014,12
SGP,FRA,08,20090921,1
SOM,FRA,04,20101011,2
SOM,FRA,07,20090826,2
SOM,FRA,17,20110912,4
SOM,FRA,11,20120109,2
SRB,FRA,17,20100910,4
SRB,FRA,04,20110625,1
SWE,FRA,04,20101201,3
SWE,FRA,17,20070201,7
SWE,FRA,17,20110501,24
SWE,FRA,04,20141106,1
SYC,FRA,06,20140316,10
SYC,FRA,04,20090309,1
SYR,FRA,01,20071027,3
SYR,FRA,04,20120401,1
SYR,FRA,04,20090928,8
SYR,FRA,04,20080704,6
SYR,FRA,13,20150108,6
SYR,FRA,09,20131201,7
SYR,FRA,19,20150112,12
SYR,FRA,03,20120621,8
SYR,FRA,01,20120224,18
SYR,FRA,05,20130711,2
SYR,FRA,04,20140709,12
SYR,FRA,01,20121009,3
SYR,FRA,04,20140118,2
SYR,FRA,04,20080906,8
SYR,FRA,05,20120410,10
SYR,FRA,01,20100913,3
SYR,FRA,04,20130725,9
TCD,FRA,12,20080129,1
TCD,FRA,04,20040219,2
TCD,FRA,04,20080305,3
TGO,FRA,11,20030606,4
THA,FRA,04,20090318,4
THA,FRA,12,20120311,7
THA,FRA,04,20060724,3
THA,FRA,03,20060219,5
TJK,FRA,04,20060519,2
TON,FRA,04,20070925,2
TUN,FRA,04,20111130,6
TUN,FRA,01,20130112,1
TUN,FRA,01,20130206,2
TUN,FRA,05,20110208,4
TUN,FRA,01,20110206,1
TUN,FRA,03,20140418,1
TUN,FRA,04,20140614,1
TUN,FRA,14,20120225,2
TUN,FRA,03,20090916,2
TUR,FRA,11,20110407,1
TUR,FRA,01,20120110,5
TUR,FRA,11,20120106,2
TUR,FRA,08,20101110,25
TUR,FRA,04,20081111,7
TUR,FRA,04,20060907,2
TUR,FRA,11,20111223,25
TUR,FRA,14,20150113,3
TUR,FRA,17,20140911,81
TUR,FRA,04,20111013,5
TUR,FRA,04,20080513,5
TUR,FRA,02,20140727,12
TUR,FRA,19,20070418,7
TUR,FRA,08,20120124,1
TUR,FRA,11,20010130,9
TUR,FRA,02,20091123,2
TUR,FRA,17,20140927,1
TUR,FRA,11,20141103,2
TUR,FRA,06,20051019,2
TUR,FRA,05,20120112,2
TUR,FRA,02,20091013,2
TUR,FRA,06,20010202,2
UKR,FRA,03,20090320,2
UKR,FRA,11,20140301,6
UKR,FRA,03,20150103,8
UKR,FRA,05,20140714,7
UKR,FRA,17,20080211,2
UKR,FRA,04,20110704,9
USA,FRA,04,20140214,6
USA,FRA,04,20150107,90
USA,FRA,07,20111007,1
USA,FRA,04,20070307,8
USA,FRA,17,20080721,18
USA,FRA,17,20121018,14
USA,FRA,04,20130808,4
USA,FRA,11,20140407,2
USA,FRA,13,20140429,36
USA,FRA,19,20140819,6
USA,FRA,03,20141118,4
USA,FRA,11,20130626,2
USA,FRA,03,20101110,3
USA,FRA,06,20140916,6
USA,FRA,11,20120222,53
USA,FRA,06,20090606,8
USA,FRA,04,20080803,2
USA,FRA,03,20060531,8
USA,FRA,04,20070920,14
USA,FRA,05,20131030,3
USA,FRA,07,20100215,1
USA,FRA,04,20111201,9
USA,FRA,05,20150113,6
USA,FRA,02,20100812,2
USA,FRA,11,20030416,2
USA,FRA,05,20090926,5
USA,FRA,06,20141106,20
USA,FRA,04,20060414,6
USA,FRA,11,20101130,10
USA,FRA,06,20100827,4
USA,FRA,02,20130627,1
USA,FRA,03,20100827,2
USA,FRA,17,20140603,30
USA,FRA,04,20110906,12
USA,FRA,04,20120319,16
USA,FRA,04,20080311,3
USA,FRA,04,20100706,1
USA,FRA,04,20070721,2
USA,FRA,04,20101025,7
USA,FRA,17,20100423,2
USA,FRA,05,20140904,12
USA,FRA,11,20110520,10
USA,FRA,17,20140917,10
USA,FRA,04,20140626,234
USA,FRA,01,20090323,2
USA,FRA,01,20141009,4
USA,FRA,01,20110311,9
USA,FRA,05,20111221,6
USA,FRA,09,20090702,3
USA,FRA,05,20070928,4
USA,FRA,18,20140811,2
USA,FRA,04,20061104,5
USA,FRA,04,20110414,2
USA,FRA,19,20080823,1
USA,FRA,03,20140413,20
USA,FRA,01,20140913,14
USA,FRA,11,20140714,6
USA,FRA,07,20041207,13
USA,FRA,04,20110416,12
USA,FRA,19,20090429,6
USA,FRA,06,20130329,4
USA,FRA,03,20140829,8
USA,FRA,07,20111214,2
USA,FRA,03,20120924,10
USA,FRA,04,20120816,3
USA,FRA,07,20130902,10
USA,FRA,03,20140513,2
USA,FRA,03,20100823,2
USA,FRA,19,20090608,7
USA,FRA,03,20110413,8
USA,FRA,19,20121215,2
USA,FRA,01,20110105,3
USA,FRA,19,20030905,6
USA,FRA,16,20081104,4
USA,FRA,02,20140215,5
USA,FRA,09,20070313,4
USA,FRA,04,20141103,7
USA,FRA,11,20100630,5
USA,FRA,02,20040409,2
USA,FRA,07,20070926,10
USA,FRA,04,20120715,30
USA,FRA,05,20120622,1
USA,FRA,10,20120104,4
USA,FRA,19,20150208,2
USA,FRA,12,20120916,2
USA,FRA,05,20030429,14
USA,FRA,07,20140324,28
USA,FRA,04,20120515,6
USA,FRA,03,20080219,8
USA,FRA,04,20020705,9
USA,FRA,04,20090309,5
USA,FRA,04,20100504,3
USA,FRA,04,20081201,18
USA,FRA,05,20130125,1
USA,FRA,03,20070328,12
USA,FRA,01,20110424,4
USA,FRA,11,20011016,2
USA,FRA,01,20110207,5
USA,FRA,05,20110903,47
USA,FRA,11,20101102,5
USA,FRA,11,20120611,4
USA,FRA,07,20110330,11
USA,FRA,01,20141212,5
USA,FRA,04,20130202,6
USA,FRA,11,20121206,2
USA,FRA,04,20060516,11
USA,FRA,04,20141222,30
USA,FRA,11,20130313,2
USA,FRA,08,20140629,4
USA,FRA,04,20141028,8
USA,FRA,04,20111114,1
USA,FRA,03,20040301,3
USA,FRA,02,20120527,9
USA,FRA,11,20150120,2
USA,FRA,18,20120328,1
USA,FRA,04,20090402,1
USA,FRA,05,20000715,2
USA,FRA,04,20040301,2
USA,FRA,04,20001218,2
USA,FRA,01,20140829,8
USA,FRA,02,20080430,6
USA,FRA,16,20130918,8
USA,FRA,11,20070717,12
USA,FRA,03,20061110,2
USA,FRA,11,20140417,2
USA,FRA,17,20140604,2
USA,FRA,05,20121004,6
USA,FRA,01,20100928,8
USA,FRA,04,20110421,62
USA,FRA,03,20050810,1
USA,FRA,03,20141009,4
USA,FRA,05,20110826,8
USA,FRA,01,20090707,10
USA,FRA,10,20140604,6
USA,FRA,01,20111024,50
USA,FRA,09,20110302,4
USA,FRA,02,20131009,1
USA,FRA,01,20050523,1
USA,FRA,04,20140416,8
USA,FRA,03,20020823,1
USA,FRA,17,20020203,4
USA,FRA,17,20140306,4
UZB,FRA,05,20120903,1
VAT,FRA,11,20120319,22
VEN,FRA,08,20080221,7
VEN,FRA,09,20131214,8
VEN,FRA,01,20111011,6
VNM,FRA,01,20130925,4
VNM,FRA,04,20040317,2
VUT,FRA,04,20131002,2
WST,FRA,12,20110412,7
WST,FRA,03,20090325,1
WST,FRA,04,20010826,2
YEM,FRA,04,20121128,5
YEM,FRA,04,20080713,7
YEM,FRA,17,20150118,12
ZAF,FRA,04,20110624,7
ZAF,FRA,14,20120927,4
ZAF,FRA,01,20040303,5
ZMB,FRA,19,20080825,1
ARG,FSM,11,20130130,2
AUS,FSM,11,20101223,2
BRA,FSM,04,20090514,4
CHE,FSM,01,20131101,3
CZE,FSM,03,20070413,4
DEU,FSM,04,20131211,6
EGY,FSM,03,20020101,2
FIN,FSM,04,20090915,4
FRA,FSM,04,20140610,18
FSM,FSM,01,20110419,9
FSM,FSM,12,20140718,2
FSM,FSM,08,20140916,2
GBR,FSM,04,20060620,9
GHA,FSM,04,20140417,2
GHA,FSM,05,20130915,10
GHA,FSM,17,20141010,10
GHA,FSM,01,20090518,6
GHA,FSM,04,20100921,10
GHA,FSM,04,20120907,6
IRN,FSM,11,20070424,2
IRN,FSM,04,20101208,2
IRN,FSM,01,20090427,10
IRQ,FSM,04,20120306,7
IRQ,FSM,01,20040603,9
KEN,FSM,11,20140410,7
KEN,FSM,04,20110405,4
KEN,FSM,04,20110813,4
KGZ,FSM,04,20121127,2
MKD,FSM,04,20090504,12
NGA,FSM,19,20120124,13
PHL,FSM,17,20141014,6
PRK,FSM,03,20031023,2
RUS,FSM,19,20081124,1
RUS,FSM,04,20140402,4
RWA,FSM,04,20090427,3
SAU,FSM,07,20040105,9
SAU,FSM,04,20140127,10
SDN,FSM,03,20030108,9
SGP,FSM,04,20120229,1
SYR,FSM,04,20091221,16
SYR,FSM,11,20130930,2
TCD,FSM,01,20080106,2
UGA,FSM,11,20101223,4
UGA,FSM,04,20051030,2
UGA,FSM,04,20040705,2
UGA,FSM,17,20090615,1
USA,FSM,01,20110428,1
USA,FSM,19,20130228,4
USA,FSM,03,20091224,4
USA,FSM,07,20141201,10
USA,FSM,04,20110520,9
USA,FSM,01,20111118,8
ZAF,FSM,04,20130731,2
AFR,GAB,13,20110916,4
AFR,GAB,01,20100204,10
CHN,GAB,01,20100805,9
CHN,GAB,04,20040201,1
FRA,GAB,03,20090118,6
GAB,GAB,04,20010330,2
GAB,GAB,15,20021029,2
GAB,GAB,02,20140228,3
GAB,GAB,01,20000822,6
GIN,GAB,04,20090916,4
GIN,GAB,04,20060930,1
GNQ,GAB,03,20060217,4
NGA,GAB,04,20130319,4
RWA,GAB,03,20111201,3
TUR,GAB,03,20130108,2
AFG,GBR,05,20100227,2
AFG,GBR,03,20131030,4
AFG,GBR,19,20040607,14
AFG,GBR,17,20100921,10
AFG,GBR,08,20120818,2
AFG,GBR,04,20120907,16
AFG,GBR,04,20120805,132
AFG,GBR,08,20140818,3
AFG,GBR,19,20081221,11
AFG,GBR,04,20060904,1
AFG,GBR,19,20061128,8
AFG,GBR,05,20131007,8
AFG,GBR,13,20070202,2
AFG,GBR,04,20120315,5
AFG,GBR,06,20080129,2
AFG,GBR,19,20090808,7
AFG,GBR,05,20100804,1
AFG,GBR,17,20101121,5
AFG,GBR,15,20091018,4
AFG,GBR,11,20120131,2
AFG,GBR,04,20100509,1
AFG,GBR,19,20090816,52
AFG,GBR,04,20131003,4
AFG,GBR,03,20100908,10
AFG,GBR,19,20110502,3
AFG,GBR,18,20091130,8
AFG,GBR,04,20121223,2
AFG,GBR,10,20111127,3
AFG,GBR,02,20131102,4
AFG,GBR,19,20100214,27
AFG,GBR,01,20110511,3
AFG,GBR,15,20100115,4
AFG,GBR,04,20131029,3
AFG,GBR,04,20070430,12
AFG,GBR,19,20111109,10
AFG,GBR,19,20120915,35
AFG,GBR,04,20011116,4
AFG,GBR,01,20091110,4
AFG,GBR,19,20100209,8
AFG,GBR,05,20080606,1
AFG,GBR,03,20091222,2
AFG,GBR,19,20060924,13
AFG,GBR,03,20100126,13
AFG,GBR,07,20140706,2
AFG,GBR,04,20130218,4
AFG,GBR,19,20080925,8
AFG,GBR,01,20070408,8
AFG,GBR,19,20110617,9
AFG,GBR,19,20110311,3
AFG,GBR,06,20040305,2
AFG,GBR,19,20090515,16
AFR,GBR,04,20091022,5
AFR,GBR,04,20080407,9
AFR,GBR,01,20120222,12
AFR,GBR,04,20100305,2
AFR,GBR,10,20110315,1
AFR,GBR,03,20021205,4
AFR,GBR,04,20081003,1
AFR,GBR,04,20100619,7
AFR,GBR,01,20020403,1
AFR,GBR,04,20110427,5
AFR,GBR,05,20090403,2
AFR,GBR,03,20100804,6
AFR,GBR,03,20090327,4
AFR,GBR,04,20110404,125
AFR,GBR,04,20140506,6
AFR,GBR,03,20100210,7
AFR,GBR,04,20150206,2
AFR,GBR,03,20000319,9
AFR,GBR,04,20121014,2
AFR,GBR,11,20140813,5
AFR,GBR,07,20130614,4
AFR,GBR,01,20080826,12
AFR,GBR,08,20110628,4
AFR,GBR,12,20040827,3
AFR,GBR,08,20090909,5
ALB,GBR,04,20120327,5
ALB,GBR,11,20050806,7
ARE,GBR,04,20120609,2
ARE,GBR,06,20120321,2
ARE,GBR,04,20130823,3
ARE,GBR,05,20140128,1
ARE,GBR,04,20111130,8
ARE,GBR,04,20131124,4
ARE,GBR,04,20130321,3
ARG,GBR,19,20110627,1
ARG,GBR,11,20120403,115
ARG,GBR,04,20110315,3
ARG,GBR,19,20110815,7
ARG,GBR,04,20110923,2
ARG,GBR,05,20100326,8
ARG,GBR,01,20091022,4
ARG,GBR,04,20111117,2
ARG,GBR,10,20070403,1
ARG,GBR,11,20120403,19
ARG,GBR,12,20150128,2
ARG,GBR,10,20120615,4
ARG,GBR,02,20100302,12
ARG,GBR,03,20120608,16
ARG,GBR,11,20100223,4
ARG,GBR,12,20100514,1
ARM,GBR,19,20140323,54
ARM,GBR,14,20091105,5
ARM,GBR,02,20090515,2
ATG,GBR,07,20041113,4
ATG,GBR,19,20140620,12
AUS,GBR,01,20091007,46
AUS,GBR,03,20141117,1
AUS,GBR,04,20110828,10
AUS,GBR,04,20091013,4
AUS,GBR,04,20140727,7
AUS,GBR,02,20130904,2
AUS,GBR,01,20071024,6
AUS,GBR,01,20130519,2
AUS,GBR,01,20120306,2
AUS,GBR,10,20121209,2
AUS,GBR,02,20111105,4
AUS,GBR,11,20100121,26
AUS,GBR,04,20110207,28
AUS,GBR,10,20021023,2
AUS,GBR,04,20130827,10
AUS,GBR,04,20090811,6
AUS,GBR,02,20130827,5
AUS,GBR,17,20140514,64
AUS,GBR,01,20080414,1
AUS,GBR,04,20081104,4
AUS,GBR,02,20090923,9
AUS,GBR,04,20131008,3
AUS,GBR,05,20070511,4
AUS,GBR,03,20120213,21
AUS,GBR,05,20110705,7
AUS,GBR,07,20141029,6
AUS,GBR,02,20140221,8
AUS,GBR,07,20130910,30
AUS,GBR,01,20061103,2
AUS,GBR,06,20101207,11
AUS,GBR,01,20130806,2
AUS,GBR,03,20091207,18
AUS,GBR,04,20110807,2
AUS,GBR,03,20070711,4
AUS,GBR,12,20120310,1
AUS,GBR,16,20090226,1
AUS,GBR,17,20070708,6
AUS,GBR,01,20110707,8
AUS,GBR,02,20070511,9
AUS,GBR,02,20120901,9
AUS,GBR,15,20010920,7
AUS,GBR,03,20110407,2
AUS,GBR,04,20141201,20
AUS,GBR,17,20091007,1
AUS,GBR,04,20130831,10
AUS,GBR,02,20070918,2
AUS,GBR,12,20120817,2
AUS,GBR,02,20130904,8
AUT,GBR,01,20110425,2
AUT,GBR,17,20140131,1
AUT,GBR,12,20140621,8
AUT,GBR,04,20141120,136
AUT,GBR,11,20091019,2
AUT,GBR,04,20061204,2
AUT,GBR,04,20090727,1
AUT,GBR,08,20091022,10
AZE,GBR,04,20110707,19
BEL,GBR,05,20120910,2
BEL,GBR,03,20030320,4
BEL,GBR,04,20141205,4
BEL,GBR,02,20150207,4
BEL,GBR,07,20140710,4
BEL,GBR,07,20000119,2
BEL,GBR,05,20141217,8
BEL,GBR,11,20001020,2
BEL,GBR,04,20081024,1
BEL,GBR,03,20140815,50
BEL,GBR,04,20011030,1
BEL,GBR,06,20100929,7
BEL,GBR,03,20110914,6
BGD,GBR,01,20110125,3
BGD,GBR,04,20110204,2
BGD,GBR,04,20090311,9
BGD,GBR,04,20131103,4
BGR,GBR,05,20131204,1
BGR,GBR,19,20110514,2
BGR,GBR,04,20080526,4
BGR,GBR,03,20090603,2
BHR,GBR,01,20110615,2
BHR,GBR,01,20130809,2
BHR,GBR,01,20110425,16
BLR,GBR,04,20090812,7
BLR,GBR,07,20130323,2
BMU,GBR,01,20070905,6
BRA,GBR,04,20050825,7
BRA,GBR,08,20130819,84
BRA,GBR,08,20110312,24
BRA,GBR,03,20090706,4
BRA,GBR,12,20131219,6
BRA,GBR,11,20130823,1
BTN,GBR,04,20130711,1
CAN,GBR,04,20131129,4
CAN,GBR,07,20080413,2
CAN,GBR,08,20131204,2
CAN,GBR,03,20140403,5
CAN,GBR,01,20041014,7
CAN,GBR,07,20150206,2
CAN,GBR,04,20020601,3
CAN,GBR,03,20140128,1
CAN,GBR,04,20121213,2
CAN,GBR,13,20140826,12
CAN,GBR,04,20120502,7
CAN,GBR,01,20070622,4
CAN,GBR,03,20110217,6
CAN,GBR,11,20130130,4
CAN,GBR,05,20121213,12
CAN,GBR,17,20071210,14
CAN,GBR,11,20121123,4
CAN,GBR,04,20141215,8
CAN,GBR,04,20120703,4
CAN,GBR,17,20101218,4
CAN,GBR,16,20091222,2
CAN,GBR,04,20080801,5
CAN,GBR,17,20141212,1
CAN,GBR,06,20131128,2
CAN,GBR,03,20130612,1
CAN,GBR,11,20080408,1
CAN,GBR,17,20131221,8
CAN,GBR,08,20091105,12
CAN,GBR,04,20090820,10
CAN,GBR,11,20060418,8
CAN,GBR,05,20080121,1
CAN,GBR,03,20011031,3
CAN,GBR,09,20140731,2
CAN,GBR,02,20120301,5
CAN,GBR,07,20131030,2
CAN,GBR,05,20091104,1
CAN,GBR,19,20110126,4
CAN,GBR,07,20070313,6
CAN,GBR,02,20120716,3
CAN,GBR,04,20120316,1
CAN,GBR,03,20080312,3
CAN,GBR,04,20120419,3
CAN,GBR,09,20110825,6
CAN,GBR,03,20110316,6
CAN,GBR,05,20140906,18
CHE,GBR,07,20110128,4
CHE,GBR,04,20090225,1
CHE,GBR,04,20120909,18
CHE,GBR,04,20100501,3
CHE,GBR,04,20100217,1
CHE,GBR,05,20150213,2
CHE,GBR,04,20090707,2
CHE,GBR,01,20131205,4
CHE,GBR,17,20110916,2
CHE,GBR,03,20040921,1
CHE,GBR,05,20141123,6
CHE,GBR,04,20071114,2
CHE,GBR,05,20090130,2
CHE,GBR,05,20101109,9
CHE,GBR,01,20080910,5
CHE,GBR,04,20131109,46
CHE,GBR,04,20130217,2
CHE,GBR,01,20140130,4
CHE,GBR,06,20140703,10
CHN,GBR,04,20040601,2
CHN,GBR,03,20090529,7
CHN,GBR,04,20130305,2
CHN,GBR,03,20130218,64
CHN,GBR,17,20140925,12
CHN,GBR,18,20120918,3
CHN,GBR,18,20060419,4
CHN,GBR,11,20140902,8
CHN,GBR,01,20100323,2
CHN,GBR,04,20100202,12
CHN,GBR,04,20070312,6
CHN,GBR,01,20141006,1
CHN,GBR,08,20110626,1
CHN,GBR,05,20090713,1
CHN,GBR,05,20100223,7
CHN,GBR,01,20081119,2
CHN,GBR,09,20140504,3
CHN,GBR,17,20120818,2
CHN,GBR,04,20140924,1
CHN,GBR,19,20120820,2
CHN,GBR,03,20000520,8
CHN,GBR,08,20130522,6
CHN,GBR,18,20090708,3
CHN,GBR,03,20060715,4
CHN,GBR,04,20090328,25
CHN,GBR,03,20150113,1
CHN,GBR,03,20131201,4
CHN,GBR,04,20020531,4
CHN,GBR,05,20091019,7
CHN,GBR,12,20140804,2
CHN,GBR,13,20131010,5
CHN,GBR,04,20071101,4
CHN,GBR,19,20120502,2
CHN,GBR,03,20141119,2
CHN,GBR,12,20061024,7
CHN,GBR,06,20130211,4
CHN,GBR,04,20120513,12
CHN,GBR,19,20140424,30
CHN,GBR,01,20080423,6
CHN,GBR,04,20101223,7
CHN,GBR,04,20130130,6
CHN,GBR,18,20131009,4
CHN,GBR,04,20120923,7
CHN,GBR,04,20081031,2
CHN,GBR,04,20040427,2
CHN,GBR,19,20120501,24
CHN,GBR,03,20091210,24
CHN,GBR,13,20141008,5
CHN,GBR,09,20120410,20
CHN,GBR,03,20141124,8
CHN,GBR,05,20141024,2
CHN,GBR,07,20091229,1
CHN,GBR,05,20090510,1
CHN,GBR,03,20140604,25
CHN,GBR,18,20130720,7
CHN,GBR,04,20140930,7
CHN,GBR,04,20131110,1
CHN,GBR,16,20120211,6
CHN,GBR,11,20111004,3
CHN,GBR,17,20090930,70
CIV,GBR,03,20150130,4
CIV,GBR,04,20060206,1
COD,GBR,13,20081103,2
COL,GBR,04,20091006,4
COL,GBR,05,20140902,8
CRB,GBR,03,20131125,2
CUB,GBR,04,20141223,4
CUB,GBR,03,20141101,2
CYM,GBR,04,20120926,10
CYP,GBR,04,20130523,16
CYP,GBR,04,20010108,5
CZE,GBR,04,20000702,4
CZE,GBR,04,20140314,6
CZE,GBR,05,20140727,2
CZE,GBR,01,20101011,4
CZE,GBR,04,20110125,2
CZE,GBR,09,20131107,24
DEU,GBR,02,20131114,10
DEU,GBR,03,20100405,2
DEU,GBR,04,20090916,19
DEU,GBR,03,20070511,4
DEU,GBR,04,20100106,7
DEU,GBR,12,20030314,40
DEU,GBR,04,20070225,16
DEU,GBR,04,20080719,2
DEU,GBR,04,20030426,2
DEU,GBR,04,20150122,6
DEU,GBR,13,20140826,8
DEU,GBR,16,20111201,6
DEU,GBR,11,20090215,2
DEU,GBR,04,20060814,7
DEU,GBR,05,20070703,2
DEU,GBR,01,20130515,2
DEU,GBR,03,20081112,30
DEU,GBR,03,20141009,3
DEU,GBR,11,20130618,10
DEU,GBR,11,20140417,8
DEU,GBR,03,20100205,10
DEU,GBR,19,20150107,6
DEU,GBR,02,20120228,3
DEU,GBR,17,20110708,4
DEU,GBR,19,20000318,1
DEU,GBR,04,20130809,6
DEU,GBR,03,20131209,18
DEU,GBR,04,20121015,2
DEU,GBR,04,20050526,1
DEU,GBR,05,20081204,6
DEU,GBR,19,20110422,4
DEU,GBR,19,20140422,2
DEU,GBR,07,20101213,6
DEU,GBR,04,20100907,42
DEU,GBR,19,20060601,1
DEU,GBR,04,20090131,1
DEU,GBR,04,20140726,5
DEU,GBR,01,20100917,5
DEU,GBR,03,20020924,7
DEU,GBR,04,20030411,2
DEU,GBR,04,20090919,40
DEU,GBR,05,20110118,1
DEU,GBR,01,20131211,4
DNK,GBR,03,20110423,12
DNK,GBR,04,20131205,4
DNK,GBR,04,20120317,2
DNK,GBR,04,20091003,5
DNK,GBR,01,20091009,1
DOM,GBR,04,20140822,2
DZA,GBR,11,20000412,1
DZA,GBR,04,20130921,2
ECU,GBR,10,20120820,1
ECU,GBR,04,20081115,4
ECU,GBR,07,20121128,6
ECU,GBR,01,20120818,16
ECU,GBR,01,20120819,4
ECU,GBR,02,20120921,2
ECU,GBR,02,20120705,7
ECU,GBR,07,20130530,3
ECU,GBR,12,20130619,6
EGY,GBR,12,20110130,3
EGY,GBR,04,20070709,2
EGY,GBR,01,20130703,2
EGY,GBR,09,20110527,9
EGY,GBR,02,20140218,10
EGY,GBR,01,20071002,3
EGY,GBR,04,20071012,4
EGY,GBR,11,20050801,1
EGY,GBR,04,20100831,14
EGY,GBR,04,20070709,3
EGY,GBR,04,20121010,2
EGY,GBR,11,20110604,9
ESP,GBR,17,20100207,5
ESP,GBR,08,20090720,6
ESP,GBR,05,20121127,1
ESP,GBR,01,20150210,24
ESP,GBR,15,20120524,2
ESP,GBR,04,20120125,7
ESP,GBR,12,20140917,1
ESP,GBR,17,20070411,2
ESP,GBR,04,20040802,1
ESP,GBR,02,20130905,1
ESP,GBR,19,20111010,3
ESP,GBR,17,20010710,1
ESP,GBR,03,20120510,5
ESP,GBR,01,20131211,2
ESP,GBR,03,20131008,1
ESP,GBR,04,20090112,1
ESP,GBR,11,20130909,2
ESP,GBR,17,20100317,6
ESP,GBR,02,20090813,3
ESP,GBR,04,20051015,3
ESP,GBR,02,20130208,6
ESP,GBR,04,20090506,2
ESP,GBR,04,20121008,2
ESP,GBR,03,20091120,2
ESP,GBR,03,20030419,4
ESP,GBR,04,20140413,8
ESP,GBR,04,20110831,2
ESP,GBR,18,20011114,4
ESP,GBR,01,20060716,9
ESP,GBR,04,20140412,3
EST,GBR,04,20141107,9
EST,GBR,09,20130712,8
EST,GBR,04,20130617,16
ETH,GBR,17,20140716,6
ETH,GBR,19,20130724,3
ETH,GBR,04,20010102,1
ETH,GBR,04,20050614,2
ETH,GBR,03,20090220,1
ETH,GBR,04,20070711,9
EUR,GBR,10,20080312,18
EUR,GBR,03,20070109,16
EUR,GBR,04,20130915,8
EUR,GBR,03,20071213,4
EUR,GBR,17,20101109,14
EUR,GBR,04,20140511,2
EUR,GBR,19,20070510,7
EUR,GBR,17,20111014,1
EUR,GBR,15,20150122,2
EUR,GBR,04,20100529,5
EUR,GBR,16,20140520,10
EUR,GBR,04,20070606,10
EUR,GBR,02,20121023,10
EUR,GBR,01,20120502,7
EUR,GBR,05,20110725,10
EUR,GBR,04,20050309,2
EUR,GBR,04,20040109,9
EUR,GBR,11,20140130,20
EUR,GBR,01,20080118,9
EUR,GBR,17,20140316,10
EUR,GBR,12,20110614,81
EUR,GBR,03,20140908,4
EUR,GBR,04,20111116,2
EUR,GBR,09,20061114,5
EUR,GBR,04,20071026,6
EUR,GBR,06,20140708,5
EUR,GBR,01,20000223,3
EUR,GBR,01,20130620,3
EUR,GBR,08,20090619,4
EUR,GBR,17,20080603,18
EUR,GBR,01,20140306,7
EUR,GBR,04,20140304,2
EUR,GBR,03,20121023,9
EUR,GBR,17,20061112,1
EUR,GBR,07,20140522,8
EUR,GBR,03,20090903,36
EUR,GBR,08,20131211,8
EUR,GBR,19,20141105,2
FIN,GBR,04,20141214,14
FIN,GBR,02,20111118,4
FJI,GBR,04,20130521,6
FRA,GBR,11,20140526,2
FRA,GBR,02,20081003,2
FRA,GBR,19,20030123,2
FRA,GBR,04,20111013,12
FRA,GBR,05,20100521,5
FRA,GBR,06,20120724,1
FRA,GBR,19,20050529,23
FRA,GBR,04,20120917,4
FRA,GBR,04,20131017,16
FRA,GBR,04,20120331,1
FRA,GBR,13,20140707,3
FRA,GBR,01,20141204,3
FRA,GBR,05,20091223,2
FRA,GBR,04,20110104,4
FRA,GBR,09,20090218,7
FRA,GBR,03,20101127,256
FRA,GBR,04,20060705,6
FRA,GBR,03,20080926,4
FRA,GBR,02,20140303,8
FRA,GBR,17,20120914,2
FRA,GBR,04,20110329,12
FRA,GBR,04,20111023,3
FRA,GBR,04,20061027,10
FRA,GBR,04,20120511,1
FRA,GBR,04,20121115,4
FRA,GBR,04,20121214,6
FRA,GBR,17,20110407,4
FRA,GBR,03,20140630,6
FRA,GBR,15,20090607,3
FRA,GBR,01,20131109,2
FRA,GBR,03,20101009,2
FRA,GBR,01,20140410,5
FRA,GBR,04,20060304,6
FRA,GBR,04,20100815,2
FRA,GBR,04,20080708,8
FRA,GBR,03,20080720,9
FRA,GBR,01,20131001,2
FRA,GBR,13,20090213,6
FRA,GBR,04,20140414,24
FRA,GBR,04,20140823,2
FRA,GBR,04,20120630,3
FRA,GBR,11,20000407,7
FRA,GBR,03,20140903,3
FRA,GBR,04,20130126,18
FRA,GBR,04,20060502,4
FRA,GBR,05,20030914,2
FRA,GBR,04,20050707,2
FRA,GBR,08,20010826,9
FRA,GBR,07,20131220,6
FRA,GBR,04,20091202,8
FRA,GBR,05,20130130,5
FRA,GBR,04,20041105,1
FRA,GBR,01,20070608,4
FRA,GBR,11,20090531,6
FRA,GBR,01,20080322,2
FRA,GBR,19,20140804,7
FRA,GBR,01,20070328,1
FRA,GBR,04,20140223,4
FRA,GBR,11,20040512,5
FRA,GBR,16,20010831,4
FRA,GBR,04,20131030,4
FRA,GBR,08,20040407,5
FRA,GBR,11,20091203,4
FRA,GBR,11,20091021,22
FRA,GBR,11,20130129,5
FRA,GBR,03,20070419,3
FRA,GBR,03,20090613,8
FRA,GBR,04,20131126,10
FRA,GBR,04,20111203,4
FRA,GBR,19,20000829,2
FRA,GBR,11,20090712,1
FRA,GBR,04,20130902,7
FRA,GBR,05,20110811,7
FRA,GBR,04,20021224,2
FRA,GBR,05,20140321,24
FSM,GBR,04,20110811,2
GBR,GBR,06,20120823,8
GBR,GBR,04,20030128,5
GBR,GBR,03,20090820,12
GBR,GBR,04,20120225,18
GBR,GBR,19,20040124,1
GBR,GBR,02,20110326,8
GBR,GBR,02,20120118,3
GBR,GBR,08,20120625,2
GBR,GBR,05,20130329,10
GBR,GBR,01,20110729,6
GBR,GBR,04,20110926,4
GBR,GBR,04,20110510,7
GBR,GBR,06,20140501,1
GBR,GBR,05,20130124,10
GBR,GBR,19,20141107,9
GBR,GBR,01,20130805,102
GBR,GBR,04,20090722,1
GBR,GBR,01,20130305,52
GBR,GBR,03,20110113,12
GBR,GBR,04,20011224,3
GBR,GBR,19,20131023,39
GBR,GBR,03,20141013,2
GBR,GBR,05,20100804,9
GBR,GBR,04,20130328,2
GBR,GBR,01,20111027,2
GBR,GBR,01,20120415,8
GBR,GBR,01,20050720,7
GBR,GBR,04,20131120,3
GBR,GBR,01,20140823,9
GBR,GBR,19,20110117,1
GBR,GBR,04,20100112,18
GBR,GBR,12,20140626,4
GBR,GBR,06,20101101,5
GBR,GBR,04,20041018,3
GBR,GBR,01,20071211,1
GBR,GBR,06,20111201,7
GBR,GBR,02,20090331,35
GBR,GBR,01,20070508,7
GBR,GBR,11,20130505,2
GBR,GBR,04,20091111,9
GBR,GBR,17,20110703,2
GBR,GBR,03,20130411,3
GBR,GBR,01,20050609,4
GBR,GBR,11,20091202,10
GBR,GBR,13,20140902,4
GBR,GBR,03,20110302,18
GBR,GBR,11,20040612,5
GBR,GBR,06,20140706,2
GBR,GBR,04,20090901,1
GBR,GBR,17,20130315,3
GBR,GBR,03,20121006,6
GBR,GBR,08,20140507,4
GBR,GBR,19,20030628,2
GBR,GBR,04,20030423,5
GBR,GBR,12,20081128,1
GBR,GBR,03,20130402,5
GBR,GBR,14,20030318,10
GBR,GBR,11,20121103,6
GBR,GBR,17,20140716,6
GBR,GBR,05,20120316,4
GBR,GBR,02,20090421,2
GBR,GBR,09,20081125,5
GBR,GBR,13,20140823,3
GBR,GBR,04,20090228,28
GBR,GBR,17,20120927,10
GBR,GBR,14,20141004,3
GBR,GBR,12,20030810,13
GBR,GBR,02,20090502,10
GBR,GBR,06,20081222,1
GBR,GBR,19,20141102,2
GBR,GBR,13,20121127,20
GBR,GBR,16,20150128,1
GBR,GBR,09,20121112,2
GBR,GBR,07,20081216,4
GBR,GBR,01,20140112,10
GBR,GBR,01,20051015,8
GBR,GBR,05,20081015,9
GBR,GBR,12,20050907,2
GBR,GBR,02,20140206,8
GBR,GBR,08,20091229,9
GBR,GBR,14,20090827,6
GBR,GBR,05,20000314,3
GBR,GBR,17,20081219,5
GBR,GBR,02,20110809,10
GBR,GBR,17,20100216,10
GBR,GBR,19,20030801,10
GBR,GBR,13,20091205,4
GBR,GBR,01,20141128,30
GBR,GBR,14,20030321,5
GBR,GBR,19,20031124,1
GBR,GBR,11,20121214,44
GBR,GBR,02,20110113,5
GBR,GBR,10,20120429,4
GBR,GBR,01,20130612,18
GBR,GBR,04,20150207,1
GBR,GBR,02,20040917,3
GBR,GBR,05,20110205,9
GBR,GBR,04,20000822,2
GBR,GBR,18,20140128,8
GBR,GBR,12,20080828,4
GBR,GBR,01,20141102,12
GBR,GBR,05,20130726,16
GBR,GBR,01,20041004,3
GBR,GBR,03,20101207,7
GBR,GBR,12,20061220,2
GBR,GBR,12,20090514,1
GBR,GBR,03,20110428,9
GBR,GBR,09,20140430,16
GBR,GBR,11,20140713,2
GBR,GBR,17,20131023,7
GBR,GBR,18,20140901,2
GBR,GBR,04,20030108,5
GBR,GBR,01,20090826,6
GBR,GBR,01,20130707,4
GBR,GBR,05,20140819,43
GBR,GBR,10,20120828,5
GBR,GBR,08,20030501,1
GBR,GBR,17,20000320,2
GBR,GBR,01,20080501,5
GBR,GBR,09,20080210,12
GBR,GBR,01,20130823,8
GBR,GBR,11,20130513,4
GBR,GBR,04,20061208,18
GBR,GBR,11,20050812,1
GBR,GBR,04,20110513,32
GBR,GBR,17,20091117,6
GBR,GBR,04,20120812,3
GBR,GBR,17,20121106,1
GBR,GBR,01,20000518,1
GBR,GBR,02,20090617,9
GBR,GBR,17,20120506,12
GBR,GBR,05,20140617,3
GBR,GBR,05,20091218,1
GBR,GBR,01,20091028,18
GBR,GBR,14,20080820,4
GBR,GBR,05,20140916,2
GBR,GBR,02,20030512,2
GBR,GBR,01,20140203,11
GBR,GBR,05,20111119,4
GBR,GBR,02,20080826,4
GBR,GBR,16,20041112,3
GBR,GBR,03,20121206,1
GBR,GBR,03,20091212,7
GBR,GBR,04,20110702,5
GBR,GBR,05,20100810,1
GBR,GBR,01,20130515,16
GBR,GBR,01,20090416,20
GBR,GBR,18,20110519,4
GBR,GBR,04,20080430,8
GBR,GBR,01,20110228,9
GBR,GBR,04,20061215,2
GBR,GBR,05,20051202,8
GBR,GBR,04,20080423,3
GBR,GBR,17,20120910,4
GBR,GBR,04,20140310,22
GBR,GBR,02,20090201,10
GBR,GBR,05,20110126,4
GBR,GBR,12,20100120,2
GBR,GBR,08,20100820,26
GBR,GBR,01,20140601,2
GBR,GBR,04,20121224,5
GBR,GBR,04,20080814,10
GBR,GBR,17,20110701,2
GBR,GBR,02,20140107,15
GBR,GBR,08,20070808,2
GBR,GBR,01,20021022,2
GBR,GBR,06,20120119,4
GBR,GBR,17,20101129,5
GBR,GBR,03,20111227,6
GBR,GBR,03,20120331,4
GBR,GBR,04,20120304,9
GBR,GBR,03,20140620,4
GBR,GBR,17,20090430,2
GBR,GBR,05,20070923,4
GBR,GBR,04,20110627,42
GBR,GBR,17,20120327,1
GBR,GBR,12,20141119,4
GBR,GBR,02,20040714,9
GBR,GBR,01,20130426,4
GBR,GBR,14,20140704,1
GBR,GBR,03,20000502,1
GBR,GBR,19,20141003,1
GBR,GBR,08,20140904,1
GBR,GBR,09,20141228,18
GBR,GBR,19,20070223,6
GBR,GBR,10,20090604,5
GBR,GBR,11,20121220,2
GBR,GBR,04,20090605,27
GBR,GBR,04,20140604,4
GBR,GBR,01,20090620,19
GBR,GBR,05,20070813,4
GBR,GBR,03,20061201,5
GBR,GBR,06,20080116,2
GBR,GBR,11,20130801,6
GBR,GBR,02,20140913,2
GBR,GBR,11,20090608,8
GBR,GBR,14,20131005,2
GBR,GBR,16,20120402,1
GBR,GBR,08,20090701,2
GBR,GBR,03,20140428,5
GBR,GBR,19,20040802,2
GBR,GBR,02,20111106,6
GBR,GBR,03,20000419,4
GBR,GBR,12,20101220,10
GBR,GBR,06,20110801,7
GBR,GBR,01,20030915,2
GBR,GBR,05,20111121,4
GBR,GBR,19,20090620,1
GBR,GBR,11,20141021,16
GBR,GBR,09,20140702,12
GBR,GBR,01,20041114,3
GBR,GBR,01,20070718,6
GBR,GBR,02,20090928,2
GBR,GBR,02,20120611,9
GBR,GBR,05,20091016,9
GBR,GBR,11,20131014,5
GBR,GBR,02,20100429,5
GBR,GBR,05,20110315,3
GBR,GBR,11,20040202,3
GBR,GBR,01,20120104,6
GBR,GBR,17,20121123,8
GBR,GBR,01,20080627,4
GBR,GBR,04,20051208,5
GBR,GBR,04,20090402,33
GBR,GBR,01,20080525,10
GBR,GBR,03,20131005,8
GBR,GBR,06,20020717,3
GBR,GBR,02,20110712,1
GBR,GBR,04,20140919,4
GBR,GBR,17,20130414,2
GBR,GBR,13,20150108,8
GBR,GBR,05,20130702,6
GBR,GBR,05,20150105,14
GBR,GBR,17,20090119,9
GBR,GBR,13,20070914,9
GBR,GBR,15,20140714,10
GBR,GBR,07,20080623,2
GBR,GBR,07,20110704,3
GBR,GBR,01,20071218,7
GBR,GBR,02,20080409,2
GBR,GBR,02,20080304,2
GBR,GBR,10,20020113,2
GBR,GBR,18,20110127,9
GBR,GBR,12,20110304,1
GBR,GBR,01,20090121,8
GBR,GBR,07,20140926,12
GBR,GBR,04,20100129,3
GBR,GBR,08,20000913,1
GBR,GBR,10,20090716,1
GBR,GBR,01,20100326,20
GBR,GBR,19,20110526,12
GBR,GBR,14,20110525,12
GBR,GBR,06,20101027,2
GBR,GBR,02,20070514,7
GBR,GBR,08,20040401,4
GBR,GBR,17,20100119,4
GBR,GBR,09,20111023,15
GBR,GBR,05,20141105,6
GBR,GBR,17,20110705,2
GBR,GBR,17,20141219,5
GHA,GBR,01,20080917,1
GHA,GBR,06,20130311,6
GHA,GBR,17,20080123,6
GMB,GBR,08,20080206,2
GMB,GBR,04,20041122,5
GNQ,GBR,08,20091104,5
GRC,GBR,02,20061211,5
GRC,GBR,03,20140808,6
GRC,GBR,04,20101215,5
GRC,GBR,06,20131017,4
GRC,GBR,04,20061031,1
GRC,GBR,04,20131129,2
GRC,GBR,03,20060123,1
GRC,GBR,05,20141020,24
GRC,GBR,05,20121127,2
GRC,GBR,19,20131009,3
GRC,GBR,16,20120205,1
GRC,GBR,04,20080521,8
GRD,GBR,19,20110715,17
GRD,GBR,17,20130409,1
GTM,GBR,12,20131017,12
HND,GBR,03,20141118,2
HRV,GBR,05,20030706,10
HRV,GBR,01,20141118,10
HTI,GBR,07,20100116,18
HUN,GBR,04,20110909,4
HUN,GBR,04,20140519,2
IDN,GBR,07,20110929,6
IDN,GBR,04,20120530,10
IDN,GBR,04,20111015,2
IND,GBR,04,20090510,3
IND,GBR,04,20090817,7
IND,GBR,04,20141203,4
IND,GBR,04,20110726,1
IND,GBR,03,20121216,4
IND,GBR,04,20081201,4
IND,GBR,01,20110608,6
IND,GBR,11,20110609,7
IND,GBR,06,20090105,9
IND,GBR,04,20141017,1
IND,GBR,11,20080723,2
IND,GBR,04,20140224,1
IND,GBR,01,20120726,5
IND,GBR,01,20101025,3
IND,GBR,04,20150207,6
IND,GBR,01,20111124,2
IND,GBR,03,20100117,7
IRL,GBR,08,20120824,10
IRL,GBR,17,20140815,2
IRL,GBR,04,20091228,4
IRL,GBR,04,20010813,1
IRL,GBR,04,20001020,1
IRL,GBR,04,20110308,2
IRL,GBR,05,20101114,9
IRL,GBR,19,20140521,2
IRL,GBR,05,20140908,18
IRL,GBR,03,20140613,2
IRL,GBR,13,20140912,24
IRL,GBR,04,20061124,2
IRL,GBR,04,20091125,1
IRL,GBR,04,20081023,1
IRL,GBR,08,20111125,2
IRL,GBR,07,20100129,1
IRL,GBR,05,20060823,4
IRL,GBR,05,20141009,4
IRL,GBR,04,20080214,1
IRL,GBR,04,20100202,5
IRL,GBR,02,20140729,4
IRL,GBR,04,20120103,6
IRL,GBR,04,20040917,2
IRL,GBR,04,20141230,10
IRL,GBR,03,20030305,6
IRL,GBR,05,20110127,4
IRL,GBR,04,20140325,3
IRL,GBR,01,20130916,1
IRL,GBR,04,20080616,15
IRL,GBR,05,20080520,2
IRL,GBR,17,20130719,8
IRL,GBR,04,20000204,6
IRL,GBR,12,20130806,4
IRL,GBR,19,20011119,4
IRL,GBR,05,20030420,6
IRL,GBR,13,20100623,1
IRL,GBR,04,20091226,2
IRL,GBR,04,20080205,1
IRL,GBR,04,20070102,9
IRL,GBR,19,20120630,2
IRL,GBR,04,20100522,4
IRN,GBR,05,20140617,18
IRN,GBR,01,20070119,1
IRN,GBR,03,20140126,6
IRN,GBR,18,20080423,1
IRN,GBR,11,20090913,6
IRN,GBR,04,20111103,4
IRN,GBR,11,20110711,1
IRN,GBR,13,20091229,1
IRN,GBR,11,20110216,12
IRN,GBR,08,20070410,8
IRN,GBR,11,20090801,2
IRN,GBR,04,20070405,53
IRN,GBR,16,20041129,2
IRN,GBR,17,20111202,8
IRN,GBR,02,20110121,6
IRN,GBR,06,20100125,1
IRN,GBR,17,20110721,1
IRN,GBR,01,20111213,1
IRN,GBR,11,20040604,8
IRN,GBR,03,20140106,6
IRN,GBR,08,20090808,3
IRN,GBR,02,20110811,8
IRN,GBR,11,20111127,42
IRN,GBR,04,20140725,2
IRN,GBR,05,20140719,88
IRN,GBR,02,20070405,5
IRN,GBR,04,20111202,34
IRN,GBR,01,20031010,4
IRN,GBR,05,20111206,7
IRN,GBR,11,20070807,2
IRN,GBR,06,20120226,13
IRQ,GBR,13,20090514,5
IRQ,GBR,19,20091111,2
IRQ,GBR,04,20030731,4
IRQ,GBR,19,20081013,1
IRQ,GBR,09,20071215,7
IRQ,GBR,19,20100121,6
IRQ,GBR,19,20030929,1
IRQ,GBR,04,20001028,7
IRQ,GBR,04,20071205,4
IRQ,GBR,12,20140716,12
IRQ,GBR,08,20101011,4
IRQ,GBR,01,20140830,4
IRQ,GBR,10,20071002,7
IRQ,GBR,02,20030707,4
IRQ,GBR,12,20041214,2
IRQ,GBR,17,20010106,2
IRQ,GBR,01,20050822,1
IRQ,GBR,02,20030314,12
IRQ,GBR,05,20091213,18
IRQ,GBR,03,20070819,5
IRQ,GBR,19,20060515,7
IRQ,GBR,04,20070705,4
IRQ,GBR,06,20020806,2
IRQ,GBR,04,20060402,37
IRQ,GBR,18,20100720,1
IRQ,GBR,19,20090614,6
IRQ,GBR,04,20110214,35
IRQ,GBR,08,20060517,2
IRQ,GBR,08,20130618,7
IRQ,GBR,04,20090928,1
IRQ,GBR,13,20070704,4
IRQ,GBR,10,20070730,8
IRQ,GBR,04,20030410,8
IRQ,GBR,01,20100112,9
IRQ,GBR,04,20090624,2
IRQ,GBR,19,20030222,9
IRQ,GBR,17,20070329,3
IRQ,GBR,19,20050905,3
IRQ,GBR,18,20040926,1
IRQ,GBR,04,20100427,8
IRQ,GBR,11,20130715,8
ISL,GBR,11,20080206,6
ISR,GBR,18,20150118,1
ISR,GBR,04,20120611,7
ISR,GBR,11,20121202,8
ISR,GBR,04,20120802,6
ISR,GBR,04,20100323,1
ISR,GBR,17,20140224,1
ISR,GBR,09,20140831,2
ISR,GBR,03,20141010,8
ISR,GBR,04,20020703,2
ISR,GBR,04,20100122,6
ISR,GBR,01,20140321,2
ISR,GBR,06,20040128,1
ISR,GBR,04,20050926,5
ISR,GBR,05,20110309,2
ISR,GBR,04,20060613,2
ISR,GBR,05,20110211,2
ISR,GBR,05,20120703,4
ISR,GBR,04,20141119,3
ISR,GBR,19,20050627,6
ISR,GBR,01,20140608,1
ITA,GBR,03,20050923,6
ITA,GBR,19,20130824,4
ITA,GBR,12,20101217,9
ITA,GBR,05,20090313,5
ITA,GBR,04,20110725,15
ITA,GBR,01,20131022,4
ITA,GBR,04,20121122,2
ITA,GBR,04,20100601,1
ITA,GBR,01,20120607,2
ITA,GBR,17,20101227,2
ITA,GBR,04,20140930,1
ITA,GBR,11,20111004,2
ITA,GBR,13,20030131,4
ITA,GBR,17,20050922,7
ITA,GBR,04,20140416,2
ITA,GBR,04,20090119,8
ITA,GBR,04,20110403,30
ITA,GBR,04,20020507,4
ITA,GBR,04,20081112,1
ITA,GBR,11,20110510,1
ITA,GBR,04,20080709,2
ITA,GBR,08,20150213,16
ITA,GBR,10,20091027,4
JAM,GBR,04,20131112,8
JAM,GBR,01,20150111,60
JAM,GBR,04,20140421,6
JAM,GBR,04,20130903,2
JOR,GBR,04,20101103,7
JOR,GBR,11,20000113,1
JOR,GBR,04,20010518,2
JOR,GBR,05,20110309,14
JOR,GBR,04,20130706,10
JOR,GBR,04,20130711,28
JOR,GBR,18,20100822,1
JOR,GBR,04,20070723,3
JOR,GBR,03,20120509,6
JOR,GBR,02,20030605,4
JPN,GBR,04,20080729,9
JPN,GBR,03,20081008,4
JPN,GBR,01,20130110,6
JPN,GBR,07,20071212,4
JPN,GBR,03,20060705,8
JPN,GBR,04,20101004,29
JPN,GBR,11,20120420,3
JPN,GBR,03,20150112,8
JPN,GBR,04,20000108,6
JPN,GBR,03,20130125,1
JPN,GBR,06,20120223,4
JPN,GBR,04,20001215,1
JPN,GBR,03,20090612,6
JPN,GBR,05,20090825,4
JPN,GBR,04,20000510,9
JPN,GBR,04,20140324,52
JPN,GBR,03,20040422,8
JPN,GBR,04,20100714,9
JPN,GBR,11,20020711,9
JPN,GBR,01,20080922,2
JPN,GBR,19,20140410,4
KAZ,GBR,08,20090706,1
KAZ,GBR,06,20040816,1
KAZ,GBR,14,20130628,2
KAZ,GBR,04,20130628,2
KEN,GBR,11,20130606,2
KEN,GBR,01,20000711,5
KEN,GBR,16,20140712,10
KEN,GBR,04,20140820,3
KEN,GBR,10,20000423,4
KEN,GBR,04,20110424,1
KEN,GBR,13,20120715,2
KEN,GBR,01,20080516,6
KEN,GBR,11,20040306,1
KEN,GBR,01,20130108,12
KEN,GBR,09,20130925,9
KEN,GBR,12,20131014,2
KEN,GBR,08,20030705,3
KEN,GBR,05,20070616,2
KEN,GBR,04,20120717,2
KEN,GBR,04,20060211,5
KHM,GBR,04,20110423,2
KHM,GBR,01,20120620,10
KHM,GBR,04,20080815,5
KNA,GBR,04,20090407,18
KNA,GBR,01,20140919,12
KNA,GBR,05,20070130,8
KNA,GBR,04,20071101,7
KNA,GBR,04,20101124,3
KNA,GBR,04,20140919,51
KNA,GBR,04,20090120,63
KNA,GBR,04,20120509,14
KOR,GBR,17,20090811,7
KOR,GBR,03,20010701,1
KOR,GBR,08,20141021,8
KOR,GBR,04,20121027,1
KWT,GBR,04,20120702,4
KWT,GBR,03,20150111,4
KWT,GBR,04,20120126,2
KWT,GBR,03,20121222,2
LBN,GBR,04,20111103,1
LBN,GBR,05,20010913,6
LBN,GBR,01,20080708,2
LBN,GBR,04,20140811,2
LBN,GBR,04,20100227,5
LBN,GBR,04,20081103,5
LBN,GBR,19,20060824,14
LBY,GBR,02,20090709,5
LBY,GBR,05,20060627,4
LBY,GBR,04,20120116,4
LBY,GBR,19,20110404,14
LBY,GBR,19,20120430,2
LBY,GBR,07,20110223,7
LBY,GBR,03,20110412,32
LBY,GBR,08,20111026,4
LBY,GBR,01,20110322,2
LBY,GBR,03,20090428,6
LBY,GBR,05,20110220,2
LBY,GBR,05,20111028,5
LBY,GBR,01,20090815,2
LBY,GBR,03,20100822,7
LBY,GBR,08,20090831,5
LBY,GBR,04,20110902,9
LBY,GBR,07,20110224,5
LKA,GBR,10,20010224,6
LKA,GBR,16,20131110,8
LKA,GBR,05,20000110,1
LKA,GBR,04,20080125,4
LKA,GBR,03,20150212,30
LKA,GBR,04,20131219,8
LKA,GBR,01,20130903,12
LKA,GBR,02,20140718,8
LKA,GBR,02,20080115,1
LKA,GBR,05,20090523,2
LKA,GBR,06,20090715,6
LKA,GBR,04,20140111,19
LSO,GBR,01,20101013,4
LTU,GBR,04,20130206,14
LTU,GBR,05,20030404,12
LTU,GBR,17,20141129,8
LUX,GBR,04,20130213,36
LUX,GBR,03,20011218,2
LUX,GBR,04,20130211,2
LUX,GBR,04,20100112,6
LVA,GBR,05,20071105,3
MAR,GBR,01,20140424,6
MCO,GBR,05,20110111,5
MCO,GBR,01,20130717,8
MCO,GBR,03,20140724,6
MDA,GBR,05,20040423,4
MDV,GBR,04,20120526,9
MEX,GBR,03,20041128,1
MEX,GBR,07,20120411,16
MEX,GBR,05,20060919,11
MLI,GBR,03,20130125,8
MLT,GBR,09,20090517,1
MLT,GBR,01,20130613,1
MLT,GBR,07,20130906,5
MLT,GBR,07,20130811,6
MLT,GBR,19,20141223,3
MLT,GBR,06,20110419,3
MMR,GBR,03,20131009,10
MMR,GBR,01,20140609,3
MMR,GBR,05,20110920,4
MMR,GBR,01,20130213,1
MUS,GBR,08,20100217,9
MWI,GBR,05,20141110,2
MYS,GBR,04,20120523,4
MYS,GBR,19,20150202,6
MYS,GBR,04,20130318,2
MYS,GBR,01,20140812,2
MYS,GBR,05,20130822,4
MYS,GBR,09,20140409,12
MYS,GBR,04,20090807,1
MYS,GBR,04,20080602,3
MYS,GBR,04,20141117,2
MYS,GBR,07,20090220,4
NAM,GBR,17,20001106,2
NGA,GBR,04,20060831,2
NGA,GBR,05,20110620,3
NGA,GBR,15,20120227,2
NGA,GBR,04,20120621,5
NGA,GBR,04,20090616,1
NGA,GBR,01,20020316,4
NGA,GBR,01,20120929,2
NGA,GBR,04,20130723,6
NGA,GBR,03,20071126,2
NGA,GBR,18,20090419,9
NGA,GBR,07,20120309,8
NGA,GBR,04,20090119,1
NGA,GBR,18,20130707,1
NGA,GBR,02,20140513,10
NGA,GBR,04,20110425,24
NLD,GBR,19,20070706,83
NLD,GBR,05,20130715,1
NLD,GBR,17,20120511,2
NLD,GBR,06,20090504,8
NLD,GBR,03,20090213,4
NLD,GBR,01,20141021,8
NLD,GBR,04,20090210,2
NLD,GBR,03,20090223,8
NMR,GBR,04,20130418,4
NMR,GBR,07,20061229,2
NOR,GBR,17,20091201,2
NOR,GBR,20,20130805,6
NOR,GBR,04,20110727,76
NOR,GBR,16,20140923,4
NPL,GBR,03,20140302,4
NPL,GBR,08,20140719,2
NPL,GBR,04,20030215,4
NPL,GBR,03,20140202,8
NZL,GBR,01,20101206,4
NZL,GBR,19,20140103,10
NZL,GBR,03,20140908,1
NZL,GBR,11,20130706,5
NZL,GBR,05,20140304,10
NZL,GBR,04,20110223,13
NZL,GBR,19,20110819,35
NZL,GBR,04,20130902,4
NZL,GBR,19,20040525,7
NZL,GBR,11,20141219,2
NZL,GBR,04,20120716,3
NZL,GBR,04,20140620,4
NZL,GBR,19,20121204,4
NZL,GBR,04,20140411,2
NZL,GBR,19,20101206,16
NZL,GBR,04,20020902,7
NZL,GBR,05,20121212,2
NZL,GBR,04,20121213,24
PAK,GBR,04,20100222,5
PAK,GBR,05,20111202,9
PAK,GBR,17,20080716,15
PAK,GBR,04,20131002,1
PAK,GBR,04,20070430,4
PAK,GBR,18,20120113,5
PAK,GBR,11,20101216,1
PAK,GBR,19,20111119,9
PAK,GBR,11,20110811,4
PAK,GBR,05,20110702,6
PAK,GBR,17,20131011,8
PAK,GBR,04,20080201,5
PAK,GBR,12,20100803,2
PAK,GBR,01,20120508,2
PAK,GBR,11,20050719,1
PAK,GBR,11,20121221,18
PAK,GBR,04,20080104,9
PAK,GBR,04,20120826,1
PAK,GBR,03,20060524,1
PAK,GBR,04,20131111,6
PAK,GBR,04,20131023,2
PAK,GBR,04,20110708,7
PAK,GBR,01,20101130,1
PAK,GBR,04,20130814,8
PAK,GBR,17,20110214,1
PAK,GBR,17,20101115,9
PAK,GBR,11,20070927,7
PAK,GBR,17,20081130,1
PAK,GBR,03,20131028,1
PAK,GBR,11,20090424,3
PAK,GBR,03,20091104,8
PAK,GBR,04,20140524,2
PAN,GBR,08,20140423,2
PER,GBR,11,20130816,8
PER,GBR,17,20130916,2
PER,GBR,17,20130926,3
PHL,GBR,04,20130829,10
PLW,GBR,03,20130808,8
POL,GBR,01,20111214,4
POL,GBR,03,20060925,5
POL,GBR,17,20070531,4
POL,GBR,04,20100610,8
POL,GBR,04,20120718,112
POL,GBR,15,20080221,9
PRK,GBR,11,20140416,12
PRK,GBR,05,20140719,8
PRT,GBR,08,20141021,4
PRT,GBR,16,20060811,3
PRT,GBR,01,20090513,8
PRT,GBR,01,20120929,2
PRT,GBR,03,20100305,2
PRT,GBR,05,20051210,3
PRT,GBR,03,20110123,12
PRT,GBR,11,20131022,4
PSE,GBR,03,20070619,6
PSE,GBR,11,20040707,1
PSE,GBR,03,20110625,2
PSE,GBR,03,20131115,1
PSE,GBR,03,20101102,2
PSE,GBR,05,20121122,1
PSE,GBR,04,20140311,2
PSE,GBR,03,20121128,1
PSE,GBR,04,20100129,1
PSE,GBR,04,20070102,1
PSE,GBR,01,20121129,1
PSE,GBR,01,20030326,14
PSE,GBR,19,20150217,6
QAT,GBR,11,20090525,2
QAT,GBR,05,20140512,20
QAT,GBR,04,20110404,1
QAT,GBR,04,20130223,7
QAT,GBR,08,20150213,10
QAT,GBR,11,20131004,2
RUS,GBR,04,20070712,2
RUS,GBR,03,20111212,24
RUS,GBR,08,20070716,3
RUS,GBR,07,20111129,4
RUS,GBR,01,20150130,12
RUS,GBR,17,20130712,75
RUS,GBR,04,20060217,2
RUS,GBR,11,20130905,10
RUS,GBR,04,20110511,5
RUS,GBR,11,20070413,3
RUS,GBR,02,20080724,2
RUS,GBR,03,20010806,3
RUS,GBR,01,20060102,2
RUS,GBR,17,20100915,1
RUS,GBR,04,20120701,2
RUS,GBR,03,20080707,3
RUS,GBR,09,20120401,2
RUS,GBR,04,20050502,6
RUS,GBR,09,20091211,12
RUS,GBR,04,20131017,6
RUS,GBR,19,20110807,7
RUS,GBR,01,20070222,2
RUS,GBR,03,20110524,2
RUS,GBR,02,20130714,2
RUS,GBR,19,20140609,1
RUS,GBR,17,20010216,2
RUS,GBR,04,20090709,2
RUS,GBR,03,20060220,22
RUS,GBR,01,20000425,2
RUS,GBR,03,20140719,2
RUS,GBR,04,20000413,4
RUS,GBR,11,20031201,4
RUS,GBR,16,20071221,4
RUS,GBR,05,20040912,1
RUS,GBR,17,20071225,10
RUS,GBR,19,20070525,2
RUS,GBR,16,20080225,1
RUS,GBR,03,20120528,48
RUS,GBR,03,20120802,50
RUS,GBR,04,20031218,3
RUS,GBR,01,20081111,2
RUS,GBR,04,20150114,3
RUS,GBR,12,20080702,1
RUS,GBR,11,20081230,14
RUS,GBR,03,20130311,1
RUS,GBR,13,20070718,11
RUS,GBR,08,20131119,14
RUS,GBR,01,20021227,1
RUS,GBR,12,20120204,4
RUS,GBR,06,20140903,2
RUS,GBR,09,20070618,6
RUS,GBR,11,20110418,11
RWA,GBR,04,20021010,4
SAU,GBR,01,20091109,3
SAU,GBR,01,20140114,2
SAU,GBR,01,20150209,6
SAU,GBR,19,20080730,10
SAU,GBR,04,20030116,2
SAU,GBR,06,20140428,6
SAU,GBR,07,20091227,2
SAU,GBR,04,20110317,4
SAU,GBR,04,20130922,20
SAU,GBR,04,20120516,6
SAU,GBR,09,20100124,13
SAU,GBR,07,20121012,10
SAU,GBR,07,20020827,2
SAU,GBR,04,20111028,3
SAU,GBR,04,20070322,2
SAU,GBR,08,20110221,4
SAU,GBR,08,20140527,1
SDN,GBR,04,20031009,1
SDN,GBR,04,20141213,8
SDN,GBR,14,20030322,4
SDN,GBR,01,20140205,2
SDN,GBR,04,20110620,4
SDN,GBR,14,20071130,6
SEA,GBR,04,20070615,18
SEA,GBR,01,20120220,2
SEA,GBR,02,20071007,14
SEN,GBR,11,20081024,7
SGP,GBR,04,20060918,10
SGP,GBR,17,20101102,35
SGP,GBR,19,20110410,2
SGP,GBR,08,20110708,3
SGP,GBR,03,20090223,1
SGP,GBR,01,20140902,2
SGP,GBR,17,20140304,25
SGP,GBR,01,20131025,6
SLB,GBR,04,20140524,10
SLE,GBR,04,20150126,24
SLE,GBR,04,20001116,4
SLE,GBR,07,20100317,5
SLV,GBR,03,20110401,2
SLV,GBR,03,20120715,2
SOM,GBR,04,20040428,2
SOM,GBR,03,20130127,16
SOM,GBR,04,20080122,4
SOM,GBR,04,20130103,2
SOM,GBR,17,20070604,1
SOM,GBR,04,20120223,2
SOM,GBR,04,20061220,4
SOM,GBR,18,20111104,12
SOM,GBR,04,20061221,2
SOM,GBR,11,20130113,6
SSD,GBR,02,20131216,2
SUR,GBR,17,20010606,6
SVK,GBR,17,20110610,4
SVK,GBR,07,20051207,5
SVK,GBR,11,20101015,12
SWE,GBR,13,20140918,1
SWE,GBR,04,20080804,14
SWE,GBR,17,20111102,4
SWE,GBR,04,20130724,1
SWE,GBR,05,20141113,9
SWE,GBR,03,20101202,2
SWE,GBR,12,20101202,1
SWE,GBR,19,20120202,2
SWE,GBR,18,20110125,2
SWE,GBR,01,20120905,3
SWE,GBR,01,20060810,1
SWZ,GBR,01,20080726,1
SWZ,GBR,04,20030614,6
SWZ,GBR,07,20110414,14
SYC,GBR,17,20101015,1
SYC,GBR,04,20120229,22
SYR,GBR,04,20141108,8
SYR,GBR,09,20120303,104
SYR,GBR,19,20141110,6
SYR,GBR,04,20120616,3
SYR,GBR,04,20101202,7
SYR,GBR,04,20140423,16
SYR,GBR,01,20130327,12
SYR,GBR,19,20130826,3
SYR,GBR,08,20010102,2
SYR,GBR,19,20110721,2
SYR,GBR,17,20150120,2
SYR,GBR,04,20141109,8
SYR,GBR,02,20140606,6
SYR,GBR,09,20141017,6
SYR,GBR,19,20130701,2
SYR,GBR,04,20140621,6
SYR,GBR,17,20081003,27
SYR,GBR,04,20070529,3
SYR,GBR,11,20141219,20
SYR,GBR,05,20131227,4
SYR,GBR,06,20141204,8
SYR,GBR,17,20140813,16
SYR,GBR,04,20131224,6
SYR,GBR,17,20141126,28
TCD,GBR,19,20141220,30
THA,GBR,01,20120816,3
THA,GBR,18,20141006,8
THA,GBR,08,20131021,1
THA,GBR,03,20130921,1
THA,GBR,03,20141014,8
THA,GBR,03,20001127,4
THA,GBR,02,20060106,1
THA,GBR,03,20140211,1
THA,GBR,04,20130801,2
THA,GBR,03,20111016,1
TTO,GBR,04,20140113,2
TUN,GBR,04,20110306,6
TUR,GBR,04,20100210,1
TUR,GBR,03,20080401,5
TUR,GBR,05,20080911,5
TUR,GBR,15,20001009,2
TUR,GBR,18,20050421,4
TUR,GBR,04,20110502,4
TUR,GBR,04,20100305,1
TUR,GBR,04,20140924,8
TUR,GBR,04,20110709,15
TUR,GBR,10,20001219,2
TUR,GBR,19,20050827,2
TUR,GBR,11,20120304,4
TUR,GBR,11,20110114,2
TZA,GBR,11,20020331,5
TZA,GBR,04,20030227,5
UGA,GBR,04,20090130,2
UGA,GBR,01,20091110,2
UGA,GBR,01,20010409,7
UGA,GBR,02,20100610,5
UGA,GBR,04,20061122,9
UKR,GBR,01,20140830,2
UKR,GBR,04,20140314,2
UKR,GBR,13,20120109,4
USA,GBR,09,20140410,2
USA,GBR,02,20090107,2
USA,GBR,06,20130627,6
USA,GBR,04,20121111,1
USA,GBR,05,20101001,8
USA,GBR,05,20090904,2
USA,GBR,01,20000224,1
USA,GBR,04,20140926,8
USA,GBR,17,20100926,7
USA,GBR,09,20081118,1
USA,GBR,06,20140915,10
USA,GBR,03,20061204,8
USA,GBR,07,20050503,3
USA,GBR,04,20140201,3
USA,GBR,01,20100916,27
USA,GBR,03,20120804,2
USA,GBR,03,20111122,6
USA,GBR,12,20031201,8
USA,GBR,03,20130325,30
USA,GBR,12,20130903,4
USA,GBR,04,20110317,18
USA,GBR,04,20120312,18
USA,GBR,05,20051028,2
USA,GBR,04,20010426,1
USA,GBR,05,20130618,3
USA,GBR,04,20140719,12
USA,GBR,19,20120720,6
USA,GBR,04,20100521,3
USA,GBR,18,20130923,2
USA,GBR,17,20110115,2
USA,GBR,05,20101110,13
USA,GBR,02,20110908,525
USA,GBR,04,20131023,4
USA,GBR,03,20140218,2
USA,GBR,12,20150125,6
USA,GBR,02,20060327,2
USA,GBR,18,20120821,10
USA,GBR,08,20030211,2
USA,GBR,11,20081026,2
USA,GBR,19,20130526,3
USA,GBR,07,20090924,1
USA,GBR,03,20060327,2
USA,GBR,09,20120417,14
USA,GBR,03,20120226,1
USA,GBR,04,20120419,5
USA,GBR,12,20030414,3
USA,GBR,09,20071105,5
USA,GBR,01,20071102,8
USA,GBR,04,20140423,4
USA,GBR,08,20110226,2
USA,GBR,08,20090807,4
USA,GBR,03,20020614,4
USA,GBR,12,20140603,4
USA,GBR,04,20100528,3
USA,GBR,19,20100904,9
USA,GBR,04,20141020,3
USA,GBR,19,20110428,8
USA,GBR,01,20051006,4
USA,GBR,04,20140905,48
USA,GBR,02,20060809,2
USA,GBR,12,20140620,6
USA,GBR,05,20021001,2
USA,GBR,11,20100419,8
USA,GBR,04,20081208,5
USA,GBR,19,20020117,1
USA,GBR,07,20100816,98
USA,GBR,19,20141003,12
USA,GBR,19,20120216,10
USA,GBR,10,20070710,2
USA,GBR,03,20100826,4
USA,GBR,04,20090324,20
USA,GBR,08,20070729,2
USA,GBR,06,20130711,2
USA,GBR,03,20120419,6
USA,GBR,03,20040522,8
USA,GBR,01,20140613,3
USA,GBR,16,20110325,8
USA,GBR,11,20140714,1
USA,GBR,04,20120604,5
USA,GBR,04,20131224,12
USA,GBR,18,20141231,5
USA,GBR,12,20130202,2
USA,GBR,17,20120808,2
USA,GBR,01,20110319,14
USA,GBR,19,20100117,8
USA,GBR,02,20100826,2
USA,GBR,01,20070815,9
USA,GBR,01,20060425,1
USA,GBR,11,20030707,3
USA,GBR,06,20110404,5
USA,GBR,02,20060518,4
USA,GBR,04,20120222,10
USA,GBR,04,20070424,17
USA,GBR,07,20130530,2
USA,GBR,04,20101213,21
USA,GBR,17,20090816,3
USA,GBR,12,20061114,7
USA,GBR,11,20110221,1
USA,GBR,04,20140402,16
USA,GBR,17,20150131,8
USA,GBR,04,20110209,5
USA,GBR,11,20141006,2
USA,GBR,17,20140803,3
USA,GBR,03,20090220,11
USA,GBR,16,20091211,6
USA,GBR,11,20021101,3
USA,GBR,18,20140906,2
USA,GBR,08,20040514,6
USA,GBR,02,20100723,4
USA,GBR,17,20110827,2
USA,GBR,18,20131230,2
USA,GBR,19,20091123,2
USA,GBR,11,20130523,10
USA,GBR,03,20130810,4
USA,GBR,19,20140105,10
USA,GBR,04,20100830,10
USA,GBR,04,20130905,21
USA,GBR,19,20130125,1
USA,GBR,09,20071116,18
USA,GBR,15,20141126,4
USA,GBR,01,20090313,9
USA,GBR,04,20131017,5
USA,GBR,19,20110420,9
USA,GBR,17,20110907,4
USA,GBR,19,20140226,6
USA,GBR,08,20130807,6
USA,GBR,07,20051205,1
USA,GBR,07,20070323,10
USA,GBR,03,20120214,1
USA,GBR,16,20140515,21
USA,GBR,01,20121024,26
USA,GBR,16,20130925,2
USA,GBR,17,20090515,12
USA,GBR,04,20090709,2
USA,GBR,08,20131218,4
USA,GBR,07,20110423,1
USA,GBR,05,20121003,4
USA,GBR,01,20140330,8
USA,GBR,01,20110323,74
USA,GBR,19,20141210,6
USA,GBR,03,20131002,10
USA,GBR,04,20130407,14
USA,GBR,03,20040610,1
USA,GBR,16,20121117,10
USA,GBR,02,20120322,1
USA,GBR,11,20130628,1
USA,GBR,04,20020228,6
USA,GBR,04,20030526,6
USA,GBR,04,20071029,2
USA,GBR,05,20141203,7
USA,GBR,03,20110323,70
USA,GBR,19,20041228,1
USA,GBR,06,20101025,8
USA,GBR,19,20131022,4
USA,GBR,11,20060727,12
USA,GBR,02,20070417,2
USA,GBR,05,20110415,4
USA,GBR,08,20100727,8
USA,GBR,19,20120926,4
USA,GBR,16,20080405,9
USA,GBR,18,20101214,22
USA,GBR,04,20120915,9
USA,GBR,18,20110125,5
USA,GBR,04,20031202,5
USA,GBR,02,20120728,30
USA,GBR,03,20080413,1
USA,GBR,02,20111030,1
USA,GBR,01,20110713,27
USA,GBR,09,20140821,12
USA,GBR,09,20120502,2
USA,GBR,10,20150113,8
USA,GBR,04,20110626,5
USA,GBR,09,20130712,3
USA,GBR,11,20140925,6
USA,GBR,17,20141004,6
USA,GBR,01,20040417,7
USA,GBR,04,20120113,4
USA,GBR,08,20130704,35
USA,GBR,19,20131018,6
USA,GBR,13,20110815,2
USA,GBR,03,20130727,2
USA,GBR,12,20111110,4
USA,GBR,04,20140625,3
USA,GBR,17,20121106,1
USA,GBR,06,20140922,1
USA,GBR,04,20140831,22
USA,GBR,11,20090210,3
USA,GBR,04,20091211,7
USA,GBR,03,20110617,7
USA,GBR,04,20110310,28
USA,GBR,04,20050213,5
USA,GBR,01,20081113,2
USA,GBR,03,20090820,8
USA,GBR,07,20090404,61
USA,GBR,07,20091029,11
USA,GBR,04,20090327,8
USA,GBR,04,20090331,21
USA,GBR,02,20121206,5
USA,GBR,02,20141105,1
USA,GBR,04,20031016,1
USA,GBR,04,20020127,5
USA,GBR,07,20071003,4
USA,GBR,02,20121205,40
USA,GBR,05,20080314,2
USA,GBR,05,20110718,1
USA,GBR,19,20030601,4
USA,GBR,04,20060327,9
USA,GBR,16,20101227,3
USA,GBR,11,20110719,18
USA,GBR,03,20141103,3
USA,GBR,19,20141027,30
USA,GBR,02,20050511,12
USA,GBR,17,20070516,2
USA,GBR,04,20071213,9
USA,GBR,04,20100415,10
USA,GBR,02,20090713,1
USA,GBR,01,20130823,2
USA,GBR,04,20010621,1
USA,GBR,01,20110402,9
UZB,GBR,05,20041207,1
UZB,GBR,04,20020110,14
VAT,GBR,04,20030218,5
VEN,GBR,05,20120919,2
VEN,GBR,12,20040223,1
VEN,GBR,12,20080612,4
VNM,GBR,09,20090830,2
WST,GBR,07,20081111,1
WST,GBR,04,20100708,10
WST,GBR,03,20110615,10
WST,GBR,04,20110615,9
WST,GBR,02,20121021,2
WST,GBR,19,20110730,7
YEM,GBR,04,20150123,6
YEM,GBR,01,20090602,1
YEM,GBR,04,20040626,1
YEM,GBR,18,20070518,7
YEM,GBR,17,20140522,6
YEM,GBR,04,20080124,3
YEM,GBR,04,20090306,1
ZAF,GBR,17,20100721,2
ZAF,GBR,09,20110214,10
ZAF,GBR,18,20120716,49
ZAF,GBR,02,20150118,4
ZAF,GBR,17,20121119,4
ZAF,GBR,04,20110209,24
ZAF,GBR,04,20100721,2
ZAF,GBR,04,20111205,2
ZAF,GBR,11,20140202,5
ZMB,GBR,06,20111110,2
ZMB,GBR,17,20070503,4
ZMB,GBR,01,20101226,9
ZWE,GBR,16,20040613,2
ZWE,GBR,19,20111217,2
ZWE,GBR,02,20010418,2
ZWE,GBR,04,20140127,2
ZWE,GBR,11,20020613,1
ZWE,GBR,12,20000609,1
ZWE,GBR,11,20021214,2
ZWE,GBR,08,20071128,1
ZWE,GBR,04,20130906,3
ZWE,GBR,03,20140716,10
ZWE,GBR,16,20141024,4
ARM,GEO,04,20090220,5
ARM,GEO,04,20090220,9
ARM,GEO,04,20120316,1
AZE,GEO,04,20070111,7
DEU,GEO,03,20080720,2
EUR,GEO,05,20050516,4
GEO,GEO,05,20100216,20
RUS,GEO,04,20070430,2
RUS,GEO,19,20140813,4
RUS,GEO,04,20061115,4
USA,GEO,03,20091020,9
UZB,GEO,04,20050415,4
AFR,GHA,02,20090430,9
AFR,GHA,05,20110316,6
AFR,GHA,04,20130905,10
AFR,GHA,04,20100917,2
AFR,GHA,05,20110608,1
AFR,GHA,04,20120404,9
AFR,GHA,08,20101007,4
AFR,GHA,03,20001005,2
AFR,GHA,05,20111115,7
AFR,GHA,19,20030109,3
AFR,GHA,03,20110109,6
ARE,GHA,02,20100218,2
ARG,GHA,04,20121217,12
AUS,GHA,19,20110404,3
AUS,GHA,04,20130214,4
AUS,GHA,05,20141218,2
AUS,GHA,17,20101227,5
AUS,GHA,11,20081221,7
BEN,GHA,04,20010615,21
BFA,GHA,04,20031105,3
BFA,GHA,14,20140128,2
BRA,GHA,04,20131112,6
BRA,GHA,04,20110712,2
CHE,GHA,01,20140819,10
CHE,GHA,05,20091224,9
CHN,GHA,03,20070415,1
CHN,GHA,04,20070415,1
CHN,GHA,07,20080609,5
CIV,GHA,04,20120801,1
CIV,GHA,04,20140131,18
CIV,GHA,02,20101230,6
CIV,GHA,11,20140927,6
COD,GHA,04,20110309,9
COG,GHA,05,20101025,5
DEU,GHA,04,20150217,20
DNK,GHA,01,20101022,2
ESP,GHA,08,20130326,6
ETH,GHA,03,20120514,6
FRA,GHA,07,20130526,8
FSM,GHA,04,20140731,2
FSM,GHA,08,20021023,3
FSM,GHA,11,20090624,2
GBR,GHA,11,20111107,21
GBR,GHA,17,20150106,2
GBR,GHA,03,20121002,2
GBR,GHA,01,20140812,30
GBR,GHA,03,20150203,8
GBR,GHA,04,20140415,46
GHA,GHA,01,20101117,4
GHA,GHA,11,20120704,2
GHA,GHA,08,20120913,20
GHA,GHA,05,20140730,4
GHA,GHA,03,20050107,9
GHA,GHA,11,20100730,12
GHA,GHA,02,20101228,1
GHA,GHA,13,20100823,2
GHA,GHA,10,20060220,9
GHA,GHA,17,20130331,7
GHA,GHA,05,20120319,4
GHA,GHA,05,20150102,6
GHA,GHA,05,20140512,2
GHA,GHA,17,20110111,2
GHA,GHA,02,20110625,9
GHA,GHA,01,20131227,15
GHA,GHA,05,20140916,6
GHA,GHA,04,20140913,12
GHA,GHA,19,20080505,4
GHA,GHA,12,20020517,1
GHA,GHA,11,20131114,10
GHA,GHA,01,20060331,3
GHA,GHA,04,20150128,4
GHA,GHA,05,20121031,2
GHA,GHA,03,20100106,7
GHA,GHA,17,20050322,2
GHA,GHA,11,20110228,2
GHA,GHA,02,20120428,2
GHA,GHA,06,20100420,2
GHA,GHA,11,20090217,4
GHA,GHA,03,20130613,20
GHA,GHA,17,20121220,10
GHA,GHA,01,20100526,10
GHA,GHA,05,20130725,4
GHA,GHA,13,20090918,1
GHA,GHA,05,20141204,4
GHA,GHA,01,20101008,9
GHA,GHA,17,20080820,2
GHA,GHA,02,20090418,9
GHA,GHA,07,20100315,9
GIN,GHA,04,20001024,5
GMB,GHA,04,20070716,7
GNQ,GHA,04,20091209,5
GUY,GHA,01,20131122,3
IDN,GHA,01,20150218,300
IDN,GHA,04,20110209,1
IRL,GHA,01,20101209,2
IRN,GHA,04,20100422,8
IRQ,GHA,01,20140313,2
ISR,GHA,06,20090908,1
ITA,GHA,07,20050601,9
JPN,GHA,06,20140724,2
JPN,GHA,06,20110204,6
KEN,GHA,04,20080109,6
KEN,GHA,04,20130514,3
KWT,GHA,02,20090901,5
LBR,GHA,01,20030606,4
LBR,GHA,04,20041001,1
LBR,GHA,04,20100219,30
LBR,GHA,04,20110815,2
LBY,GHA,04,20030609,4
MRT,GHA,04,20140131,6
MUS,GHA,01,20140521,4
NGA,GHA,04,20120104,3
NGA,GHA,04,20040618,11
NGA,GHA,03,20080625,3
NGA,GHA,03,20010319,3
NGA,GHA,05,20030202,4
NGA,GHA,17,20141223,4
NGA,GHA,13,20090518,3
NZL,GHA,02,20140305,10
NZL,GHA,04,20071114,3
PRK,GHA,05,20141205,10
RWA,GHA,04,20140827,6
SEN,GHA,04,20090514,2
SEN,GHA,05,20110916,10
SEN,GHA,04,20141106,17
SEN,GHA,11,20021002,1
SLE,GHA,04,20141023,8
SLE,GHA,04,20000225,1
SWE,GHA,07,20120216,7
TGO,GHA,01,20080919,25
TWN,GHA,01,20140313,6
TZA,GHA,04,20100825,1
USA,GHA,03,20140916,12
USA,GHA,02,20090805,6
USA,GHA,02,20140211,8
USA,GHA,04,20090712,6
USA,GHA,02,20020627,2
USA,GHA,05,20120312,13
USA,GHA,17,20010220,7
USA,GHA,01,20091009,3
USA,GHA,05,20130224,8
USA,GHA,05,20111004,2
USA,GHA,04,20070724,2
WAF,GHA,04,20131023,5
ZWE,GHA,04,20030305,6
ZWE,GHA,17,20091102,9
AFR,GIN,08,20080907,1
AFR,GIN,03,20140808,2
AUS,GIN,19,20101106,7
BRA,GIN,06,20140415,1
EUR,GIN,02,20091021,27
FRA,GIN,03,20140929,20
FRA,GIN,02,20010301,6
GBR,GIN,10,20081228,1
GHA,GIN,16,20150116,10
GHA,GIN,01,20050303,2
GIN,GIN,13,20010219,2
GIN,GIN,17,20090425,9
GIN,GIN,01,20140328,40
GIN,GIN,11,20101117,10
GIN,GIN,06,20000909,4
GIN,GIN,09,20140402,48
GIN,GIN,18,20130504,5
ISR,GIN,19,20091203,2
JAM,GIN,01,20081229,9
JAM,GIN,11,20090403,8
LBR,GIN,04,20040607,1
LBR,GIN,05,20140512,4
LBR,GIN,19,20030411,5
LBR,GIN,05,20030827,3
LBR,GIN,11,20010811,5
LBR,GIN,04,20140403,4
MLI,GIN,04,20090129,1
NGA,GIN,04,20131112,15
NGA,GIN,01,20040303,1
NGA,GIN,11,20020213,7
NGA,GIN,01,20130722,12
NLD,GIN,02,20111221,3
SEN,GIN,01,20001226,13
SEN,GIN,04,20100506,1
SEN,GIN,08,20080923,1
SLE,GIN,08,20020715,4
SLE,GIN,04,20041116,1
SLE,GIN,06,20010502,1
SLE,GIN,19,20000917,4
SLE,GIN,05,20141009,2
SOM,GIN,05,20130701,2
TZA,GIN,04,20090130,1
USA,GIN,09,20141024,6
WAF,GIN,04,20080601,1
AFR,GMB,04,20120826,6
AUS,GMB,05,20131227,2
CIV,GMB,11,20130924,2
ETH,GMB,04,20090211,2
ETH,GMB,04,20120621,3
EUR,GMB,01,20090702,9
FSM,GMB,04,20110315,1
GMB,GMB,04,20001129,9
GMB,GMB,11,20090725,1
GMB,GMB,01,20061206,4
GMB,GMB,08,20060622,1
GMB,GMB,11,20090318,5
GMB,GMB,14,20150129,6
GMB,GMB,19,20100115,2
GMB,GMB,01,20000812,2
GMB,GMB,11,20140220,16
GMB,GMB,17,20050207,2
GMB,GMB,07,20100809,4
GMB,GMB,08,20140724,1
KWT,GMB,04,20040408,1
NGA,GMB,04,20141004,10
NGA,GMB,04,20090622,7
SEN,GMB,11,20110906,2
SLE,GMB,01,20120121,4
USA,GMB,01,20141231,4
USA,GMB,04,20100924,1
AFR,GNB,08,20120718,6
AFR,GNB,04,20150209,6
AFR,GNB,11,20120414,114
AGO,GNB,02,20120426,2
CPV,GNB,04,20000628,1
GHA,GNB,02,20150209,2
GIN,GNB,03,20070806,1
GNB,GNB,04,20091028,2
GNB,GNB,19,20090701,5
GNB,GNB,10,20030417,18
PRT,GNB,01,20121022,16
SDN,GNB,04,20040528,1
AFR,GNQ,04,20140624,5
AGO,GNQ,04,20110629,1
ARM,GNQ,04,20041201,5
ERI,GNQ,11,20141004,8
ESP,GNQ,01,20091103,1
GHA,GNQ,06,20040602,1
GIN,GNQ,01,20091122,1
GNQ,GNQ,14,20120921,8
KEN,GNQ,08,20130105,6
RUS,GNQ,05,20110324,2
AFG,GRC,04,20140710,6
AFR,GRC,06,20060721,1
AFR,GRC,01,20120527,1
ALB,GRC,01,20020820,2
ALB,GRC,04,20100305,7
ARM,GRC,20,20141101,1
ARM,GRC,18,20131011,4
AUS,GRC,03,20130701,7
AUS,GRC,05,20140403,7
AUS,GRC,11,20071204,2
AUT,GRC,03,20140928,2
AUT,GRC,03,20011126,5
AUT,GRC,04,20110627,1
AZE,GRC,03,20111021,4
AZE,GRC,05,20140616,6
BEL,GRC,04,20111206,2
BEL,GRC,03,20050322,5
BEL,GRC,03,20121110,6
BEL,GRC,03,20100210,3
BEL,GRC,03,20120215,28
BGR,GRC,13,20100131,4
BGR,GRC,04,20100822,4
BGR,GRC,04,20020122,16
BGR,GRC,04,20121216,6
BGR,GRC,03,20070410,2
BGR,GRC,08,20100115,1
BGR,GRC,01,20141013,1
BGR,GRC,03,20091118,1
BGR,GRC,17,20140212,1
BHR,GRC,05,20061001,2
BLZ,GRC,04,20100124,2
CAN,GRC,06,20140425,2
CHN,GRC,01,20121210,10
CHN,GRC,13,20080602,1
CHN,GRC,19,20090125,2
CHN,GRC,11,20120603,6
CHN,GRC,05,20110619,7
CHN,GRC,01,20150212,1
CHN,GRC,07,20111103,2
CHN,GRC,01,20150212,2
CYP,GRC,12,20090420,2
CYP,GRC,05,20101114,7
CYP,GRC,12,20110322,2
CYP,GRC,07,20120705,16
CYP,GRC,04,20100201,9
CYP,GRC,04,20030418,5
CYP,GRC,05,20000310,1
CYP,GRC,04,20040208,6
CYP,GRC,03,20030910,3
CYP,GRC,04,20110405,1
CYP,GRC,01,20130507,4
CYP,GRC,06,20110322,6
CYP,GRC,04,20030706,9
CYP,GRC,05,20130918,4
CYP,GRC,04,20140324,4
CYP,GRC,04,20130808,8
CYP,GRC,01,20140905,5
DEU,GRC,19,20091211,4
DEU,GRC,05,20150212,1
DEU,GRC,04,20120813,7
DEU,GRC,10,20150113,2
DEU,GRC,04,20120507,2
DEU,GRC,04,20131226,4
DEU,GRC,13,20150123,50
DEU,GRC,12,20120814,8
DEU,GRC,04,20100429,2
DEU,GRC,07,20110417,4
DEU,GRC,01,20100210,6
DEU,GRC,04,20110424,4
DEU,GRC,11,20150203,2
DEU,GRC,07,20110705,40
ECU,GRC,19,20150120,2
EGY,GRC,04,20121006,14
EGY,GRC,04,20121120,2
ESP,GRC,08,20090820,2
ESP,GRC,08,20120627,15
EST,GRC,05,20040430,4
ETH,GRC,04,20080208,2
EUR,GRC,13,20150125,8
EUR,GRC,08,20091207,2
EUR,GRC,01,20121114,8
EUR,GRC,01,20010610,3
EUR,GRC,05,20120914,6
EUR,GRC,05,20110723,2
EUR,GRC,04,20030115,3
EUR,GRC,04,20030502,1
EUR,GRC,10,20110916,4
EUR,GRC,04,20110127,4
EUR,GRC,03,20110925,3
EUR,GRC,01,20081216,4
EUR,GRC,03,20021125,6
EUR,GRC,04,20110419,1
EUR,GRC,03,20110601,7
EUR,GRC,01,20140521,4
EUR,GRC,08,20100908,2
FIN,GRC,03,20100227,13
FRA,GRC,19,20120506,6
FRA,GRC,07,20070826,4
FRA,GRC,03,20070425,9
FRA,GRC,02,20120615,18
FRA,GRC,04,20141001,6
FRA,GRC,03,20150202,45
FRA,GRC,04,20031114,5
FRA,GRC,04,20150107,10
FRA,GRC,11,20121113,10
FRA,GRC,08,20120222,2
FRA,GRC,02,20120225,5
FRA,GRC,01,20120120,2
FRA,GRC,04,20140821,4
FRA,GRC,04,20110919,4
FRA,GRC,08,20090416,6
GBR,GRC,03,20120814,5
GBR,GRC,05,20141020,24
GBR,GRC,06,20110809,9
GBR,GRC,03,20140819,1
GBR,GRC,08,20090603,2
GBR,GRC,13,20110404,6
GBR,GRC,19,20001209,2
GBR,GRC,03,20090530,2
GBR,GRC,07,20090619,2
GBR,GRC,02,20140717,2
GHA,GRC,04,20140719,12
GIN,GRC,04,20140807,10
GRC,GRC,02,20141229,14
GRC,GRC,11,20101102,16
GRC,GRC,17,20101130,5
GRC,GRC,04,20140520,5
GRC,GRC,02,20111007,3
GRC,GRC,01,20120121,10
GRC,GRC,11,20140310,2
GRC,GRC,12,20141231,12
GRC,GRC,11,20110921,5
GRC,GRC,03,20150126,3
GRC,GRC,03,20110716,6
GRC,GRC,03,20101215,7
GRC,GRC,03,20111024,5
GRC,GRC,06,20101208,5
GRC,GRC,05,20130620,10
GRC,GRC,05,20071126,2
GRC,GRC,03,20110204,4
GRC,GRC,05,20011220,2
GRC,GRC,02,20110609,4
GRC,GRC,02,20120329,2
GRC,GRC,04,20121025,4
GRC,GRC,04,20070826,5
GRC,GRC,01,20000513,10
GRC,GRC,02,20101108,4
GRC,GRC,04,20000725,1
GRC,GRC,16,20150203,2
GRC,GRC,04,20101113,9
GRC,GRC,04,20141124,20
GRC,GRC,13,20080111,3
GRC,GRC,14,20140328,2
GRC,GRC,04,20090330,5
GRC,GRC,03,20150218,8
GRC,GRC,17,20121206,6
GRC,GRC,03,20120219,33
GRC,GRC,01,20030110,1
GRC,GRC,01,20131027,4
GRC,GRC,14,20110629,2
GRC,GRC,01,20031008,2
GRC,GRC,11,20131114,6
GRC,GRC,04,20001101,4
GRC,GRC,05,20110606,2
GRC,GRC,14,20081111,5
HND,GRC,04,20140727,3
HRV,GRC,05,20010227,1
HUN,GRC,04,20070118,2
IDN,GRC,04,20120512,2
IRL,GRC,02,20100525,1
IRL,GRC,01,20120531,3
IRL,GRC,02,20040426,1
IRL,GRC,04,20120711,8
IRL,GRC,02,20150125,2
IRN,GRC,04,20070412,6
IRN,GRC,05,20010309,4
IRN,GRC,19,20141216,1
IRQ,GRC,19,20141123,2
IRQ,GRC,04,20011102,2
IRQ,GRC,17,20030121,2
ISR,GRC,19,20100531,1
ISR,GRC,05,20110630,4
ISR,GRC,04,20120808,12
ISR,GRC,08,20020418,2
ISR,GRC,02,20110708,1
ISR,GRC,02,20120131,2
ITA,GRC,04,20100831,5
ITA,GRC,19,20141228,132
ITA,GRC,04,20141229,48
ITA,GRC,04,20131112,2
ITA,GRC,04,20141228,16
ITA,GRC,06,20120514,1
JOR,GRC,04,20110207,4
JPN,GRC,05,20120621,10
JPN,GRC,11,20120122,6
JPN,GRC,06,20110212,1
LBY,GRC,04,20110224,2
LBY,GRC,04,20140910,6
LBY,GRC,06,20050313,2
LTU,GRC,02,20120911,8
LUX,GRC,04,20140707,3
LUX,GRC,02,20110704,1
LVA,GRC,04,20150212,2
MKD,GRC,01,20050408,2
MKD,GRC,04,20080323,6
MKD,GRC,12,20070618,2
MKD,GRC,12,20130306,2
MKD,GRC,19,20050617,2
MKD,GRC,04,20150127,1
MKD,GRC,11,20101211,12
MKD,GRC,12,20150205,5
MKD,GRC,08,20030408,4
MKD,GRC,03,20011228,2
MKD,GRC,07,20090824,4
MKD,GRC,04,20040927,4
MKD,GRC,02,20110905,10
MLT,GRC,03,20140213,2
NGA,GRC,04,20050823,1
NOR,GRC,07,20100920,6
NOR,GRC,06,20051113,1
NOR,GRC,11,20120318,4
NZL,GRC,12,20110501,4
PAK,GRC,05,20060606,3
PAK,GRC,17,20040511,3
PER,GRC,03,20081118,1
PRT,GRC,19,20120416,1
PRT,GRC,02,20110707,4
PSE,GRC,11,20110704,9
PSE,GRC,04,20110627,1
PSE,GRC,11,20140930,2
PSE,GRC,03,20030512,3
QAT,GRC,03,20111001,4
QAT,GRC,04,20040302,2
QAT,GRC,04,20130223,4
RUS,GRC,01,20070306,3
RUS,GRC,05,20101121,1
RUS,GRC,08,20141209,32
RUS,GRC,03,20100822,16
RUS,GRC,05,20091112,2
RUS,GRC,12,20110718,2
RUS,GRC,01,20140217,2
RUS,GRC,04,20101210,4
SGP,GRC,05,20080301,2
SRB,GRC,03,20020412,4
SRB,GRC,04,20100819,7
SWE,GRC,04,20030205,8
SYR,GRC,03,20110122,6
TUR,GRC,04,20120429,4
TUR,GRC,18,20110815,2
TUR,GRC,04,20040505,1
TUR,GRC,04,20040321,5
TUR,GRC,17,20090105,1
TUR,GRC,03,20130420,6
TUR,GRC,04,20150126,1
TUR,GRC,03,20110627,4
TUR,GRC,05,20060222,5
TUR,GRC,02,20110922,6
TUR,GRC,08,20101122,4
TUR,GRC,12,20140912,2
TUR,GRC,01,20141106,3
TUR,GRC,03,20000301,1
TUR,GRC,14,20081213,1
TUR,GRC,11,20100522,6
TUR,GRC,08,20080725,1
TUR,GRC,04,20090208,2
TUR,GRC,06,20091009,7
TUR,GRC,08,20111206,7
TUR,GRC,11,20110108,2
TUR,GRC,05,20031022,6
TUR,GRC,12,20120220,3
TUR,GRC,04,20110828,2
TUR,GRC,01,20110920,2
TUR,GRC,17,20020603,1
USA,GRC,07,20141108,2
USA,GRC,08,20070821,4
USA,GRC,03,20110515,2
USA,GRC,01,20090313,6
USA,GRC,17,20140806,11
USA,GRC,17,20131025,2
USA,GRC,17,20130911,6
USA,GRC,07,20140305,16
USA,GRC,17,20130916,8
USA,GRC,18,20130117,2
USA,GRC,05,20100504,1
USA,GRC,07,20090727,3
USA,GRC,04,20140723,16
USA,GRC,17,20110207,3
USA,GRC,11,20060526,9
USA,GRC,04,20101209,1
USA,GRC,04,20140106,37
USA,GRC,08,20110926,5
USA,GRC,04,20100104,32
USA,GRC,16,20120120,9
USA,GRC,04,20131009,3
USA,GRC,04,20101122,2
USA,GRC,01,20120227,3
USA,GRC,17,20120725,4
USA,GRC,03,20091218,27
USA,GRC,04,20090520,3
USA,GRC,19,20140607,5
USA,GRC,04,20090206,5
USA,GRC,03,20140725,8
USA,GRC,04,20110301,3
USA,GRC,12,20101027,1
USA,GRC,04,20070515,6
USA,GRC,13,20060523,5
USA,GRC,11,20110210,10
USA,GRC,05,20130122,2
USA,GRC,04,20150216,6
USA,GRC,17,20100222,6
USA,GRC,04,20100126,1
USA,GRC,02,20110211,1
USA,GRC,01,20141210,2
USA,GRC,02,20020315,2
VAT,GRC,05,20020512,2
WST,GRC,19,20080602,7
WST,GRC,06,20030614,6
ZWE,GRC,06,20020704,2
AFR,GRD,04,20030804,4
AUS,GRD,03,20081211,1
AUS,GRD,19,20090320,3
BLZ,GRD,03,20140203,8
CAN,GRD,04,20140918,2
CHN,GRD,03,20090618,1
CUB,GRD,05,20110108,4
GBR,GRD,12,20080703,6
GRD,GRD,04,20141024,2
GRD,GRD,04,20120308,6
GRD,GRD,01,20040619,2
GRD,GRD,01,20120809,4
GUY,GRD,04,20091211,2
JAM,GRD,02,20050312,1
TTO,GRD,01,20140115,4
USA,GRD,05,20100429,1
USA,GRD,09,20120508,2
USA,GRD,04,20140624,12
USA,GRD,01,20110214,4
USA,GRD,01,20090824,2
USA,GRD,04,20090401,2
USA,GRD,17,20110715,1
USA,GRD,17,20100825,5
USA,GRD,05,20071113,3
USA,GRD,05,20140218,2
USA,GRD,19,20110126,3
USA,GRD,05,20120201,5
USA,GRD,05,20110824,1
ZWE,GRD,04,20030125,1
BLZ,GTM,05,20091017,4
CAN,GTM,16,20140526,1
CAN,GTM,04,20141125,8
COG,GTM,04,20100812,12
CRI,GTM,06,20130704,3
CUB,GTM,04,20140724,2
DOM,GTM,04,20001124,12
ECU,GTM,01,20140606,2
EUR,GTM,03,20090817,1
GHA,GTM,04,20141217,2
GTM,GTM,01,20110807,2
GTM,GTM,17,20090224,2
GTM,GTM,01,20121213,3
GTM,GTM,11,20141121,2
GTM,GTM,04,20131120,2
HND,GTM,09,20130604,22
HND,GTM,19,20150107,48
IRQ,GTM,08,20040308,6
MEX,GTM,04,20110529,10
MEX,GTM,04,20140326,6
MEX,GTM,04,20040219,1
MEX,GTM,04,20130222,2
MEX,GTM,04,20100916,1
MEX,GTM,11,20140127,2
MEX,GTM,03,20020226,5
NIC,GTM,05,20070809,6
NIC,GTM,03,20060616,1
NIC,GTM,03,20031122,20
PSE,GTM,05,20111027,3
RUS,GTM,17,20130510,4
SLV,GTM,04,20101204,9
SLV,GTM,05,20150127,2
URY,GTM,05,20090123,3
USA,GTM,01,20140725,8
USA,GTM,01,20110318,2
USA,GTM,19,20150217,1
USA,GTM,04,20030409,4
USA,GTM,03,20090514,1
USA,GTM,04,20140619,6
USA,GTM,03,20031003,9
USA,GTM,04,20140317,2
USA,GTM,07,20100916,77
USA,GTM,19,20141107,10
USA,GTM,17,20110807,1
USA,GTM,04,20130916,2
USA,GTM,04,20140318,5
USA,GTM,17,20120102,5
USA,GTM,02,20130420,4
BRA,GUY,19,20130127,5
BRA,GUY,07,20090922,4
BRB,GUY,05,20060417,4
CAN,GUY,01,20040922,2
CUB,GUY,04,20121017,4
DOM,GUY,05,20070405,8
ESP,GUY,04,20120330,4
EUR,GUY,07,20050204,9
GUY,GUY,17,20140107,2
GUY,GUY,11,20140822,2
GUY,GUY,08,20090918,4
GUY,GUY,04,20131117,1
JAM,GUY,04,20140403,2
MCO,GUY,01,20131022,6
USA,GUY,17,20121124,2
USA,GUY,17,20130812,2
USA,GUY,04,20090927,3
VEN,GUY,04,20131226,2
USA,HKG,06,20140602,10
BRA,HND,07,20110529,7
CHN,HND,03,20141217,9
CRI,HND,04,20090716,2
CRI,HND,03,20130804,4
CRI,HND,16,20090921,52
CUB,HND,11,20100915,2
CUB,HND,11,20020127,3
ECU,HND,05,20110603,10
ESP,HND,05,20040420,2
EUR,HND,16,20090724,19
GHA,HND,04,20130127,8
GTM,HND,19,20140710,6
GTM,HND,04,20080831,2
GTM,HND,12,20141022,8
HND,HND,16,20091001,5
HND,HND,01,20090625,6
HND,HND,16,20090724,6
HND,HND,01,20090812,2
HND,HND,09,20090628,2
HND,HND,04,20090705,9
KOR,HND,04,20110214,6
MEX,HND,17,20140316,5
NIC,HND,04,20031103,6
PAN,HND,05,20140411,4
USA,HND,01,20120516,2
USA,HND,08,20100801,6
USA,HND,03,20090625,3
USA,HND,02,20091030,1
USA,HND,01,20090430,12
USA,HND,09,20140604,6
USA,HND,16,20091030,7
USA,HND,04,20091129,14
USA,HND,05,20090925,3
USA,HND,04,20140628,2
USA,HND,04,20100401,2
USA,HND,06,20140131,5
USA,HND,19,20120528,2
USA,HND,04,20120924,2
USA,HND,04,20130702,2
USA,HND,04,20130630,8
USA,HND,17,20140807,5
USA,HND,19,20140716,16
USA,HND,17,20100924,8
USA,HND,07,20090827,2
VEN,HND,04,20120313,174
ARG,HRV,04,20130607,2
AUS,HRV,04,20060112,3
AUS,HRV,04,20081031,2
AUS,HRV,13,20080219,5
AUS,HRV,03,20060120,1
AUT,HRV,08,20080530,7
AUT,HRV,12,20061129,1
AZE,HRV,04,20131209,2
BEL,HRV,01,20080705,2
BEL,HRV,01,20080417,12
CAN,HRV,04,20091026,1
CHN,HRV,03,20110920,6
CUB,HRV,04,20090915,9
CZE,HRV,05,20000709,4
CZE,HRV,05,20061113,2
DEU,HRV,03,20040208,2
DEU,HRV,03,20130320,1
DEU,HRV,03,20110822,4
ESP,HRV,01,20101130,2
EST,HRV,04,20000522,14
EUR,HRV,09,20081119,24
EUR,HRV,04,20080617,20
EUR,HRV,04,20040113,9
EUR,HRV,02,20050331,18
EUR,HRV,03,20130624,10
EUR,HRV,04,20110307,8
EUR,HRV,05,20010621,9
EUR,HRV,11,20121122,6
EUR,HRV,01,20140202,5
EUR,HRV,04,20100320,3
EUR,HRV,05,20070511,1
EUR,HRV,04,20090427,1
FRA,HRV,01,20010924,2
FRA,HRV,04,20060327,2
FRA,HRV,02,20001120,1
GBR,HRV,01,20110701,5
GRC,HRV,05,20031121,3
GRC,HRV,17,20071129,4
HRV,HRV,02,20011108,5
HRV,HRV,04,20041116,3
HRV,HRV,05,20000310,2
HRV,HRV,11,20120330,2
HRV,HRV,03,20110714,5
HRV,HRV,01,20010306,1
HRV,HRV,14,20090828,2
HRV,HRV,01,20020115,2
HRV,HRV,17,20060514,4
HRV,HRV,01,20020218,4
HRV,HRV,01,20090108,2
HRV,HRV,04,20141202,2
HRV,HRV,18,20020921,4
HRV,HRV,01,20150115,4
HRV,HRV,10,20101209,5
HRV,HRV,11,20130703,10
HRV,HRV,08,20081228,36
HRV,HRV,05,20080114,4
HRV,HRV,01,20050902,2
HRV,HRV,01,20041229,5
HRV,HRV,11,20100125,3
HRV,HRV,12,20131203,4
HRV,HRV,13,20100917,2
HRV,HRV,05,20000208,9
HRV,HRV,04,20100218,10
HRV,HRV,17,20010709,5
HRV,HRV,09,20041108,5
HRV,HRV,15,20040129,1
HRV,HRV,03,20100115,21
HRV,HRV,11,20000509,6
HRV,HRV,17,20030409,4
HRV,HRV,11,20020702,2
HRV,HRV,04,20001205,10
HRV,HRV,08,20150112,40
HUN,HRV,01,20080605,2
IRL,HRV,01,20130626,3
IRN,HRV,02,20131011,2
IRQ,HRV,08,20030727,1
ITA,HRV,02,20060302,2
ITA,HRV,03,20131122,4
ITA,HRV,04,20031108,1
ITA,HRV,03,20011123,1
ITA,HRV,04,20101230,5
LTU,HRV,02,20140206,6
LUX,HRV,01,20011024,1
MDA,HRV,03,20051012,2
MKD,HRV,03,20041102,2
NLD,HRV,17,20080311,17
NZL,HRV,06,20110807,2
RUS,HRV,04,20001205,8
RUS,HRV,05,20020416,3
SRB,HRV,04,20140807,2
SRB,HRV,09,20091224,20
SRB,HRV,17,20100913,2
SRB,HRV,04,20090903,4
SRB,HRV,04,20060420,5
SRB,HRV,11,20010517,5
SRB,HRV,12,20100712,5
TUR,HRV,04,20051019,1
USA,HRV,04,20140524,3
USA,HRV,17,20061003,1
USA,HRV,04,20000218,9
USA,HRV,07,20130702,3
WST,HRV,01,20000316,6
WST,HRV,04,20091203,6
WST,HRV,03,20061031,1
WST,HRV,04,20060410,4
AUS,HTI,07,20090528,4
AUS,HTI,04,20100113,36
BHS,HTI,03,20100119,3
BHS,HTI,11,20071031,6
BLZ,HTI,01,20000925,2
BRA,HTI,04,20040515,3
BRA,HTI,01,20100115,2
BRA,HTI,04,20060110,2
BRA,HTI,11,20040923,2
CAN,HTI,02,20100224,18
CAN,HTI,05,20071213,3
CHL,HTI,07,20040514,2
CHN,HTI,04,20060813,9
CHN,HTI,01,20100119,20
CUB,HTI,04,20021209,2
DOM,HTI,07,20120113,2
DOM,HTI,18,20100820,4
DOM,HTI,17,20101227,6
DOM,HTI,01,20150212,2
FRA,HTI,07,20100119,6
FRA,HTI,07,20100125,6
FRA,HTI,05,20101222,32
FRA,HTI,05,20130308,2
FRA,HTI,02,20141015,1
FRA,HTI,01,20060630,4
HTI,HTI,14,20050902,4
HTI,HTI,14,20000920,1
HTI,HTI,18,20070521,2
HTI,HTI,19,20040211,15
HTI,HTI,10,20100209,3
HTI,HTI,05,20031208,7
HTI,HTI,11,20080410,8
HTI,HTI,02,20130307,8
HTI,HTI,12,20110726,8
HTI,HTI,04,20060704,3
HTI,HTI,05,20141205,8
HTI,HTI,07,20040317,2
HTI,HTI,01,20131209,2
HTI,HTI,04,20110203,2
HTI,HTI,05,20110227,4
HTI,HTI,05,20040422,7
HTI,HTI,07,20040410,10
HTI,HTI,02,20111004,2
HTI,HTI,12,20041108,2
HTI,HTI,08,20111123,1
HTI,HTI,09,20130721,2
HTI,HTI,14,20050811,2
HTI,HTI,09,20140529,2
HTI,HTI,11,20030318,1
IRN,HTI,11,20110119,2
ISL,HTI,07,20100124,2
JPN,HTI,03,20100119,4
KOR,HTI,07,20100308,3
KOR,HTI,03,20100209,6
LBR,HTI,04,20090504,3
LKA,HTI,08,20071103,3
MAR,HTI,07,20100116,12
MEX,HTI,06,20100118,9
NIC,HTI,04,20150206,3
PHL,HTI,04,20050625,2
PHL,HTI,02,20100116,2
RUS,HTI,02,20100817,1
TTO,HTI,03,20110817,1
TUR,HTI,07,20131114,6
USA,HTI,07,20140206,9
USA,HTI,03,20140125,2
USA,HTI,05,20120418,1
USA,HTI,04,20041007,4
USA,HTI,19,20110513,9
USA,HTI,04,20121206,1
USA,HTI,11,20091117,4
USA,HTI,03,20140201,8
USA,HTI,07,20100228,6
USA,HTI,05,20141004,18
USA,HTI,11,20100114,5
USA,HTI,05,20131128,6
USA,HTI,02,20140324,10
USA,HTI,02,20100114,3
USA,HTI,08,20110204,6
USA,HTI,01,20091030,5
USA,HTI,11,20080424,1
USA,HTI,07,20080916,27
USA,HTI,08,20110526,4
USA,HTI,19,20090528,2
USA,HTI,03,20121115,4
USA,HTI,04,20140128,8
USA,HTI,03,20110331,3
USA,HTI,09,20040609,6
USA,HTI,07,20100120,5
USA,HTI,04,20140414,4
USA,HTI,12,20110101,1
VEN,HTI,11,20100119,5
AFR,HUN,18,20140814,4
ALB,HUN,05,20060518,3
ARE,HUN,17,20090327,2
ARM,HUN,11,20120905,12
AUS,HUN,04,20060407,5
AZE,HUN,04,20040224,12
AZE,HUN,17,20120915,16
AZE,HUN,01,20130802,10
BLR,HUN,17,20110819,2
BOL,HUN,18,20090414,2
BRA,HUN,03,20130812,9
CAN,HUN,04,20141123,25
CAN,HUN,07,20131216,6
CZE,HUN,19,20120920,2
CZE,HUN,19,20121204,2
CZE,HUN,04,20050830,2
CZE,HUN,04,20030222,2
CZE,HUN,12,20030319,6
DEU,HUN,03,20120829,2
DEU,HUN,03,20130707,14
DEU,HUN,06,20110725,4
DEU,HUN,16,20121126,6
DEU,HUN,16,20101220,4
DEU,HUN,04,20080217,3
DNK,HUN,05,20100222,6
ESP,HUN,05,20090929,2
EST,HUN,01,20061023,7
EST,HUN,08,20071221,1
EUR,HUN,04,20050902,2
EUR,HUN,06,20110902,4
EUR,HUN,01,20140717,10
EUR,HUN,17,20140210,10
EUR,HUN,01,20000504,6
EUR,HUN,11,20010509,10
EUR,HUN,17,20110112,9
GBR,HUN,04,20140130,10
GBR,HUN,04,20141215,2
GBR,HUN,05,20090529,9
GEO,HUN,04,20121017,2
GRC,HUN,04,20101109,4
HRV,HUN,17,20141208,1
HRV,HUN,04,20110106,2
HUN,HUN,02,20030603,2
HUN,HUN,04,20010122,2
HUN,HUN,05,20130909,1
HUN,HUN,04,20141027,24
HUN,HUN,05,20120118,5
HUN,HUN,04,20090911,3
HUN,HUN,04,20040727,4
HUN,HUN,08,20090326,4
HUN,HUN,01,20140207,3
HUN,HUN,12,20130911,6
HUN,HUN,04,20030311,2
HUN,HUN,17,20130618,1
HUN,HUN,01,20090209,4
HUN,HUN,01,20140509,6
HUN,HUN,01,20141027,4
HUN,HUN,03,20050417,5
HUN,HUN,05,20000728,5
HUN,HUN,02,20040913,7
HUN,HUN,01,20141114,6
HUN,HUN,04,20120127,6
HUN,HUN,02,20010111,3
IRL,HUN,08,20130901,1
IRQ,HUN,08,20030602,5
ISR,HUN,02,20121127,20
ITA,HUN,04,20120118,128
ITA,HUN,01,20110627,4
ITA,HUN,04,20101019,4
ITA,HUN,04,20020131,3
ITA,HUN,14,20091121,6
ITA,HUN,09,20031110,4
MEX,HUN,04,20131106,4
MEX,HUN,05,20131219,2
NLD,HUN,17,20091129,2
PAK,HUN,05,20061109,12
POL,HUN,04,20070322,3
POL,HUN,04,20091111,1
POL,HUN,01,20101205,6
POL,HUN,03,20030625,1
PSE,HUN,07,20130404,1
PSE,HUN,04,20110321,8
RUS,HUN,03,20080227,7
RUS,HUN,04,20070422,1
RUS,HUN,04,20020411,5
RUS,HUN,04,20131212,2
SRB,HUN,02,20030721,2
SRB,HUN,02,20030120,3
SRB,HUN,03,20080802,2
SVK,HUN,01,20100816,4
SVK,HUN,17,20120412,9
SWE,HUN,04,20130624,4
SWE,HUN,05,20120228,7
SYR,HUN,04,20040330,2
TKM,HUN,05,20101201,4
TUR,HUN,04,20130625,17
TUR,HUN,04,20070212,2
UKR,HUN,03,20000225,6
UKR,HUN,10,20150210,1
URY,HUN,05,20000628,4
USA,HUN,14,20120909,2
USA,HUN,04,20150216,7
USA,HUN,05,20150131,1
USA,HUN,04,20131010,1
USA,HUN,04,20120619,8
USA,HUN,03,20110418,3
USA,HUN,02,20080923,2
USA,HUN,04,20060623,15
USA,HUN,04,20121107,2
USA,HUN,04,20090327,9
USA,HUN,03,20140611,8
UZB,HUN,04,20021028,4
WST,HUN,04,20040428,1
WST,HUN,04,20070330,2
AFG,IDN,11,20040909,2
ARG,IDN,03,20140920,1
ARG,IDN,08,20100108,2
AUS,IDN,04,20111024,4
AUS,IDN,09,20140128,6
AUS,IDN,04,20140412,1
AUS,IDN,05,20040920,3
AUS,IDN,17,20130926,12
AUS,IDN,04,20140819,4
AUS,IDN,04,20100505,3
AUS,IDN,04,20150101,2
AUS,IDN,04,20080610,5
AUS,IDN,05,20080925,2
AUS,IDN,05,20080710,3
AUS,IDN,17,20080914,9
AUS,IDN,12,20010724,2
AUS,IDN,11,20020206,1
AUS,IDN,01,20030210,7
AUS,IDN,04,20010629,9
AUS,IDN,06,20110815,3
AUS,IDN,05,20090610,5
AUS,IDN,04,20090730,2
AUS,IDN,01,20041014,7
AUS,IDN,17,20110621,2
AUS,IDN,04,20000121,4
AUS,IDN,03,20101102,16
AUS,IDN,09,20141019,2
AUS,IDN,01,20120806,20
AUS,IDN,04,20150204,2
AUS,IDN,19,20091207,4
AUS,IDN,09,20091104,12
AUS,IDN,04,20081220,2
AUS,IDN,06,20080611,2
AUS,IDN,03,20081102,6
AUS,IDN,17,20080514,2
AUS,IDN,09,20131210,10
AUS,IDN,04,20040307,20
AUS,IDN,13,20131128,2
AUS,IDN,10,20131121,20
AUS,IDN,05,20081106,7
BGD,IDN,04,20001224,1
BGD,IDN,01,20040127,1
BRA,IDN,06,20141019,2
BRN,IDN,04,20110925,7
BRN,IDN,04,20140401,7
CAN,IDN,16,20090717,3
CAN,IDN,04,20070826,8
CAN,IDN,04,20120512,2
CAN,IDN,05,20111003,2
CAN,IDN,05,20140925,2
CHE,IDN,01,20121111,2
CHE,IDN,16,20120926,2
CHE,IDN,04,20060528,6
CHL,IDN,04,20091121,2
CHN,IDN,03,20110427,3
CHN,IDN,03,20071022,3
CHN,IDN,01,20100906,3
CHN,IDN,04,20131024,8
CHN,IDN,03,20140209,8
CHN,IDN,03,20131015,4
CHN,IDN,03,20090430,1
CHN,IDN,03,20030114,6
CHN,IDN,13,20130206,5
CHN,IDN,04,20000723,6
CHN,IDN,17,20090625,32
CHN,IDN,06,20140528,10
CHN,IDN,17,20150128,6
CHN,IDN,04,20101001,4
CHN,IDN,04,20020816,9
CHN,IDN,09,20090705,2
CHN,IDN,03,20141104,2
COL,IDN,17,20110807,4
CUB,IDN,12,20120806,1
DEU,IDN,02,20050105,8
DEU,IDN,04,20100827,4
EGY,IDN,08,20120302,4
EGY,IDN,04,20111017,4
EGY,IDN,08,20110217,1
EGY,IDN,04,20070224,4
EGY,IDN,05,20010725,2
EUR,IDN,06,20140415,8
EUR,IDN,04,20091223,5
EUR,IDN,02,20120428,1
GBR,IDN,04,20070522,3
GBR,IDN,01,20120612,2
GBR,IDN,03,20120710,5
GIN,IDN,05,20091009,2
IDN,IDN,04,20020318,9
IDN,IDN,05,20120905,4
IDN,IDN,01,20050202,2
IDN,IDN,12,20011126,1
IDN,IDN,01,20030708,6
IDN,IDN,04,20120819,6
IDN,IDN,06,20130719,9
IDN,IDN,01,20021028,5
IDN,IDN,09,20130211,3
IDN,IDN,05,20110315,2
IDN,IDN,02,20010511,2
IDN,IDN,17,20141110,2
IDN,IDN,17,20111021,10
IDN,IDN,01,20140110,3
IDN,IDN,08,20040212,1
IDN,IDN,11,20020725,3
IDN,IDN,01,20090210,2
IDN,IDN,02,20120627,2
IDN,IDN,04,20131029,16
IDN,IDN,04,20040304,2
IDN,IDN,03,20120805,4
IDN,IDN,07,20101129,4
IDN,IDN,01,20140413,6
IDN,IDN,10,20110408,9
IDN,IDN,11,20040617,4
IDN,IDN,18,20110802,1
IDN,IDN,08,20030923,3
IDN,IDN,14,20070421,7
IDN,IDN,13,20050222,1
IDN,IDN,03,20060512,3
IDN,IDN,03,20131008,1
IDN,IDN,04,20000202,9
IDN,IDN,02,20080409,4
IDN,IDN,13,20031006,2
IDN,IDN,01,20111017,4
IDN,IDN,11,20141220,4
IDN,IDN,16,20051231,1
IDN,IDN,17,20120427,7
IDN,IDN,01,20110616,1
IDN,IDN,11,20090113,1
IDN,IDN,02,20060726,3
IDN,IDN,04,20090723,1
IDN,IDN,11,20110205,2
IDN,IDN,01,20140406,10
IDN,IDN,04,20030915,7
IDN,IDN,04,20000831,3
IDN,IDN,11,20111221,4
IDN,IDN,01,20140707,10
IDN,IDN,01,20120217,5
IDN,IDN,11,20110311,8
IDN,IDN,03,20000731,2
IDN,IDN,14,20141007,10
IDN,IDN,03,20121219,2
IDN,IDN,04,20070329,12
IDN,IDN,19,20040720,9
IDN,IDN,05,20010128,4
IDN,IDN,05,20130425,2
IDN,IDN,04,20090903,5
IDN,IDN,09,20120510,2
IDN,IDN,01,20140106,2
IDN,IDN,11,20130129,4
IDN,IDN,07,20100813,6
IDN,IDN,05,20140623,2
IDN,IDN,13,20100808,14
IDN,IDN,05,20130124,3
IDN,IDN,01,20000221,1
IDN,IDN,14,20090910,3
IDN,IDN,11,20130126,7
IDN,IDN,12,20150218,6
IDN,IDN,19,20090921,2
IDN,IDN,19,20150130,4
IDN,IDN,10,20101020,2
IDN,IDN,11,20090725,6
IDN,IDN,11,20101214,5
IDN,IDN,08,20001103,6
IDN,IDN,03,20130918,2
IDN,IDN,13,20140904,6
IDN,IDN,02,20001116,9
IDN,IDN,06,20120701,4
IDN,IDN,11,20100927,3
IDN,IDN,02,20130414,6
IDN,IDN,19,20150217,4
IDN,IDN,11,20120517,2
IDN,IDN,09,20141229,10
IDN,IDN,19,20001002,1
IDN,IDN,05,20091007,6
IDN,IDN,17,20100719,4
IDN,IDN,01,20121017,20
IDN,IDN,19,20150114,2
IDN,IDN,17,20110319,9
IDN,IDN,17,20031125,1
IDN,IDN,05,20020314,2
IDN,IDN,02,20080508,2
IDN,IDN,02,20030505,6
IDN,IDN,05,20010418,4
IDN,IDN,11,20090919,4
IDN,IDN,01,20110201,1
IDN,IDN,03,20130201,6
IND,IDN,04,20100205,20
IND,IDN,01,20131204,4
IND,IDN,11,20090202,4
IND,IDN,19,20070529,2
IRN,IDN,01,20060627,8
IRQ,IDN,01,20090709,2
IRQ,IDN,14,20030331,9
IRQ,IDN,05,20070501,7
ISR,IDN,09,20090519,7
ISR,IDN,13,20121115,2
ITA,IDN,04,20131221,4
JPN,IDN,04,20030208,5
JPN,IDN,19,20141011,7
JPN,IDN,02,20001005,3
JPN,IDN,03,20120207,6
JPN,IDN,03,20130926,1
JPN,IDN,18,20040711,4
JPN,IDN,05,20120523,9
JPN,IDN,04,20050529,5
JPN,IDN,04,20070609,4
JPN,IDN,16,20030520,2
JPN,IDN,09,20120719,6
KHM,IDN,03,20120102,1
KHM,IDN,04,20091023,10
KOR,IDN,05,20060417,9
KOR,IDN,05,20141006,2
KOR,IDN,05,20060922,4
KOR,IDN,04,20110820,52
KOR,IDN,02,20091110,8
KOR,IDN,13,20050108,13
LBN,IDN,07,20061020,6
LBN,IDN,04,20061101,3
LBN,IDN,04,20131006,10
LKA,IDN,04,20141103,6
LUX,IDN,03,20120818,6
MDV,IDN,03,20060819,6
MDV,IDN,08,20141231,8
MEX,IDN,04,20110916,6
MEX,IDN,11,20110421,3
MMR,IDN,03,20110131,2
MMR,IDN,04,20141115,2
MYS,IDN,02,20010308,2
MYS,IDN,17,20130424,2
MYS,IDN,04,20080531,2
MYS,IDN,05,20080916,2
MYS,IDN,02,20131124,4
MYS,IDN,04,20091029,6
MYS,IDN,03,20101130,6
MYS,IDN,04,20100219,7
MYS,IDN,19,20100903,3
MYS,IDN,04,20080705,3
MYS,IDN,02,20090605,4
MYS,IDN,11,20120116,6
MYS,IDN,05,20020629,1
MYS,IDN,09,20091118,2
MYS,IDN,16,20110228,1
MYS,IDN,04,20060717,4
MYS,IDN,05,20141020,2
MYS,IDN,04,20140121,2
MYS,IDN,04,20150201,5
MYS,IDN,04,20080216,1
MYS,IDN,01,20110911,9
MYS,IDN,04,20140706,2
NGA,IDN,04,20010222,7
NLD,IDN,05,20111210,3
NLD,IDN,04,20140719,1
NLD,IDN,04,20070415,3
NOR,IDN,03,20141114,24
NZL,IDN,19,20140505,20
NZL,IDN,03,20140429,3
NZL,IDN,07,20010719,2
PAK,IDN,09,20091016,2
PAK,IDN,04,20000616,13
PAK,IDN,01,20140901,8
PAK,IDN,05,20100911,7
PHL,IDN,04,20131010,10
PHL,IDN,05,20101115,4
PHL,IDN,02,20100719,6
PHL,IDN,17,20021016,5
PHL,IDN,04,20111008,5
PHL,IDN,04,20130220,2
PHL,IDN,19,20110925,5
PHL,IDN,03,20140823,6
PHL,IDN,04,20110915,2
PHL,IDN,17,20060420,3
PHL,IDN,06,20140616,20
PHL,IDN,01,20130202,4
PHL,IDN,05,20090301,1
PHL,IDN,01,20030113,2
PNG,IDN,04,20090803,8
POL,IDN,01,20080621,2
PRK,IDN,05,20090225,5
PSE,IDN,01,20131108,1
PSE,IDN,17,20041209,6
RUS,IDN,04,20031225,2
RUS,IDN,04,20110505,16
RUS,IDN,04,20120509,8
SAU,IDN,02,20111210,4
SAU,IDN,04,20141005,4
SAU,IDN,19,20020316,5
SAU,IDN,04,20130625,3
SAU,IDN,04,20110215,4
SDN,IDN,02,20120424,2
SEA,IDN,03,20090331,4
SEA,IDN,04,20030730,3
SEA,IDN,01,20090519,4
SEA,IDN,01,20021118,2
SEA,IDN,03,20111115,3
SEA,IDN,11,20021106,9
SEA,IDN,11,20080309,4
SEA,IDN,11,20031021,6
SEA,IDN,04,20131009,2
SEA,IDN,11,20090218,5
SEA,IDN,04,20000808,3
SEA,IDN,08,20001130,9
SEA,IDN,11,20080703,9
SEA,IDN,05,20110328,1
SEA,IDN,05,20021214,3
SGP,IDN,04,20110727,1
SGP,IDN,06,20140809,2
SGP,IDN,17,20120215,7
SGP,IDN,05,20130318,6
SGP,IDN,05,20120521,1
SGP,IDN,07,20030120,8
SLB,IDN,04,20081023,2
SLV,IDN,04,20070519,1
SOM,IDN,04,20110414,2
SOM,IDN,19,20130815,10
SWE,IDN,06,20090617,7
SWE,IDN,03,20050201,1
THA,IDN,17,20030908,2
THA,IDN,04,20000720,3
THA,IDN,04,20120113,6
THA,IDN,04,20110916,1
THA,IDN,04,20000222,1
THA,IDN,01,20141213,6
THA,IDN,04,20140523,2
THA,IDN,05,20030815,2
THA,IDN,11,20030910,4
TMP,IDN,04,20071030,3
TMP,IDN,04,20010118,1
TMP,IDN,04,20010913,3
TUN,IDN,01,20100223,4
TUR,IDN,19,20141227,2
TWN,IDN,04,20131003,4
TZA,IDN,01,20101203,4
UGA,IDN,18,20120318,1
UKR,IDN,04,20130211,1
USA,IDN,06,20100903,2
USA,IDN,08,20090609,12
USA,IDN,16,20101001,9
USA,IDN,17,20030711,2
USA,IDN,03,20000728,7
USA,IDN,08,20020722,3
USA,IDN,04,20100303,16
USA,IDN,02,20100919,1
USA,IDN,06,20120507,9
USA,IDN,19,20121208,1
USA,IDN,04,20090219,4
USA,IDN,04,20090204,2
USA,IDN,04,20081027,4
USA,IDN,03,20090218,7
USA,IDN,16,20101106,431
USA,IDN,04,20111020,111
USA,IDN,04,20070611,6
USA,IDN,03,20090909,20
USA,IDN,19,20081106,3
USA,IDN,04,20140822,24
USA,IDN,03,20081117,2
USA,IDN,04,20130913,8
USA,IDN,04,20091209,73
USA,IDN,03,20110803,4
USA,IDN,04,20050125,2
USA,IDN,05,20120328,5
USA,IDN,01,20090919,1
USA,IDN,04,20121101,12
USA,IDN,04,20030516,7
USA,IDN,19,20101110,1
USA,IDN,18,20110925,28
USA,IDN,05,20060211,5
USA,IDN,04,20050114,1
USA,IDN,04,20090222,2
USA,IDN,12,20130508,20
USA,IDN,05,20140723,3
USA,IDN,05,20120222,4
USA,IDN,01,20091003,1
USA,IDN,02,20150117,177
USA,IDN,17,20050128,4
VNM,IDN,03,20011106,6
VNM,IDN,04,20091209,1
YEM,IDN,04,20090228,1
YEM,IDN,04,20100221,3
ZAF,IDN,19,20110725,4
AFG,IND,03,20080408,2
AFG,IND,17,20080513,15
AFR,IND,07,20080901,9
AFR,IND,04,20100106,36
ARE,IND,04,20091202,1
ARE,IND,04,20120120,7
ARE,IND,09,20071226,3
ARG,IND,04,20090113,1
ARG,IND,19,20091030,4
AUS,IND,03,20140906,2
AUS,IND,04,20070728,2
AUS,IND,04,20070414,5
AUS,IND,01,20090707,4
AUS,IND,03,20131009,29
AUS,IND,02,20140905,14
AUT,IND,01,20090212,1
BEL,IND,04,20130907,4
BGD,IND,04,20091203,1
BGD,IND,04,20130723,18
BGD,IND,17,20141108,1
BGD,IND,05,20091209,2
BGD,IND,04,20101022,4
BGD,IND,04,20121115,4
BGD,IND,10,20080514,4
BGD,IND,04,20110921,4
BGD,IND,04,20090201,36
BGD,IND,09,20080730,5
BGD,IND,04,20090419,14
BGD,IND,04,20121117,2
BGD,IND,18,20101127,2
BHR,IND,19,20060403,8
BHR,IND,04,20070320,2
BRA,IND,04,20091127,5
BTN,IND,04,20110113,3
BTN,IND,17,20150111,68
BTN,IND,11,20010201,1
CAN,IND,01,20070919,2
CAN,IND,07,20081128,2
CAN,IND,04,20010906,4
CAN,IND,04,20121106,8
CHN,IND,19,20091223,3
CHN,IND,01,20120606,1
CHN,IND,02,20140822,2
CHN,IND,01,20060922,12
CHN,IND,12,20110202,28
CHN,IND,17,20120823,6
CHN,IND,04,20080123,10
CHN,IND,14,20091110,2
CHN,IND,04,20070527,12
CHN,IND,08,20120109,4
CHN,IND,05,20110909,5
CHN,IND,02,20141025,15
CHN,IND,03,20040725,6
CHN,IND,04,20140917,8
CHN,IND,11,20091021,7
CHN,IND,03,20090915,9
CHN,IND,17,20100921,36
CHN,IND,01,20080331,2
CHN,IND,19,20140816,5
DEU,IND,04,20141003,10
DEU,IND,03,20080523,6
DEU,IND,01,20140908,2
DEU,IND,01,20040816,2
DNK,IND,11,20120624,2
EGY,IND,16,20100811,5
EUR,IND,05,20011217,2
EUR,IND,16,20070923,9
FRA,IND,05,20081110,6
FRA,IND,18,20140423,7
FRA,IND,05,20130216,5
FRA,IND,04,20130807,3
GBR,IND,04,20131110,10
GBR,IND,17,20110823,9
GBR,IND,04,20091101,9
GBR,IND,01,20140619,2
GBR,IND,04,20070117,6
GBR,IND,11,20120523,7
GBR,IND,11,20081222,4
GBR,IND,03,20131107,6
GBR,IND,04,20091107,6
GBR,IND,19,20110911,1
GBR,IND,14,20090906,2
GBR,IND,04,20081203,1
GBR,IND,08,20141205,1
GBR,IND,04,20080129,2
GBR,IND,03,20091217,8
GBR,IND,03,20140531,4
GBR,IND,04,20100323,7
GBR,IND,04,20140502,2
IDN,IND,18,20120809,12
IND,IND,09,20121004,2
IND,IND,04,20140815,40
IND,IND,07,20100802,9
IND,IND,01,20090715,2
IND,IND,05,20111031,9
IND,IND,04,20080131,6
IND,IND,01,20110521,9
IND,IND,17,20110527,4
IND,IND,18,20130901,14
IND,IND,05,20140114,2
IND,IND,01,20100118,1
IND,IND,05,20121223,5
IND,IND,16,20130428,6
IND,IND,01,20131017,4
IND,IND,04,20120722,10
IND,IND,16,20141031,16
IND,IND,02,20140925,4
IND,IND,11,20130330,1
IND,IND,01,20090809,2
IND,IND,02,20090119,36
IND,IND,07,20141213,2
IND,IND,05,20111027,5
IND,IND,03,20131114,2
IND,IND,14,20110511,15
IND,IND,10,20080822,9
IND,IND,04,20070419,32
IND,IND,07,20090610,1
IND,IND,10,20110220,2
IND,IND,04,20141207,57
IND,IND,02,20100925,9
IND,IND,04,20060123,2
IND,IND,04,20100801,18
IND,IND,04,20080616,9
IND,IND,05,20130821,6
IND,IND,11,20100515,8
IND,IND,03,20110603,9
IND,IND,17,20121029,1
IND,IND,05,20120307,2
IND,IND,04,20100811,11
IND,IND,04,20090115,27
IND,IND,04,20000711,2
IND,IND,02,20121126,2
IND,IND,04,20080617,18
IND,IND,09,20111013,9
IND,IND,04,20130805,4
IND,IND,04,20091101,2
IND,IND,03,20100204,2
IND,IND,17,20110913,2
IND,IND,12,20140816,2
IND,IND,11,20111130,9
IND,IND,04,20020923,1
IND,IND,05,20090505,2
IND,IND,02,20110110,2
IND,IND,01,20130819,2
IND,IND,04,20091013,7
IND,IND,11,20140821,2
IND,IND,09,20131018,6
IND,IND,04,20110406,6
IND,IND,02,20070328,6
IND,IND,05,20141103,3
IND,IND,02,20090113,3
IND,IND,05,20130625,5
IND,IND,04,20050726,16
IND,IND,17,20090201,1
IND,IND,19,20100503,3
IND,IND,04,20090822,2
IND,IND,04,20091014,33
IND,IND,02,20140430,10
IND,IND,04,20100404,9
IND,IND,17,20070530,1
IND,IND,08,20060408,9
IND,IND,09,20080129,9
IND,IND,19,20100903,3
IND,IND,02,20111102,9
IND,IND,11,20141110,1
IND,IND,03,20111114,1
IND,IND,11,20110718,1
IND,IND,18,20090416,9
IND,IND,02,20131120,10
IND,IND,03,20140516,6
IND,IND,06,20130808,4
IND,IND,01,20080825,5
IND,IND,03,20081027,4
IND,IND,01,20120310,2
IND,IND,19,20130122,5
IND,IND,18,20130415,4
IND,IND,01,20130116,1
IND,IND,07,20141230,20
IND,IND,01,20071012,3
IND,IND,03,20091206,21
IND,IND,06,20120614,2
IND,IND,01,20081221,8
IND,IND,08,20130122,4
IND,IND,17,20121218,2
IND,IND,02,20090310,2
IND,IND,08,20120207,9
IND,IND,17,20140519,2
IND,IND,14,20071208,9
IND,IND,01,20090902,5
IND,IND,03,20110210,2
IND,IND,04,20080217,3
IND,IND,11,20130301,16
IND,IND,17,20130818,2
IND,IND,15,20141229,2
IND,IND,02,20091122,9
IND,IND,06,20120301,6
IND,IND,02,20131209,2
IND,IND,03,20070606,12
IND,IND,03,20120428,4
IND,IND,05,20100224,12
IND,IND,08,20090319,5
IND,IND,02,20140726,8
IND,IND,01,20140824,6
IND,IND,19,20000617,4
IND,IND,18,20130221,2
IND,IND,17,20030921,1
IND,IND,03,20120709,1
IND,IND,04,20130727,2
IND,IND,12,20141122,2
IND,IND,17,20090916,1
IND,IND,01,20140804,2
IND,IND,14,20090916,8
IND,IND,01,20131028,25
IND,IND,02,20090126,1
IND,IND,08,20110428,2
IND,IND,18,20140519,10
IND,IND,05,20120709,5
IRL,IND,01,20131011,12
IRN,IND,11,20141215,1
IRN,IND,08,20130905,4
IRQ,IND,04,20130915,2
IRQ,IND,04,20140909,2
ISR,IND,06,20120117,9
ITA,IND,04,20120405,4
ITA,IND,09,20140225,5
JPN,IND,04,20070403,1
JPN,IND,03,20090218,9
JPN,IND,01,20070613,12
JPN,IND,04,20010823,9
JPN,IND,01,20100925,3
JPN,IND,04,20070526,2
JPN,IND,09,20130809,1
JPN,IND,03,20140915,8
JPN,IND,03,20140522,6
KAZ,IND,04,20111013,4
KOR,IND,19,20081215,3
KWT,IND,11,20131113,4
LKA,IND,17,20141122,3
LKA,IND,04,20130905,4
LKA,IND,03,20120307,2
LKA,IND,04,20140919,4
LKA,IND,01,20140528,2
LKA,IND,04,20140828,2
LKA,IND,02,20131230,4
LKA,IND,18,20090129,6
LKA,IND,04,20101015,10
LKA,IND,04,20120920,3
LKA,IND,11,20110812,1
LKA,IND,02,20060903,1
MEX,IND,04,20080428,6
MMR,IND,19,20100130,4
MMR,IND,01,20120529,53
MMR,IND,01,20130613,4
MYS,IND,04,20080117,2
NGA,IND,04,20120326,18
NGA,IND,17,20141027,6
NLD,IND,14,20110817,2
NOR,IND,04,20100204,1
NOR,IND,04,20120319,6
NOR,IND,06,20100616,10
NPL,IND,04,20141124,5
NPL,IND,04,20120903,4
NPL,IND,18,20021213,2
NPL,IND,04,20090613,8
NPL,IND,04,20140302,20
PAK,IND,18,20130114,1
PAK,IND,16,20100421,4
PAK,IND,09,20140912,1
PAK,IND,04,20150103,2
PAK,IND,04,20100914,5
PAK,IND,01,20120830,1
PAK,IND,04,20140608,2
PAK,IND,04,20130913,1
PAK,IND,08,20141218,259
PAK,IND,17,20141230,21
PAK,IND,03,20120703,1
PAK,IND,04,20131005,10
PAK,IND,18,20090928,11
PAK,IND,07,20090730,2
PAK,IND,17,20101017,1
PAK,IND,11,20130218,6
PAK,IND,17,20100830,2
PAK,IND,03,20110903,8
PAK,IND,11,20110730,3
PAK,IND,03,20140728,2
PAK,IND,03,20070429,2
PAK,IND,11,20081229,3
PAK,IND,11,20141110,4
PAK,IND,03,20140318,7
PAK,IND,04,20110503,8
PAK,IND,04,20130922,10
PAK,IND,10,20091107,12
PAK,IND,09,20090911,12
PAK,IND,04,20111204,7
PAK,IND,17,20140220,4
PAK,IND,01,20090108,1
PAK,IND,04,20110107,30
PAK,IND,06,20110101,1
PAK,IND,03,20120424,6
PAK,IND,12,20120107,18
PAK,IND,17,20090331,3
PAK,IND,03,20090115,4
PAK,IND,19,20020908,2
PAK,IND,05,20090108,7
PAK,IND,19,20110531,2
PAK,IND,06,20100503,2
PAK,IND,04,20111214,1
PHL,IND,04,20121214,1
PRT,IND,04,20000622,2
RUS,IND,04,20130625,8
RUS,IND,19,20110621,2
RUS,IND,08,20090107,1
RUS,IND,02,20081126,6
RUS,IND,03,20100802,4
RUS,IND,06,20091203,24
RUS,IND,04,20131024,26
SAS,IND,01,20100804,6
SAS,IND,19,20120614,1
SAU,IND,06,20120726,6
SAU,IND,04,20120111,3
SAU,IND,04,20090207,6
SGP,IND,01,20141115,10
SGP,IND,03,20030526,4
SGP,IND,04,20100827,6
THA,IND,04,20121023,1
THA,IND,04,20110224,2
TTO,IND,06,20100424,8
TUR,IND,03,20100207,5
TZA,IND,05,20110527,4
USA,IND,04,20090402,1
USA,IND,11,20141101,2
USA,IND,04,20090820,5
USA,IND,04,20140716,2
USA,IND,04,20100820,4
USA,IND,03,20120329,6
USA,IND,17,20120209,6
USA,IND,07,20100407,4
USA,IND,03,20150119,11
USA,IND,04,20110720,9
USA,IND,08,20141003,8
USA,IND,03,20140316,3
USA,IND,17,20131029,6
USA,IND,04,20070131,6
USA,IND,04,20141223,10
USA,IND,04,20031210,2
USA,IND,06,20140427,1
USA,IND,04,20140818,50
USA,IND,04,20120227,2
USA,IND,03,20120301,10
USA,IND,11,20140820,6
USA,IND,01,20120204,4
USA,IND,05,20141125,14
USA,IND,03,20131008,2
USA,IND,17,20120526,6
USA,IND,17,20140415,4
USA,IND,04,20141106,8
USA,IND,01,20090620,3
USA,IND,04,20020113,4
USA,IND,04,20130820,18
USA,IND,03,20150125,52
USA,IND,04,20120207,4
USA,IND,05,20150115,20
USA,IND,04,20130513,6
USA,IND,17,20141117,98
USA,IND,04,20130723,2
USA,IND,04,20110228,9
USA,IND,18,20130323,10
USA,IND,13,20011017,1
USA,IND,12,20080413,7
USA,IND,04,20110524,2
USA,IND,17,20120809,2
USA,IND,01,20140620,1
USA,IND,05,20100128,1
USA,IND,04,20130715,20
USA,IND,17,20140516,2
USA,IND,01,20110413,9
VNM,IND,04,20001107,1
ZAF,IND,01,20081129,4
AFG,IRL,17,20110324,7
AFR,IRL,04,20000111,2
AFR,IRL,03,20090426,2
ARE,IRL,04,20061211,2
ARE,IRL,17,20140315,10
ARG,IRL,04,20130207,5
AUS,IRL,04,20141111,4
AUS,IRL,04,20110220,9
AUS,IRL,17,20141119,2
AUS,IRL,04,20090212,1
AUS,IRL,11,20131002,10
AUS,IRL,04,20120927,2
AUS,IRL,04,20110917,4
AUS,IRL,04,20091110,5
AUS,IRL,07,20080428,3
AUS,IRL,09,20120710,8
AUS,IRL,17,20120629,1
AUS,IRL,04,20120120,2
AUS,IRL,02,20101202,7
AUS,IRL,03,20040116,1
BEL,IRL,02,20131008,48
BEL,IRL,05,20140812,4
BGD,IRL,04,20110309,9
BMU,IRL,06,20110921,8
BOL,IRL,19,20140618,8
BRA,IRL,06,20131001,1
CAN,IRL,04,20120618,1
CAN,IRL,04,20140322,10
CAN,IRL,06,20081209,9
CAN,IRL,04,20110408,4
CAN,IRL,04,20000127,2
CAN,IRL,04,20101017,6
CHE,IRL,01,20111223,2
CHL,IRL,04,20010823,8
CHN,IRL,04,20101211,51
CHN,IRL,04,20140523,6
CHN,IRL,04,20120227,4
CZE,IRL,04,20040421,3
DEU,IRL,04,20080224,5
DEU,IRL,19,20060320,4
DEU,IRL,17,20150210,1
DEU,IRL,13,20100924,15
DNK,IRL,02,20071122,4
EGY,IRL,08,20130703,6
EGY,IRL,17,20130819,35
EGY,IRL,05,20110321,3
EGY,IRL,14,20131024,4
EGY,IRL,04,20071104,7
ESP,IRL,05,20120730,2
ESP,IRL,02,20100216,2
ESP,IRL,02,20120606,7
ESP,IRL,04,20100711,6
ESP,IRL,04,20090715,7
EST,IRL,04,20140317,6
EUR,IRL,04,20120124,4
EUR,IRL,03,20040315,4
EUR,IRL,05,20091030,18
EUR,IRL,04,20140919,20
EUR,IRL,01,20140811,5
EUR,IRL,05,20120527,2
EUR,IRL,02,20121116,6
EUR,IRL,04,20110313,7
EUR,IRL,08,20120624,7
EUR,IRL,01,20110207,10
EUR,IRL,07,20140204,1
EUR,IRL,01,20110810,9
EUR,IRL,02,20110426,5
EUR,IRL,07,20141119,6
FIN,IRL,13,20070828,8
FRA,IRL,05,20131108,2
FRA,IRL,04,20080703,3
FRA,IRL,04,20130703,2
FRA,IRL,09,20140423,4
FRA,IRL,03,20081001,2
FRA,IRL,12,20130910,5
FRA,IRL,05,20050516,5
FRA,IRL,08,20120616,14
FRA,IRL,02,20140819,2
FRA,IRL,01,20131215,10
FRA,IRL,04,20100501,2
FSM,IRL,02,20140821,7
GBR,IRL,04,20061106,1
GBR,IRL,03,20130321,2
GBR,IRL,19,20131102,1
GBR,IRL,19,20100821,3
GBR,IRL,01,20130212,2
GBR,IRL,01,20110418,4
GBR,IRL,01,20141110,5
GBR,IRL,01,20080715,7
GBR,IRL,04,20140506,10
GBR,IRL,03,20000202,2
GBR,IRL,11,20110830,4
GBR,IRL,02,20131122,1
GBR,IRL,04,20130219,10
GBR,IRL,05,20091121,5
GBR,IRL,12,20140202,4
GBR,IRL,17,20090908,9
GBR,IRL,08,20121129,48
GBR,IRL,11,20130418,4
GBR,IRL,01,20091105,4
GBR,IRL,04,20130827,1
GBR,IRL,04,20100125,86
GBR,IRL,19,20000609,2
GBR,IRL,03,20090516,1
GBR,IRL,04,20020630,1
GBR,IRL,04,20130801,2
GBR,IRL,12,20110630,4
GBR,IRL,17,20141125,2
GBR,IRL,05,20140520,4
GBR,IRL,18,20130914,2
GBR,IRL,19,20090326,2
GBR,IRL,04,20000224,1
GBR,IRL,05,20140102,10
GBR,IRL,01,20111103,1
GBR,IRL,16,20141212,5
GBR,IRL,04,20010502,7
GBR,IRL,04,20091130,9
GBR,IRL,02,20050722,6
GBR,IRL,04,20140807,2
GBR,IRL,03,20060919,9
GBR,IRL,17,20021004,1
GBR,IRL,09,20131025,4
GBR,IRL,03,20090610,9
GBR,IRL,08,20090718,1
GBR,IRL,01,20140703,10
GBR,IRL,04,20090225,2
GBR,IRL,17,20121005,10
GBR,IRL,03,20131124,2
GBR,IRL,06,20111005,6
GBR,IRL,05,20010806,50
GBR,IRL,01,20090227,5
GBR,IRL,12,20140101,4
GRC,IRL,01,20121212,6
GRC,IRL,16,20101202,1
HTI,IRL,05,20100124,2
IDN,IRL,03,20090426,2
IDN,IRL,09,20131118,10
IND,IRL,01,20130830,20
IRL,IRL,12,20130613,2
IRL,IRL,01,20030413,2
IRL,IRL,09,20091209,1
IRL,IRL,03,20120510,4
IRL,IRL,01,20110710,3
IRL,IRL,05,20120210,1
IRL,IRL,02,20081223,4
IRL,IRL,03,20110129,1
IRL,IRL,19,20100529,4
IRL,IRL,05,20130316,3
IRL,IRL,13,20090709,4
IRL,IRL,14,20080818,2
IRL,IRL,01,20100824,12
IRL,IRL,04,20110328,1
IRL,IRL,17,20090209,4
IRL,IRL,06,20110929,4
IRL,IRL,05,20041006,3
IRL,IRL,17,20080721,1
IRL,IRL,02,20081023,3
IRL,IRL,04,20131010,6
IRL,IRL,02,20141215,4
IRL,IRL,17,20081110,4
IRL,IRL,17,20110520,11
IRL,IRL,05,20091029,4
IRL,IRL,13,20100203,5
IRL,IRL,19,20111201,2
IRL,IRL,04,20080913,3
IRL,IRL,01,20110104,4
IRL,IRL,04,20130830,8
IRL,IRL,05,20091211,4
IRL,IRL,08,20050203,2
IRL,IRL,01,20120524,9
IRL,IRL,11,20140418,4
IRL,IRL,13,20070426,2
IRL,IRL,17,20090904,4
IRL,IRL,17,20130816,1
IRL,IRL,04,20101121,9
IRL,IRL,01,20080416,1
IRL,IRL,03,20061215,4
IRL,IRL,01,20121007,4
IRL,IRL,04,20040606,4
IRL,IRL,02,20110915,1
IRL,IRL,04,20090113,3
IRL,IRL,01,20120824,2
IRL,IRL,04,20110813,1
IRL,IRL,05,20140427,2
IRL,IRL,10,20140506,9
IRL,IRL,01,20101129,8
IRL,IRL,17,20071206,2
IRL,IRL,18,20140911,16
IRL,IRL,10,20101127,6
IRL,IRL,17,20130702,23
IRL,IRL,02,20071012,4
IRL,IRL,05,20110609,9
IRL,IRL,01,20110614,2
IRL,IRL,04,20120720,2
IRL,IRL,04,20080219,7
IRL,IRL,08,20110802,4
IRL,IRL,09,20130201,4
IRL,IRL,01,20101207,2
IRL,IRL,03,20110331,4
IRL,IRL,05,20090521,8
IRL,IRL,04,20130113,2
IRL,IRL,17,20091225,9
IRL,IRL,03,20080117,1
IRL,IRL,09,20091021,6
IRL,IRL,02,20040407,1
IRL,IRL,12,20021014,2
IRL,IRL,10,20131203,2
IRL,IRL,10,20040310,4
IRL,IRL,03,20061102,2
IRL,IRL,03,20110906,9
IRL,IRL,01,20110404,2
IRN,IRL,04,20131110,16
IRN,IRL,08,20131124,2
IRN,IRL,04,20120112,2
IRN,IRL,03,20090901,6
IRQ,IRL,18,20100822,4
IRQ,IRL,04,20110809,2
IRQ,IRL,19,20121103,8
ISR,IRL,08,20101005,1
ITA,IRL,04,20110621,1
ITA,IRL,18,20110731,2
ITA,IRL,17,20130716,10
ITA,IRL,04,20070412,2
ITA,IRL,10,20130311,4
JOR,IRL,01,20080603,2
JOR,IRL,04,20071206,2
JPN,IRL,04,20130617,6
JPN,IRL,18,20120525,4
JPN,IRL,08,20110826,2
LBR,IRL,04,20040630,3
LBY,IRL,05,20110803,3
LVA,IRL,02,20131105,2
MEX,IRL,04,20071130,12
MEX,IRL,02,20140502,1
MEX,IRL,04,20140504,4
MEX,IRL,05,20130904,1
MLT,IRL,07,20120727,8
MUS,IRL,09,20140112,2
NGA,IRL,17,20130718,20
NGA,IRL,17,20111208,3
NLD,IRL,04,20140419,6
NOR,IRL,05,20081203,8
NOR,IRL,04,20110820,4
NZL,IRL,05,20100422,2
NZL,IRL,04,20141118,10
NZL,IRL,17,20101210,4
NZL,IRL,04,20081204,2
PAK,IRL,01,20130730,8
PHL,IRL,17,20091017,4
PHL,IRL,03,20081101,2
POL,IRL,04,20040128,5
POL,IRL,11,20090108,3
POL,IRL,05,20091004,1
PRT,IRL,05,20121024,10
PRT,IRL,10,20110718,1
PRT,IRL,01,20111219,12
PRT,IRL,04,20130423,4
PRT,IRL,05,20111014,12
PRT,IRL,03,20130316,15
PSE,IRL,16,20081109,2
PSE,IRL,04,20140729,8
QAT,IRL,04,20090506,3
RUS,IRL,13,20130705,2
SAU,IRL,19,20080310,3
SAU,IRL,01,20120719,2
SDN,IRL,03,20090706,1
SSD,IRL,19,20131219,10
SWE,IRL,04,20131009,2
SYR,IRL,19,20130701,2
SYR,IRL,02,20150110,2
SYR,IRL,06,20140310,10
SYR,IRL,19,20110507,6
TJK,IRL,04,20030623,1
TUR,IRL,01,20040505,5
TUR,IRL,19,20130909,16
UGA,IRL,06,20020324,5
UKR,IRL,08,20130427,6
UKR,IRL,17,20110423,23
USA,IRL,07,20131204,2
USA,IRL,04,20070415,2
USA,IRL,04,20130718,10
USA,IRL,07,20140305,8
USA,IRL,19,20101224,2
USA,IRL,05,20140515,8
USA,IRL,04,20090828,20
USA,IRL,04,20131208,4
USA,IRL,01,20090316,5
USA,IRL,05,20141016,10
USA,IRL,02,20130926,6
USA,IRL,04,20140416,2
USA,IRL,17,20131013,9
USA,IRL,02,20070315,2
USA,IRL,04,20091212,1
USA,IRL,02,20120530,9
USA,IRL,08,20121223,2
USA,IRL,19,20000503,4
USA,IRL,05,20100808,2
USA,IRL,01,20110113,2
USA,IRL,10,20140612,4
USA,IRL,06,20091229,4
USA,IRL,11,20090516,8
USA,IRL,04,20080808,2
USA,IRL,05,20130729,4
USA,IRL,06,20111126,1
USA,IRL,03,20120516,2
USA,IRL,04,20130925,5
USA,IRL,01,20120202,4
USA,IRL,06,20081230,2
USA,IRL,05,20050728,7
USA,IRL,03,20080615,14
USA,IRL,12,20130716,12
USA,IRL,05,20130618,6
USA,IRL,04,20030408,13
USA,IRL,04,20090319,2
USA,IRL,06,20100701,1
USA,IRL,03,20141103,2
USA,IRL,02,20120819,1
USA,IRL,02,20090902,4
USA,IRL,04,20010710,6
USA,IRL,02,20091023,6
USA,IRL,09,20130705,2
USA,IRL,03,20110226,14
USA,IRL,01,20101014,12
USA,IRL,11,20110715,2
USA,IRL,04,20130608,6
VAT,IRL,01,20111105,4
AFG,IRN,03,20001128,2
AFG,IRN,19,20141215,3
AFG,IRN,04,20010808,1
AFG,IRN,19,20111127,9
AFG,IRN,04,20100805,1
AFG,IRN,04,20080520,3
AFG,IRN,04,20090910,2
AFG,IRN,05,20120225,5
AFG,IRN,19,20121214,2
AFG,IRN,12,20091128,7
AFG,IRN,17,20011115,1
AFG,IRN,04,20140412,18
AFG,IRN,04,20101014,6
AFG,IRN,01,20110616,1
AFG,IRN,18,20110202,1
AFG,IRN,01,20020514,6
AFG,IRN,03,20070211,6
AFG,IRN,02,20030102,14
AFG,IRN,04,20141221,4
AFG,IRN,03,20090420,3
AFG,IRN,04,20011009,7
AFG,IRN,04,20071008,3
AFG,IRN,08,20090813,12
AFG,IRN,04,20130418,12
AFG,IRN,07,20010422,9
AFG,IRN,02,20030102,2
AFG,IRN,04,20100406,4
AFR,IRN,05,20131103,1
AFR,IRN,11,20120109,6
AFR,IRN,04,20090116,1
AFR,IRN,06,20130725,2
AFR,IRN,17,20100904,4
AGO,IRN,11,20130222,4
ARE,IRN,01,20071206,16
ARE,IRN,10,20120322,1
ARE,IRN,03,20060720,4
ARE,IRN,02,20140807,2
ARE,IRN,03,20131204,5
ARE,IRN,13,20140114,2
ARG,IRN,19,20030909,2
ARG,IRN,01,20070815,4
ARM,IRN,03,20000603,1
ARM,IRN,04,20131002,8
ARM,IRN,06,20101224,16
ARM,IRN,04,20010620,2
ARM,IRN,05,20110124,2
ARM,IRN,19,20001026,8
ARM,IRN,04,20050221,4
ARM,IRN,05,20010131,2
ARM,IRN,02,20130709,4
ARM,IRN,04,20100220,1
ARM,IRN,04,20050214,9
ARM,IRN,04,20010912,5
AUS,IRN,01,20110804,2
AUS,IRN,11,20141216,6
AUS,IRN,05,20111012,2
AUS,IRN,17,20110307,35
AUT,IRN,04,20061228,9
AUT,IRN,04,20060307,28
AUT,IRN,03,20090915,1
AUT,IRN,11,20091209,4
AUT,IRN,04,20141104,8
AUT,IRN,05,20100705,2
AUT,IRN,04,20120224,18
AUT,IRN,11,20100915,89
AUT,IRN,04,20051014,6
AUT,IRN,04,20090909,9
AUT,IRN,17,20141209,16
AUT,IRN,04,20141016,32
AUT,IRN,04,20140218,30
AUT,IRN,04,20140409,32
AUT,IRN,12,20111214,2
AUT,IRN,04,20011203,1
AUT,IRN,09,20130115,6
AUT,IRN,06,20140616,1
AUT,IRN,16,20020311,3
AUT,IRN,05,20090119,7
AUT,IRN,04,20060217,2
AZE,IRN,04,20130726,6
AZE,IRN,11,20131023,2
AZE,IRN,04,20140930,10
AZE,IRN,01,20010907,2
AZE,IRN,05,20030428,2
AZE,IRN,04,20131129,5
AZE,IRN,12,20120920,1
AZE,IRN,04,20001123,1
AZE,IRN,03,20081024,2
AZE,IRN,05,20140819,4
AZE,IRN,01,20070303,1
AZE,IRN,05,20000808,12
AZE,IRN,01,20120713,6
AZE,IRN,03,20120301,1
AZE,IRN,05,20040114,1
AZE,IRN,03,20110530,5
BDI,IRN,05,20121124,10
BEL,IRN,04,20121110,6
BEL,IRN,03,20101031,4
BEL,IRN,03,20101029,2
BEL,IRN,04,20140729,6
BEL,IRN,04,20060914,3
BEL,IRN,08,20030827,5
BEL,IRN,04,20080806,2
BEL,IRN,04,20090326,8
BGD,IRN,03,20141216,4
BGR,IRN,07,20031228,2
BHR,IRN,01,20070425,7
BHR,IRN,04,20110406,1
BHR,IRN,04,20101219,2
BHR,IRN,04,20111007,8
BHR,IRN,16,20110426,71
BHR,IRN,11,20111101,1
BLR,IRN,04,20030906,4
BRA,IRN,16,20100612,8
BRA,IRN,05,20100423,10
BRA,IRN,04,20090505,8
BRN,IRN,04,20131220,2
BWA,IRN,04,20080130,2
CAN,IRN,03,20090725,16
CAN,IRN,04,20140502,8
CAN,IRN,16,20111106,4
CAN,IRN,12,20020111,1
CAN,IRN,01,20140618,1
CAN,IRN,13,20120301,1
CAN,IRN,16,20111121,5
CAN,IRN,19,20141030,20
CAN,IRN,05,20130826,3
CAN,IRN,05,20090926,8
CAN,IRN,01,20120612,2
CAN,IRN,17,20100210,2
CAS,IRN,01,20071007,9
CHE,IRN,16,20090925,7
CHE,IRN,03,20131108,14
CHE,IRN,05,20131128,14
CHE,IRN,04,20101204,31
CHE,IRN,16,20120706,12
CHE,IRN,05,20131017,12
CHE,IRN,03,20040211,2
CHE,IRN,04,20100423,1
CHE,IRN,05,20130912,4
CHE,IRN,04,20090408,5
CHE,IRN,04,20131006,2
CHE,IRN,12,20090923,16
CHE,IRN,04,20091109,7
CHE,IRN,04,20130926,4
CHE,IRN,03,20131122,24
CHN,IRN,02,20140520,2
CHN,IRN,05,20140712,6
CHN,IRN,16,20141116,100
CHN,IRN,12,20120820,2
CHN,IRN,02,20120112,8
CHN,IRN,02,20080705,6
CHN,IRN,04,20131129,8
CHN,IRN,05,20141123,34
CHN,IRN,04,20140308,4
CHN,IRN,07,20130329,3
CHN,IRN,05,20120608,11
CHN,IRN,13,20060305,3
CHN,IRN,01,20080114,3
CHN,IRN,11,20120328,72
CHN,IRN,02,20120407,5
CHN,IRN,05,20111114,5
CHN,IRN,03,20141111,4
CHN,IRN,16,20100319,8
CHN,IRN,16,20130924,5
CHN,IRN,04,20050131,4
CHN,IRN,04,20131001,5
CHN,IRN,01,20110527,5
CHN,IRN,04,20110715,40
CHN,IRN,04,20060419,5
CHN,IRN,03,20000414,3
CHN,IRN,05,20080416,4
CHN,IRN,04,20131109,8
CHN,IRN,11,20091201,18
CHN,IRN,03,20060814,4
CHN,IRN,13,20111125,1
CHN,IRN,05,20140226,4
CHN,IRN,03,20131127,8
CPV,IRN,01,20131014,2
CUB,IRN,04,20060919,8
CUB,IRN,04,20080228,6
CUB,IRN,04,20060913,3
CYP,IRN,05,20010228,7
CYP,IRN,09,20090131,2
CZE,IRN,13,20060212,5
DEU,IRN,04,20140309,24
DEU,IRN,13,20091126,3
DEU,IRN,04,20111130,36
DEU,IRN,04,20121012,2
DEU,IRN,04,20150205,120
DEU,IRN,05,20120706,2
DEU,IRN,05,20140914,16
DEU,IRN,04,20011204,1
DEU,IRN,17,20071211,2
DEU,IRN,06,20000711,2
DEU,IRN,04,20000305,5
DEU,IRN,04,20110220,7
DEU,IRN,03,20040505,2
DEU,IRN,04,20060919,4
DEU,IRN,16,20070304,7
DEU,IRN,01,20120309,2
DEU,IRN,02,20111028,5
DEU,IRN,12,20141106,32
DEU,IRN,13,20071015,2
DEU,IRN,04,20080916,1
DEU,IRN,13,20080807,2
DEU,IRN,11,20140819,10
DEU,IRN,05,20031217,2
DEU,IRN,04,20090204,18
DEU,IRN,16,20110201,8
DEU,IRN,12,20060628,3
DEU,IRN,01,20080805,2
DEU,IRN,05,20031221,18
DEU,IRN,11,20051130,2
DEU,IRN,17,20120328,8
DEU,IRN,17,20000710,2
DEU,IRN,03,20120520,8
DEU,IRN,04,20140106,42
DEU,IRN,02,20120522,34
DEU,IRN,04,20150209,20
DNK,IRN,04,20001027,2
DZA,IRN,04,20080810,1
DZA,IRN,04,20050404,5
EGY,IRN,04,20100221,2
EGY,IRN,04,20120830,7
EGY,IRN,04,20140107,6
EGY,IRN,17,20061108,28
EGY,IRN,14,20110305,4
EGY,IRN,10,20060328,3
EGY,IRN,08,20140603,8
EGY,IRN,04,20120807,3
EGY,IRN,04,20120824,19
EGY,IRN,05,20090715,2
EGY,IRN,01,20111123,1
EGY,IRN,04,20130627,2
EGY,IRN,08,20131220,8
EGY,IRN,05,20130722,6
EGY,IRN,03,20001027,8
EGY,IRN,08,20120826,5
EGY,IRN,04,20110807,2
EGY,IRN,04,20120906,1
EGY,IRN,05,20121122,1
EGY,IRN,11,20101005,1
EGY,IRN,03,20120704,24
ESP,IRN,04,20110215,4
ESP,IRN,01,20070118,3
ESP,IRN,03,20070220,10
EUR,IRN,13,20111130,48
EUR,IRN,16,20111223,7
EUR,IRN,10,20060525,3
EUR,IRN,04,20121214,62
EUR,IRN,04,20021028,2
EUR,IRN,02,20140408,2
EUR,IRN,05,20110907,10
EUR,IRN,13,20030721,7
EUR,IRN,04,20061212,1
EUR,IRN,01,20060824,3
EUR,IRN,02,20060627,6
EUR,IRN,04,20120121,9
EUR,IRN,05,20060613,4
EUR,IRN,18,20120518,2
EUR,IRN,16,20120125,18
EUR,IRN,10,20090508,9
EUR,IRN,04,20140511,6
EUR,IRN,11,20040504,1
EUR,IRN,08,20120113,5
EUR,IRN,16,20111201,10
EUR,IRN,04,20140711,3
EUR,IRN,10,20130715,20
EUR,IRN,03,20070422,4
EUR,IRN,04,20110719,2
EUR,IRN,16,20120704,10
EUR,IRN,02,20120124,1
EUR,IRN,16,20130311,7
EUR,IRN,01,20130716,10
EUR,IRN,03,20120119,6
EUR,IRN,03,20060109,7
EUR,IRN,16,20051029,3
FIN,IRN,03,20140827,2
FRA,IRN,03,20030422,1
FRA,IRN,08,20070405,2
FRA,IRN,04,20100516,6
FRA,IRN,01,20030619,1
FRA,IRN,05,20100212,5
FRA,IRN,04,20130902,6
FRA,IRN,02,20090809,6
FRA,IRN,04,20030702,2
FRA,IRN,11,20071211,2
FRA,IRN,04,20070404,9
FRA,IRN,04,20031011,5
FRA,IRN,02,20100513,8
FRA,IRN,04,20131014,1
FRA,IRN,06,20140729,8
FRA,IRN,01,20080720,2
FRA,IRN,01,20141028,1
FRA,IRN,10,20091103,19
FRA,IRN,04,20070724,1
FRA,IRN,04,20141104,2
FRA,IRN,02,20070201,4
FRA,IRN,16,20090923,3
FRA,IRN,01,20100203,2
FRA,IRN,17,20140716,2
FRA,IRN,10,20090807,2
FRA,IRN,16,20141127,2
FRA,IRN,04,20140211,24
FRA,IRN,03,20090422,2
FRA,IRN,04,20090326,6
FRA,IRN,13,20090924,12
FRA,IRN,16,20080711,4
FRA,IRN,06,20080229,4
FRA,IRN,07,20110605,2
FRA,IRN,01,20080624,2
FRA,IRN,04,20071019,5
FRA,IRN,16,20131124,4
FRA,IRN,11,20080310,2
FRA,IRN,04,20100518,2
FRA,IRN,02,20090223,3
FSM,IRN,11,20051103,2
FSM,IRN,02,20100105,9
FSM,IRN,12,20140427,10
FSM,IRN,05,20140118,1
GBR,IRN,16,20071101,3
GBR,IRN,03,20131017,3
GBR,IRN,13,20111111,2
GBR,IRN,05,20000221,2
GBR,IRN,04,20070326,9
GBR,IRN,04,20150118,18
GBR,IRN,11,20120221,4
GBR,IRN,01,20101227,2
GBR,IRN,13,20111110,8
GBR,IRN,01,20090623,8
GBR,IRN,16,20120201,3
GBR,IRN,11,20091002,2
GBR,IRN,11,20110913,5
GBR,IRN,01,20140107,1
GBR,IRN,04,20080102,2
GBR,IRN,05,20090408,8
GBR,IRN,04,20131217,6
GBR,IRN,02,20091216,9
GBR,IRN,11,20101228,3
GBR,IRN,13,20101103,12
GBR,IRN,03,20061113,4
GBR,IRN,11,20091215,1
GBR,IRN,11,20120807,4
GBR,IRN,13,20140715,15
GBR,IRN,04,20120124,5
GBR,IRN,06,20051023,4
GBR,IRN,05,20030624,2
GBR,IRN,17,20100302,5
GBR,IRN,04,20141008,3
GBR,IRN,04,20131206,1
GBR,IRN,11,20051027,2
GBR,IRN,05,20060528,1
GBR,IRN,04,20140922,24
GBR,IRN,04,20150208,2
GBR,IRN,19,20040701,1
GBR,IRN,11,20070404,4
GBR,IRN,05,20000518,6
GBR,IRN,01,20091028,14
GBR,IRN,17,20111201,12
GBR,IRN,01,20091214,8
GBR,IRN,01,20091027,2
GBR,IRN,02,20060523,4
GBR,IRN,13,20070206,1
GBR,IRN,11,20070405,48
GBR,IRN,12,20131220,2
GBR,IRN,11,20090205,2
GBR,IRN,11,20111228,18
GBR,IRN,11,20100102,2
GBR,IRN,04,20040730,5
GBR,IRN,04,20080310,3
IDN,IRN,04,20121107,2
IDN,IRN,03,20000615,4
IND,IRN,06,20120821,2
IND,IRN,04,20080428,1
IND,IRN,03,20080321,4
IRL,IRN,03,20131010,2
IRL,IRN,12,20130619,4
IRN,IRN,03,20010117,1
IRN,IRN,11,20140516,144
IRN,IRN,12,20100211,12
IRN,IRN,02,20001107,4
IRN,IRN,12,20130927,2
IRN,IRN,06,20131113,2
IRN,IRN,04,20100222,1
IRN,IRN,11,20101218,2
IRN,IRN,18,20100804,10
IRN,IRN,04,20091002,4
IRN,IRN,04,20120414,17
IRN,IRN,11,20111226,11
IRN,IRN,01,20110215,6
IRN,IRN,17,20140820,3
IRN,IRN,02,20080915,2
IRN,IRN,19,20100106,6
IRN,IRN,01,20100919,1
IRN,IRN,05,20080108,6
IRN,IRN,04,20071114,10
IRN,IRN,04,20060701,2
IRN,IRN,01,20110806,7
IRN,IRN,09,20100912,1
IRN,IRN,04,20001226,5
IRN,IRN,11,20101006,3
IRN,IRN,06,20110905,9
IRN,IRN,11,20011011,2
IRN,IRN,03,20110712,12
IRN,IRN,16,20090819,1
IRN,IRN,10,20090621,2
IRN,IRN,19,20150205,2
IRN,IRN,11,20140625,10
IRN,IRN,04,20060910,3
IRN,IRN,01,20091225,8
IRN,IRN,19,20101222,9
IRN,IRN,07,20030720,2
IRN,IRN,02,20100425,9
IRN,IRN,09,20090522,3
IRN,IRN,01,20130127,4
IRN,IRN,05,20140814,2
IRN,IRN,02,20120610,2
IRN,IRN,12,20131121,16
IRN,IRN,04,20070711,5
IRN,IRN,13,20070615,9
IRN,IRN,11,20120922,12
IRN,IRN,01,20100804,4
IRN,IRN,09,20141222,8
IRN,IRN,04,20140406,102
IRN,IRN,04,20080226,4
IRN,IRN,12,20071013,17
IRN,IRN,01,20140713,5
IRN,IRN,02,20070414,3
IRN,IRN,03,20110112,14
IRN,IRN,04,20120328,9
IRN,IRN,03,20000803,8
IRN,IRN,09,20111005,1
IRN,IRN,13,20131106,9
IRN,IRN,03,20130311,27
IRN,IRN,09,20110412,6
IRN,IRN,01,20130128,1
IRN,IRN,03,20071028,3
IRN,IRN,02,20100310,2
IRN,IRN,18,20150119,6
IRN,IRN,17,20140918,6
IRN,IRN,05,20140816,4
IRN,IRN,05,20120205,17
IRN,IRN,11,20090313,20
IRN,IRN,05,20090322,3
IRN,IRN,05,20091023,6
IRN,IRN,03,20140707,20
IRN,IRN,04,20130114,7
IRN,IRN,04,20120608,20
IRN,IRN,01,20140913,14
IRN,IRN,04,20040406,4
IRN,IRN,02,20120702,3
IRN,IRN,04,20101002,2
IRN,IRN,04,20011030,6
IRN,IRN,17,20121025,6
IRN,IRN,03,20070514,2
IRN,IRN,01,20150119,24
IRN,IRN,18,20100823,4
IRN,IRN,19,20120222,10
IRN,IRN,02,20140209,4
IRN,IRN,04,20120915,2
IRN,IRN,19,20070420,3
IRN,IRN,16,20150216,2
IRN,IRN,07,20020206,1
IRN,IRN,14,20061202,1
IRN,IRN,04,20120515,8
IRN,IRN,02,20090614,4
IRN,IRN,04,20140915,1
IRN,IRN,17,20081110,4
IRN,IRN,01,20120817,60
IRN,IRN,01,20100112,18
IRN,IRN,02,20081123,2
IRN,IRN,17,20040702,7
IRN,IRN,14,20030415,2
IRN,IRN,19,20131020,6
IRN,IRN,01,20130402,2
IRN,IRN,04,20110710,16
IRN,IRN,13,20120925,6
IRN,IRN,02,20131023,1
IRN,IRN,15,20110116,36
IRN,IRN,13,20131103,1
IRN,IRN,01,20140826,8
IRN,IRN,04,20140214,2
IRN,IRN,04,20120217,3
IRN,IRN,13,20111108,4
IRN,IRN,01,20100801,4
IRN,IRN,11,20110223,2
IRN,IRN,05,20110418,35
IRN,IRN,19,20110724,2
IRN,IRN,01,20120127,2
IRN,IRN,05,20070109,2
IRN,IRN,02,20080615,7
IRN,IRN,04,20111013,3
IRN,IRN,11,20120123,10
IRN,IRN,09,20131110,2
IRN,IRN,04,20071216,1
IRN,IRN,04,20081117,2
IRN,IRN,11,20131029,2
IRN,IRN,13,20060902,2
IRN,IRN,19,20131203,10
IRN,IRN,04,20140922,28
IRN,IRN,04,20130804,60
IRN,IRN,02,20131020,12
IRN,IRN,11,20140922,2
IRN,IRN,05,20060125,2
IRN,IRN,02,20121121,2
IRN,IRN,04,20091220,1
IRN,IRN,17,20040512,5
IRN,IRN,03,20100309,2
IRN,IRN,12,20040104,1
IRN,IRN,01,20140513,10
IRN,IRN,03,20141123,6
IRN,IRN,05,20130410,10
IRN,IRN,05,20120623,3
IRN,IRN,04,20140521,3
IRN,IRN,04,20100906,1
IRN,IRN,19,20060831,4
IRN,IRN,11,20091122,13
IRN,IRN,04,20090805,4
IRN,IRN,11,20140308,1
IRN,IRN,19,20060803,2
IRN,IRN,04,20100306,1
IRN,IRN,11,20040519,4
IRN,IRN,08,20070429,4
IRN,IRN,05,20110607,7
IRN,IRN,18,20120112,21
IRN,IRN,01,20120516,20
IRN,IRN,02,20110621,5
IRN,IRN,12,20091004,6
IRN,IRN,12,20080701,3
IRN,IRN,04,20140518,1
IRN,IRN,11,20120511,2
IRN,IRN,09,20070408,12
IRN,IRN,01,20140531,1
IRN,IRN,08,20100805,2
IRN,IRN,04,20080608,6
IRN,IRN,11,20010719,2
IRN,IRN,05,20150126,4
IRN,IRN,14,20131112,20
IRN,IRN,01,20050405,3
IRN,IRN,12,20060602,2
IRN,IRN,05,20141218,12
IRN,IRN,04,20010923,1
IRN,IRN,13,20140126,1
IRQ,IRN,17,20070120,8
IRQ,IRN,04,20101102,3
IRQ,IRN,05,20130918,1
IRQ,IRN,04,20070514,8
IRQ,IRN,04,20130414,1
IRQ,IRN,05,20110911,6
IRQ,IRN,19,20120425,18
IRQ,IRN,05,20071006,5
IRQ,IRN,01,20131205,3
IRQ,IRN,04,20130305,5
IRQ,IRN,18,20110207,1
IRQ,IRN,05,20140212,30
IRQ,IRN,05,20070708,9
IRQ,IRN,01,20141125,1
IRQ,IRN,03,20040523,1
IRQ,IRN,03,20031112,1
IRQ,IRN,11,20091220,2
IRQ,IRN,04,20080502,1
IRQ,IRN,04,20020527,2
IRQ,IRN,03,20080128,1
IRQ,IRN,12,20120324,3
IRQ,IRN,19,20010419,14
IRQ,IRN,04,20150127,8
IRQ,IRN,08,20090930,1
IRQ,IRN,17,20120229,2
IRQ,IRN,19,20090731,10
IRQ,IRN,05,20140630,4
IRQ,IRN,01,20060913,1
IRQ,IRN,19,20100810,7
IRQ,IRN,03,20110510,2
IRQ,IRN,05,20090205,2
IRQ,IRN,03,20120111,1
IRQ,IRN,05,20100810,8
IRQ,IRN,04,20030326,4
IRQ,IRN,04,20080306,34
IRQ,IRN,03,20120926,6
IRQ,IRN,11,20070724,7
IRQ,IRN,05,20121030,1
IRQ,IRN,04,20010103,2
IRQ,IRN,03,20140905,7
IRQ,IRN,07,20070207,2
IRQ,IRN,04,20080427,22
IRQ,IRN,09,20141112,2
IRQ,IRN,01,20120324,8
IRQ,IRN,05,20140621,2
IRQ,IRN,17,20081028,1
IRQ,IRN,01,20060315,7
IRQ,IRN,05,20080523,2
IRQ,IRN,04,20090217,5
IRQ,IRN,01,20070304,6
IRQ,IRN,13,20130315,1
IRQ,IRN,12,20120327,4
IRQ,IRN,10,20091211,7
IRQ,IRN,02,20130109,27
IRQ,IRN,04,20080303,16
IRQ,IRN,05,20110222,6
IRQ,IRN,04,20120424,2
IRQ,IRN,04,20070314,6
IRQ,IRN,03,20000808,1
IRQ,IRN,19,20090801,1
IRQ,IRN,09,20110612,1
IRQ,IRN,06,20100709,2
IRQ,IRN,05,20141002,2
IRQ,IRN,03,20080804,3
IRQ,IRN,04,20130918,9
IRQ,IRN,01,20071021,1
IRQ,IRN,01,20091122,2
IRQ,IRN,05,20060915,12
IRQ,IRN,03,20071229,3
IRQ,IRN,04,20141024,3
IRQ,IRN,01,20030402,4
IRQ,IRN,04,20100107,22
IRQ,IRN,01,20070906,2
IRQ,IRN,19,20050719,1
IRQ,IRN,17,20071005,2
IRQ,IRN,08,20110920,6
ISR,IRN,11,20080915,4
ISR,IRN,02,20060829,4
ISR,IRN,11,20140610,5
ISR,IRN,04,20130505,5
ISR,IRN,04,20150205,6
ISR,IRN,19,20121115,6
ISR,IRN,01,20080701,2
ISR,IRN,11,20120924,5
ISR,IRN,19,20090607,3
ISR,IRN,03,20100913,4
ISR,IRN,01,20140912,16
ISR,IRN,10,20070207,2
ISR,IRN,11,20150218,10
ISR,IRN,17,20110302,12
ISR,IRN,13,20121207,16
ISR,IRN,14,20091123,56
ISR,IRN,11,20070821,2
ISR,IRN,11,20131205,4
ISR,IRN,04,20121125,1
ISR,IRN,04,20110921,1
ISR,IRN,11,20120811,8
ISR,IRN,04,20060619,9
ISR,IRN,08,20010204,1
ISR,IRN,04,20141007,1
ISR,IRN,04,20031022,5
ISR,IRN,11,20080326,8
ISR,IRN,19,20100426,5
ISR,IRN,03,20070816,4
ISR,IRN,11,20100819,8
ISR,IRN,18,20031217,1
ISR,IRN,01,20090128,2
ISR,IRN,19,20140804,2
ISR,IRN,05,20140306,8
ISR,IRN,12,20100429,2
ISR,IRN,11,20070319,8
ISR,IRN,13,20130909,12
ISR,IRN,08,20081226,2
ISR,IRN,01,20140105,8
ISR,IRN,01,20150205,2
ISR,IRN,01,20110328,2
ISR,IRN,17,20101026,4
ISR,IRN,05,20140304,7
ISR,IRN,11,20120923,6
ISR,IRN,11,20120506,2
ISR,IRN,19,20091022,10
ISR,IRN,13,20060717,7
ISR,IRN,01,20120430,9
ISR,IRN,19,20060820,2
ISR,IRN,01,20080802,5
ISR,IRN,19,20111116,2
ISR,IRN,03,20071207,1
ISR,IRN,13,20080808,7
ISR,IRN,04,20141015,2
ISR,IRN,11,20040828,1
ISR,IRN,04,20000428,1
ISR,IRN,03,20130227,2
ISR,IRN,13,20120103,9
ISR,IRN,09,20140826,2
ISR,IRN,11,20140118,1
ISR,IRN,02,20120928,127
ISR,IRN,05,20131119,15
ISR,IRN,07,20000606,2
ISR,IRN,02,20140724,2
ISR,IRN,04,20120830,2
ISR,IRN,01,20121026,1
ISR,IRN,11,20120418,3
ISR,IRN,03,20110809,2
ISR,IRN,13,20090726,8
ISR,IRN,03,20101129,2
ISR,IRN,01,20100825,1
ISR,IRN,13,20120220,1
ISR,IRN,19,20121103,12
ISR,IRN,03,20120823,26
ISR,IRN,04,20060514,5
ISR,IRN,11,20020130,2
ISR,IRN,11,20131111,8
ISR,IRN,05,20121025,1
ISR,IRN,01,20090326,1
ISR,IRN,13,20121120,6
ISR,IRN,12,20131102,8
ISR,IRN,19,20131109,8
ISR,IRN,01,20120810,2
ITA,IRN,05,20021217,2
ITA,IRN,04,20140622,18
ITA,IRN,11,20120125,6
JOR,IRN,01,20130928,13
JOR,IRN,01,20050218,4
JOR,IRN,04,20150116,5
JOR,IRN,02,20120919,1
JOR,IRN,01,20131009,2
JOR,IRN,10,20140826,2
JOR,IRN,04,20110701,1
JOR,IRN,01,20140704,1
JOR,IRN,04,20060902,5
JOR,IRN,01,20040421,2
JOR,IRN,04,20140823,5
JOR,IRN,16,20061101,6
JOR,IRN,04,20110703,3
JOR,IRN,03,20001117,2
JOR,IRN,01,20030419,10
JOR,IRN,11,20140608,4
JOR,IRN,03,20131002,4
JOR,IRN,05,20131115,8
JOR,IRN,16,20071112,5
JOR,IRN,17,20121013,6
JOR,IRN,04,20131129,2
JOR,IRN,04,20061105,8
JPN,IRN,06,20130628,5
JPN,IRN,04,20070709,9
JPN,IRN,04,20010406,9
JPN,IRN,04,20091225,1
JPN,IRN,17,20120126,1
JPN,IRN,04,20040219,4
JPN,IRN,10,20140305,54
JPN,IRN,04,20090406,1
JPN,IRN,06,20131108,8
JPN,IRN,05,20091229,5
JPN,IRN,03,20091224,2
JPN,IRN,11,20130830,2
JPN,IRN,04,20000403,18
JPN,IRN,04,20141221,6
KAZ,IRN,03,20080419,3
KEN,IRN,17,20000531,2
KOR,IRN,05,20140430,10
KOR,IRN,07,20111216,2
KOR,IRN,02,20010811,7
KWT,IRN,11,20090217,7
KWT,IRN,10,20140603,3
KWT,IRN,04,20131027,2
KWT,IRN,04,20140605,10
KWT,IRN,04,20091015,2
KWT,IRN,05,20000914,5
KWT,IRN,04,20130626,1
KWT,IRN,17,20110706,5
KWT,IRN,18,20100706,1
KWT,IRN,04,20120211,4
KWT,IRN,04,20000925,6
KWT,IRN,04,20111114,8
LBN,IRN,09,20100808,7
LBN,IRN,01,20130704,3
LBN,IRN,04,20100730,8
LBN,IRN,11,20061119,3
LBN,IRN,19,20080622,4
LBN,IRN,02,20120605,1
LBN,IRN,05,20010301,1
LBN,IRN,01,20141215,3
LBN,IRN,04,20090522,8
LBN,IRN,02,20061205,3
LBN,IRN,01,20080227,7
LBN,IRN,04,20121017,117
LBN,IRN,06,20131215,30
LBN,IRN,12,20080108,5
LBN,IRN,19,20080518,1
LBN,IRN,13,20101011,3
LBN,IRN,05,20120227,3
LBN,IRN,05,20101008,6
LBN,IRN,17,20101220,5
LBY,IRN,17,20120224,3
LBY,IRN,04,20130213,8
LKA,IRN,03,20080428,10
LKA,IRN,04,20080429,8
LKA,IRN,16,20120613,7
LUX,IRN,05,20121015,3
MAR,IRN,11,20120308,1
MAR,IRN,04,20110406,2
MYS,IRN,06,20140311,2
MYS,IRN,17,20130115,4
MYS,IRN,03,20090914,1
MYS,IRN,05,20070201,2
MYS,IRN,10,20091127,1
NGA,IRN,05,20130829,2
NGA,IRN,04,20131218,2
NGA,IRN,02,20150215,6
NGA,IRN,05,20080703,1
NIC,IRN,04,20141207,10
NIC,IRN,02,20080115,4
NLD,IRN,14,20120620,2
NLD,IRN,04,20110129,238
NLD,IRN,06,20101001,2
OMN,IRN,05,20110918,1
OMN,IRN,05,20110921,12
OMN,IRN,04,20070515,5
OMN,IRN,01,20070909,2
OMN,IRN,04,20130413,8
OMN,IRN,05,20120925,8
PAK,IRN,04,20111019,4
PAK,IRN,04,20011110,7
PAK,IRN,03,20030901,1
PAK,IRN,05,20100614,2
PAK,IRN,05,20101125,29
PAK,IRN,01,20091019,9
PAK,IRN,05,20070105,1
PAK,IRN,02,20080926,6
PAK,IRN,04,20050907,20
PAK,IRN,05,20091231,7
PAK,IRN,01,20140819,1
PAK,IRN,05,20131009,6
PAK,IRN,03,20080629,2
PAK,IRN,04,20030802,1
PAK,IRN,04,20060729,9
PAK,IRN,19,20091023,6
PAK,IRN,17,20090127,3
PAK,IRN,04,20100914,6
PAK,IRN,03,20130925,6
PAK,IRN,04,20110826,3
PAK,IRN,02,20020903,6
PAK,IRN,19,20100718,2
PAK,IRN,06,20090122,39
PAK,IRN,04,20040515,5
PAK,IRN,05,20130427,2
PAK,IRN,18,20131026,3
PAK,IRN,13,20130311,8
PAK,IRN,04,20140715,2
PAK,IRN,04,20060618,2
PAK,IRN,19,20090509,1
PAK,IRN,04,20030926,1
PGS,IRN,04,20101212,6
POL,IRN,05,20140301,4
POL,IRN,03,20040524,2
PRK,IRN,13,20030910,1
PRK,IRN,04,20131009,8
PRK,IRN,01,20140211,6
PRK,IRN,04,20040304,6
PRK,IRN,07,20120804,10
PRK,IRN,09,20141206,4
PRK,IRN,04,20110824,32
PRK,IRN,04,20060627,6
PSE,IRN,18,20070525,2
PSE,IRN,01,20131207,2
PSE,IRN,04,20090304,3
PSE,IRN,20,20080316,2
PSE,IRN,05,20130614,1
QAT,IRN,07,20140206,1
QAT,IRN,04,20110517,9
QAT,IRN,04,20020128,1
QAT,IRN,04,20140828,4
QAT,IRN,05,20101105,6
RUS,IRN,05,20031109,1
RUS,IRN,03,20071214,1
RUS,IRN,03,20101216,7
RUS,IRN,05,20080805,6
RUS,IRN,16,20141005,1
RUS,IRN,04,20081029,6
RUS,IRN,03,20120914,8
RUS,IRN,03,20140830,8
RUS,IRN,04,20060608,8
RUS,IRN,04,20101121,7
RUS,IRN,15,20070921,4
RUS,IRN,04,20010316,1
RUS,IRN,06,20030115,6
RUS,IRN,05,20131029,8
RUS,IRN,01,20090706,35
RUS,IRN,19,20020605,6
RUS,IRN,13,20100321,1
RUS,IRN,18,20080909,9
RUS,IRN,01,20081209,9
RUS,IRN,05,20040110,7
RUS,IRN,01,20100828,12
RUS,IRN,03,20140116,10
RUS,IRN,02,20090920,4
RUS,IRN,03,20141204,6
RUS,IRN,04,20001018,4
RUS,IRN,02,20130419,4
RUS,IRN,03,20061205,8
RUS,IRN,05,20100610,2
RUS,IRN,11,20131114,18
RUS,IRN,01,20100309,4
RUS,IRN,03,20030303,2
RUS,IRN,13,20080719,8
RUS,IRN,04,20100726,8
RUS,IRN,04,20090523,4
RUS,IRN,04,20000216,2
RUS,IRN,11,20070327,1
RUS,IRN,04,20110407,16
RUS,IRN,02,20111221,9
RUS,IRN,01,20060921,2
RUS,IRN,02,20051118,1
RUS,IRN,04,20060628,9
RUS,IRN,08,20150114,10
RUS,IRN,13,20070227,10
RUS,IRN,04,20140612,4
RUS,IRN,04,20091109,14
RUS,IRN,06,20000316,10
RUS,IRN,12,20091014,11
RUS,IRN,06,20001127,3
RUS,IRN,09,20120402,41
RUS,IRN,02,20091130,1
RUS,IRN,03,20071117,2
RUS,IRN,03,20100303,2
RUS,IRN,07,20110710,4
RUS,IRN,02,20120816,1
RUS,IRN,05,20050918,4
RUS,IRN,01,20090408,3
RUS,IRN,13,20120215,2
RUS,IRN,10,20060630,1
RUS,IRN,04,20070411,6
RUS,IRN,04,20130228,30
RUS,IRN,03,20141017,4
RUS,IRN,04,20090910,8
RUS,IRN,03,20030317,18
RUS,IRN,04,20110618,10
RUS,IRN,04,20131111,1
RUS,IRN,05,20111107,3
RUS,IRN,04,20000420,14
RUS,IRN,05,20140921,6
RUS,IRN,05,20111107,4
RUS,IRN,04,20030515,8
RUS,IRN,06,20090528,2
SAU,IRN,01,20140512,2
SAU,IRN,03,20090510,2
SAU,IRN,04,20010127,1
SAU,IRN,12,20110924,12
SAU,IRN,17,20130324,19
SAU,IRN,11,20120806,3
SAU,IRN,12,20091213,2
SAU,IRN,11,20150127,12
SAU,IRN,03,20011029,6
SAU,IRN,05,20070226,1
SAU,IRN,07,20030318,2
SAU,IRN,04,20140527,8
SAU,IRN,11,20080115,49
SAU,IRN,16,20061202,1
SAU,IRN,04,20110108,4
SAU,IRN,13,20120708,1
SAU,IRN,04,20040513,2
SAU,IRN,04,20010923,4
SAU,IRN,10,20120517,55
SAU,IRN,19,20090222,12
SAU,IRN,19,20071213,2
SAU,IRN,05,20090315,2
SAU,IRN,03,20111101,2
SAU,IRN,01,20070730,10
SAU,IRN,11,20121113,2
SAU,IRN,19,20060124,1
SAU,IRN,04,20141127,8
SDN,IRN,04,20140623,4
SDN,IRN,05,20110826,5
SDN,IRN,01,20121129,6
SEN,IRN,04,20101215,7
SEN,IRN,05,20060913,2
SGP,IRN,04,20030709,5
SOM,IRN,18,20110220,4
SWE,IRN,02,20090623,14
SWE,IRN,06,20010310,8
SYR,IRN,10,20061125,2
SYR,IRN,04,20120210,8
SYR,IRN,19,20130320,2
SYR,IRN,04,20101223,10
SYR,IRN,18,20130122,30
SYR,IRN,05,20140911,112
SYR,IRN,18,20120208,2
SYR,IRN,05,20080122,14
SYR,IRN,11,20130516,3
SYR,IRN,18,20120130,2
SYR,IRN,04,20130313,3
SYR,IRN,04,20090217,4
SYR,IRN,12,20130915,10
SYR,IRN,11,20140117,1
SYR,IRN,04,20120614,2
SYR,IRN,05,20070408,16
SYR,IRN,02,20130922,42
SYR,IRN,01,20140706,2
SYR,IRN,05,20130809,1
SYR,IRN,05,20080214,7
SYR,IRN,07,20121104,6
SYR,IRN,11,20100218,5
SYR,IRN,18,20120806,6
SYR,IRN,04,20140314,4
SYR,IRN,05,20000801,5
SYR,IRN,01,20130828,4
SYR,IRN,11,20140725,6
SYR,IRN,04,20070902,3
SYR,IRN,04,20030408,4
SYR,IRN,05,20100918,5
SYR,IRN,08,20120128,3
SYR,IRN,05,20131222,2
SYR,IRN,12,20140122,6
SYR,IRN,04,20040311,2
SYR,IRN,01,20120420,7
SYR,IRN,05,20101001,2
SYR,IRN,13,20090710,1
SYR,IRN,06,20130720,3
THA,IRN,03,20060614,1
TJK,IRN,05,20090613,6
TJK,IRN,03,20110321,2
TJK,IRN,04,20120529,5
TJK,IRN,04,20080208,2
TJK,IRN,06,20020809,3
TJK,IRN,04,20120326,8
TJK,IRN,05,20111120,8
TKM,IRN,03,20090301,1
TKM,IRN,04,20030512,1
TKM,IRN,05,20120908,6
TKM,IRN,03,20140424,8
TUN,IRN,05,20130711,2
TUN,IRN,08,20140207,6
TUN,IRN,05,20130720,14
TUN,IRN,01,20110224,5
TUR,IRN,15,20100114,4
TUR,IRN,07,20120512,1
TUR,IRN,04,20120523,3
TUR,IRN,04,20111010,2
TUR,IRN,01,20060114,1
TUR,IRN,04,20000522,5
TUR,IRN,06,20080530,1
TUR,IRN,13,20140829,5
TUR,IRN,04,20130819,1
TUR,IRN,04,20140611,2
TUR,IRN,04,20060417,2
TUR,IRN,05,20101116,6
TUR,IRN,12,20141014,8
TUR,IRN,16,20140307,7
TUR,IRN,04,20030124,2
TUR,IRN,19,20000118,1
TUR,IRN,04,20140604,8
TUR,IRN,04,20110321,6
TUR,IRN,04,20100420,8
TUR,IRN,04,20121017,6
TUR,IRN,08,20140910,2
TUR,IRN,05,20131211,4
TUR,IRN,05,20140811,1
TUR,IRN,01,20111204,4
TUR,IRN,05,20000210,2
TUR,IRN,04,20140814,5
TUR,IRN,01,20120311,5
TUR,IRN,03,20100921,4
TUR,IRN,04,20130326,2
TUR,IRN,05,20131128,4
TUR,IRN,05,20110922,4
TUR,IRN,05,20000529,6
UGA,IRN,11,20050629,2
UKR,IRN,06,20091221,1
UKR,IRN,01,20140301,2
UKR,IRN,06,20021015,3
UKR,IRN,03,20110617,4
USA,IRN,05,20110617,3
USA,IRN,11,20060508,12
USA,IRN,05,20100906,8
USA,IRN,04,20080616,7
USA,IRN,03,20090305,2
USA,IRN,01,20120218,44
USA,IRN,04,20091003,2
USA,IRN,04,20120329,10
USA,IRN,01,20141226,8
USA,IRN,11,20051118,1
USA,IRN,13,20140729,8
USA,IRN,14,20030622,9
USA,IRN,01,20011018,1
USA,IRN,01,20100714,24
USA,IRN,02,20100131,2
USA,IRN,03,20090926,16
USA,IRN,01,20010909,3
USA,IRN,05,20140112,106
USA,IRN,13,20121024,10
USA,IRN,10,20091002,45
USA,IRN,16,20070517,9
USA,IRN,16,20150213,2
USA,IRN,08,20020212,2
USA,IRN,11,20071122,14
USA,IRN,16,20100205,2
USA,IRN,05,20140223,12
USA,IRN,04,20090918,10
USA,IRN,19,20070706,5
USA,IRN,03,20140128,44
USA,IRN,04,20141117,1
USA,IRN,10,20120725,2
USA,IRN,01,20111011,32
USA,IRN,01,20120117,10
USA,IRN,01,20050524,2
USA,IRN,03,20130114,5
USA,IRN,02,20090909,7
USA,IRN,07,20120704,77
USA,IRN,04,20140106,9
USA,IRN,08,20130307,6
USA,IRN,04,20120124,1
USA,IRN,11,20080509,5
USA,IRN,16,20150121,1
USA,IRN,03,20000921,1
USA,IRN,19,20070722,1
USA,IRN,16,20080106,1
USA,IRN,19,20080814,2
USA,IRN,04,20070501,5
USA,IRN,04,20110716,2
USA,IRN,03,20110921,2
USA,IRN,02,20120213,4
USA,IRN,11,20070620,6
USA,IRN,01,20130925,4
USA,IRN,04,20090320,3
USA,IRN,05,20090826,3
USA,IRN,08,20130715,12
USA,IRN,02,20070930,1
USA,IRN,19,20111208,4
USA,IRN,07,20090307,4
USA,IRN,08,20090421,2
USA,IRN,09,20100701,2
USA,IRN,01,20120822,8
USA,IRN,07,20140524,6
USA,IRN,04,20050727,4
USA,IRN,19,20070710,8
USA,IRN,16,20140203,26
USA,IRN,08,20071121,1
USA,IRN,01,20120310,1
USA,IRN,04,20070514,10
USA,IRN,16,20090403,12
USA,IRN,03,20140907,11
USA,IRN,04,20111002,1
USA,IRN,11,20130805,1
USA,IRN,03,20131031,3
USA,IRN,01,20080523,5
USA,IRN,11,20091230,4
USA,IRN,11,20100911,4
USA,IRN,11,20071208,10
USA,IRN,03,20140610,1
USA,IRN,10,20140423,1
USA,IRN,03,20031207,3
USA,IRN,04,20090917,9
USA,IRN,03,20040115,2
USA,IRN,07,20090211,2
USA,IRN,14,20110214,33
USA,IRN,07,20131101,1
USA,IRN,01,20091118,8
USA,IRN,02,20080119,3
USA,IRN,01,20070730,6
USA,IRN,04,20070911,9
USA,IRN,04,20090418,6
USA,IRN,16,20120928,4
USA,IRN,01,20131112,13
USA,IRN,12,20060630,2
USA,IRN,16,20091108,1
USA,IRN,11,20090322,4
USA,IRN,08,20080225,5
USA,IRN,01,20121015,11
USA,IRN,13,20131219,12
USA,IRN,02,20130728,10
USA,IRN,02,20090308,16
USA,IRN,16,20110701,7
USA,IRN,06,20131125,6
USA,IRN,03,20070515,8
USA,IRN,19,20071223,2
USA,IRN,04,20101010,5
USA,IRN,05,20150202,10
USA,IRN,11,20080914,2
USA,IRN,16,20120320,8
USA,IRN,16,20090704,3
USA,IRN,17,20100202,26
USA,IRN,02,20131123,14
USA,IRN,01,20130904,14
USA,IRN,04,20120616,27
USA,IRN,01,20090207,5
USA,IRN,19,20030926,1
USA,IRN,11,20130302,50
USA,IRN,02,20141121,12
USA,IRN,07,20080413,1
USA,IRN,04,20031002,2
USA,IRN,01,20090523,4
USA,IRN,01,20080521,5
USA,IRN,03,20120611,9
USA,IRN,16,20100617,27
USA,IRN,12,20061230,1
USA,IRN,17,20100113,2
USA,IRN,01,20100926,8
USA,IRN,04,20110302,6
USA,IRN,04,20090202,6
USA,IRN,11,20140109,4
USA,IRN,11,20060815,12
USA,IRN,04,20140307,3
USA,IRN,01,20120216,90
USA,IRN,01,20140220,6
USA,IRN,12,20070326,2
USA,IRN,01,20070918,3
USA,IRN,14,20120127,9
USA,IRN,07,20140122,8
USA,IRN,12,20130916,12
USA,IRN,03,20111030,4
USA,IRN,04,20101025,4
USA,IRN,13,20120526,7
USA,IRN,01,20080705,16
USA,IRN,01,20060725,3
USA,IRN,16,20100212,14
USA,IRN,10,20090218,3
USA,IRN,09,20111211,20
USA,IRN,11,20100914,48
USA,IRN,04,20050702,1
USA,IRN,02,20090824,7
USA,IRN,07,20130220,2
USA,IRN,04,20110511,11
USA,IRN,02,20071121,8
USA,IRN,17,20130213,1
USA,IRN,18,20140315,6
USA,IRN,01,20141115,1
USA,IRN,01,20140430,1
USA,IRN,02,20130930,18
USA,IRN,11,20040819,1
USA,IRN,10,20110525,6
USA,IRN,03,20080912,1
USA,IRN,04,20090614,1
USA,IRN,19,20120113,42
USA,IRN,10,20091002,4
USA,IRN,01,20080211,1
USA,IRN,04,20020502,3
USA,IRN,06,20060419,2
USA,IRN,04,20071204,1
USA,IRN,05,20030129,2
USA,IRN,07,20100919,4
USA,IRN,16,20110809,36
USA,IRN,02,20121110,2
USA,IRN,04,20150120,2
USA,IRN,13,20011119,7
USA,IRN,04,20100809,8
USA,IRN,08,20070920,5
USA,IRN,10,20120919,60
USA,IRN,17,20131205,2
USA,IRN,04,20101215,1
USA,IRN,18,20131125,2
USA,IRN,04,20140919,24
USA,IRN,11,20071022,7
USA,IRN,11,20150202,1
USA,IRN,07,20080410,3
USA,IRN,17,20140429,12
USA,IRN,08,20130318,3
USA,IRN,06,20121015,20
USA,IRN,10,20130809,2
USA,IRN,13,20090507,2
USA,IRN,11,20100402,5
USA,IRN,03,20130930,6
USA,IRN,03,20091220,73
USA,IRN,04,20120619,18
USA,IRN,01,20051009,3
USA,IRN,01,20090929,22
USA,IRN,11,20051228,3
USA,IRN,04,20140507,16
USA,IRN,01,20140622,4
USA,IRN,07,20150202,3
USA,IRN,13,20141107,1
USA,IRN,17,20030321,12
USA,IRN,11,20120910,5
USA,IRN,11,20070424,4
USA,IRN,16,20091210,27
USA,IRN,04,20010923,7
USA,IRN,04,20150122,22
USA,IRN,04,20131119,8
USA,IRN,07,20090124,2
USA,IRN,11,20080623,2
USA,IRN,01,20080711,1
USA,IRN,16,20071027,9
USA,IRN,11,20070220,13
USA,IRN,04,20070318,9
USA,IRN,04,20100126,5
USA,IRN,04,20110914,52
USA,IRN,17,20090427,9
USA,IRN,03,20131101,250
USA,IRN,11,20141208,8
USA,IRN,03,20060531,1
USA,IRN,07,20120609,2
USA,IRN,09,20120404,109
USA,IRN,04,20060317,8
USA,IRN,17,20000111,3
USA,IRN,09,20101118,9
USA,IRN,04,20090111,8
USA,IRN,01,20070212,9
USA,IRN,16,20120310,2
USA,IRN,01,20090611,4
USA,IRN,11,20150107,6
USA,IRN,11,20141208,16
USA,IRN,17,20110509,2
USA,IRN,01,20060413,2
USA,IRN,02,20080719,4
USA,IRN,04,20050808,5
USA,IRN,05,20131116,18
USA,IRN,02,20110715,3
USA,IRN,19,20120605,1
USA,IRN,04,20070925,26
USA,IRN,13,20100322,2
USA,IRN,02,20141211,8
USA,IRN,17,20140725,19
UZB,IRN,19,20000820,5
UZB,IRN,04,20020228,8
UZB,IRN,04,20130823,2
VEN,IRN,04,20111004,6
VEN,IRN,03,20100822,1
VEN,IRN,01,20080617,4
VEN,IRN,04,20040226,6
VEN,IRN,11,20090915,1
VEN,IRN,03,20060729,4
VNM,IRN,03,20120108,1
WST,IRN,01,20120212,8
YEM,IRN,04,20070512,9
YEM,IRN,01,20140930,2
YEM,IRN,18,20140402,1
YEM,IRN,04,20111107,4
YEM,IRN,11,20091213,2
YEM,IRN,09,20130504,10
ZWE,IRN,01,20081217,2
ZWE,IRN,01,20140905,2
AFG,IRQ,04,20061208,1
AFG,IRQ,11,20091006,1
AFG,IRQ,17,20140510,1
AFG,IRQ,06,20130908,8
AFG,IRQ,08,20070328,3
AFG,IRQ,05,20070414,2
AFG,IRQ,19,20140830,1
AFG,IRQ,04,20111203,2
AFG,IRQ,19,20110709,6
AFG,IRQ,04,20140610,2
AFG,IRQ,04,20100206,4
AFG,IRQ,04,20070326,4
AFG,IRQ,19,20100810,4
AFG,IRQ,19,20140529,3
AFG,IRQ,08,20140828,2
AFG,IRQ,14,20101213,15
AFG,IRQ,01,20081211,8
AFG,IRQ,14,20090929,6
AFG,IRQ,13,20060427,2
AFG,IRQ,04,20120312,18
AFG,IRQ,04,20090312,1
AFG,IRQ,06,20120229,1
AFG,IRQ,04,20140414,1
AFG,IRQ,07,20090808,1
AFG,IRQ,05,20131220,3
AFG,IRQ,03,20140128,8
AFG,IRQ,11,20071026,2
AFG,IRQ,03,20140628,2
AFG,IRQ,05,20081201,6
AFG,IRQ,03,20080714,10
AFG,IRQ,08,20100121,6
AFG,IRQ,03,20140104,8
AFG,IRQ,04,20110801,12
AFG,IRQ,01,20120910,3
AFG,IRQ,06,20100425,4
AFG,IRQ,04,20030424,23
AFG,IRQ,19,20121203,8
AFR,IRQ,04,20030316,8
ARE,IRQ,05,20081030,4
ARE,IRQ,04,20131119,30
ARE,IRQ,01,20100305,2
ARE,IRQ,04,20021006,1
ARE,IRQ,05,20090510,4
ARE,IRQ,04,20090329,9
ARE,IRQ,04,20120216,4
ARG,IRQ,01,20120824,2
ARM,IRQ,05,20140711,2
AUS,IRQ,18,20140729,4
AUS,IRQ,19,20140620,6
AUS,IRQ,05,20050610,9
AUS,IRQ,05,20090511,4
AUS,IRQ,04,20080602,4
AUS,IRQ,03,20150108,1
AUS,IRQ,04,20140801,3
AUS,IRQ,17,20040205,1
AUS,IRQ,04,20080228,12
AUS,IRQ,15,20060317,2
AUS,IRQ,02,20140918,2
AUS,IRQ,04,20021213,2
AUS,IRQ,08,20071130,8
AUS,IRQ,14,20070909,7
AUS,IRQ,01,20030320,5
AUS,IRQ,01,20060925,7
AUS,IRQ,04,20140927,2
AUS,IRQ,11,20080329,28
AUS,IRQ,04,20031110,6
AZE,IRQ,01,20110529,1
AZE,IRQ,01,20140923,1
AZE,IRQ,07,20150123,4
BEL,IRQ,04,20140625,6
BEL,IRQ,17,20030606,18
BEL,IRQ,02,20021008,2
BGR,IRQ,05,20030217,3
BGR,IRQ,04,20141130,18
BGR,IRQ,16,20030306,9
BGR,IRQ,04,20030527,2
BGR,IRQ,08,20070505,7
BGR,IRQ,08,20040709,3
BGR,IRQ,04,20030131,3
BHR,IRQ,04,20031209,2
BHR,IRQ,04,20020108,6
BLR,IRQ,01,20010224,2
BLR,IRQ,09,20030321,4
BRN,IRQ,18,20141114,1
CAN,IRQ,04,20140917,8
CAN,IRQ,11,20150123,52
CAN,IRQ,19,20141103,2
CAN,IRQ,04,20111029,8
CAN,IRQ,04,20051209,1
CAN,IRQ,04,20120112,18
CHE,IRQ,01,20090930,12
CHE,IRQ,16,20030416,12
CHN,IRQ,19,20141112,10
CHN,IRQ,07,20141210,11
CHN,IRQ,08,20120313,1
CHN,IRQ,05,20030107,2
CHN,IRQ,11,20000106,3
CHN,IRQ,05,20091105,1
CHN,IRQ,05,20110718,12
CHN,IRQ,03,20021211,3
CHN,IRQ,19,20141210,5
CHN,IRQ,11,20140919,6
CHN,IRQ,05,20040628,9
COD,IRQ,18,20030525,9
CUB,IRQ,01,20131026,5
CUB,IRQ,04,20001101,2
CYP,IRQ,08,20140817,2
CZE,IRQ,06,20141125,4
DEU,IRQ,05,20031217,1
DEU,IRQ,03,20030310,5
DEU,IRQ,05,20050131,7
DEU,IRQ,06,20080317,1
DEU,IRQ,11,20020805,1
DEU,IRQ,01,20020920,2
DEU,IRQ,10,20071024,3
DEU,IRQ,19,20061213,2
DEU,IRQ,19,20030319,5
DEU,IRQ,19,20140711,3
DEU,IRQ,03,20070723,2
DEU,IRQ,06,20130920,5
DEU,IRQ,04,20130922,6
DEU,IRQ,04,20030401,2
DEU,IRQ,18,20060202,9
DEU,IRQ,19,20020811,2
DJI,IRQ,04,20020727,3
DNK,IRQ,08,20080303,7
DNK,IRQ,01,20141013,2
DNK,IRQ,01,20140821,12
DZA,IRQ,07,20001004,4
DZA,IRQ,11,20030322,8
EGY,IRQ,11,20030218,5
EGY,IRQ,04,20030729,1
EGY,IRQ,16,20030729,2
EGY,IRQ,05,20080826,9
EGY,IRQ,05,20091110,1
EGY,IRQ,03,20030824,1
EGY,IRQ,03,20041122,6
EGY,IRQ,04,20070516,1
EGY,IRQ,04,20090318,1
EGY,IRQ,12,20030724,4
EGY,IRQ,02,20030819,2
EGY,IRQ,04,20030113,2
EGY,IRQ,10,20030312,5
EGY,IRQ,01,20040515,2
EGY,IRQ,01,20031110,2
EGY,IRQ,19,20010914,6
EGY,IRQ,11,20140623,6
ESP,IRQ,08,20040621,5
ESP,IRQ,08,20090330,14
ESP,IRQ,04,20031127,2
ESP,IRQ,08,20080409,2
ESP,IRQ,08,20070524,6
ESP,IRQ,04,20030813,15
ESP,IRQ,14,20030528,6
EUR,IRQ,06,20100829,288
EUR,IRQ,18,20101117,1
EUR,IRQ,05,20070906,8
EUR,IRQ,05,20101222,1
EUR,IRQ,11,20150116,78
EUR,IRQ,11,20080805,4
EUR,IRQ,04,20080725,1
EUR,IRQ,11,20060223,7
FRA,IRQ,04,20040616,4
FRA,IRQ,04,20070904,1
FRA,IRQ,18,20050222,6
FRA,IRQ,19,20141023,6
FRA,IRQ,04,20081128,12
FRA,IRQ,05,20140901,10
FRA,IRQ,06,20141203,2
FRA,IRQ,07,20070221,2
FRA,IRQ,12,20110518,7
FRA,IRQ,13,20030126,1
FRA,IRQ,04,20041120,6
FRA,IRQ,13,20030112,2
FRA,IRQ,04,20020916,2
FRA,IRQ,05,20140613,6
FRA,IRQ,09,20030902,3
FRA,IRQ,05,20140928,2
FRA,IRQ,04,20040618,3
FRA,IRQ,04,20090210,46
FRA,IRQ,06,20140617,7
FRA,IRQ,10,20040728,3
FRA,IRQ,05,20120107,5
FRA,IRQ,03,20140911,12
FRA,IRQ,18,20100217,2
FRA,IRQ,04,20070820,38
FRA,IRQ,11,20040529,2
GBR,IRQ,04,20050518,4
GBR,IRQ,08,20070903,7
GBR,IRQ,08,20070526,4
GBR,IRQ,03,20090509,7
GBR,IRQ,10,20021009,10
GBR,IRQ,04,20071229,3
GBR,IRQ,03,20050316,2
GBR,IRQ,05,20091202,5
GBR,IRQ,08,20060822,7
GBR,IRQ,05,20150122,7
GBR,IRQ,05,20070603,20
GBR,IRQ,04,20040217,2
GBR,IRQ,11,20061118,18
GBR,IRQ,12,20140628,10
GBR,IRQ,06,20101025,4
GBR,IRQ,01,20040810,3
GBR,IRQ,08,20080529,14
GBR,IRQ,01,20140928,8
GBR,IRQ,19,20041104,1
GBR,IRQ,08,20060307,3
GBR,IRQ,01,20080308,6
GBR,IRQ,15,20030531,7
GBR,IRQ,10,20020728,18
GBR,IRQ,11,20030325,4
GBR,IRQ,14,20040413,1
GBR,IRQ,12,20060619,1
GBR,IRQ,09,20010426,2
GBR,IRQ,15,20020910,4
GBR,IRQ,02,20021219,6
GBR,IRQ,13,20020807,3
GBR,IRQ,19,20040907,23
GBR,IRQ,19,20090801,3
GBR,IRQ,04,20100501,4
GBR,IRQ,01,20040513,1
GBR,IRQ,04,20080525,9
GBR,IRQ,12,20021113,15
GBR,IRQ,05,20060316,2
GBR,IRQ,18,20141113,2
GBR,IRQ,19,20030411,4
GBR,IRQ,13,20140924,7
GBR,IRQ,05,20030718,3
GBR,IRQ,06,20021105,7
GBR,IRQ,19,20010217,14
GBR,IRQ,05,20030325,10
GBR,IRQ,19,20080331,1
GBR,IRQ,02,20061013,7
GBR,IRQ,06,20120213,74
GBR,IRQ,04,20060524,6
GBR,IRQ,04,20090707,1
GBR,IRQ,11,20091026,2
GBR,IRQ,04,20071212,9
GBR,IRQ,11,20091115,2
GBR,IRQ,04,20140914,1
GBR,IRQ,02,20020704,4
GBR,IRQ,08,20070315,20
GBR,IRQ,11,20131219,2
GBR,IRQ,19,20050719,2
GBR,IRQ,15,20040924,1
GBR,IRQ,07,20041021,2
GBR,IRQ,06,20101229,1
GBR,IRQ,04,20110713,2
GBR,IRQ,03,20030120,11
GBR,IRQ,12,20030117,2
GBR,IRQ,05,20090101,4
GBR,IRQ,19,20120615,5
GBR,IRQ,04,20090617,7
GBR,IRQ,04,20031231,2
GBR,IRQ,01,20090321,1
GBR,IRQ,17,20040228,2
GBR,IRQ,02,20061031,5
GBR,IRQ,03,20101221,5
GBR,IRQ,19,20130209,1
GHA,IRQ,03,20110801,9
GRC,IRQ,12,20060423,2
GRC,IRQ,17,20030112,2
GRC,IRQ,17,20080719,20
HND,IRQ,03,20030505,9
HND,IRQ,07,20090720,13
HRV,IRQ,04,20110704,4
HUN,IRQ,07,20040204,7
IDN,IRQ,17,20101024,1
IDN,IRQ,04,20060313,2
IND,IRQ,08,20140705,20
IRL,IRQ,04,20140913,2
IRL,IRQ,08,20061101,1
IRN,IRQ,05,20080214,1
IRN,IRQ,04,20100614,5
IRN,IRQ,04,20110717,1
IRN,IRQ,05,20081219,3
IRN,IRQ,01,20050130,4
IRN,IRQ,04,20070715,7
IRN,IRQ,04,20130921,6
IRN,IRQ,04,20130103,4
IRN,IRQ,02,20140224,4
IRN,IRQ,05,20140424,1
IRN,IRQ,05,20040803,2
IRN,IRQ,04,20130908,68
IRN,IRQ,03,20060718,5
IRN,IRQ,05,20080209,14
IRN,IRQ,04,20080512,4
IRN,IRQ,07,20090415,3
IRN,IRQ,04,20070329,7
IRN,IRQ,05,20150218,16
IRN,IRQ,06,20140624,10
IRN,IRQ,01,20030818,16
IRN,IRQ,01,20070129,2
IRN,IRQ,01,20030903,18
IRN,IRQ,01,20121015,3
IRN,IRQ,11,20140110,2
IRN,IRQ,19,20080927,1
IRN,IRQ,05,20061212,7
IRN,IRQ,01,20051015,9
IRN,IRQ,05,20120102,36
IRN,IRQ,07,20080608,5
IRN,IRQ,05,20120803,6
IRN,IRQ,03,20130720,4
IRN,IRQ,01,20140714,8
IRN,IRQ,06,20140902,2
IRN,IRQ,01,20081112,10
IRN,IRQ,03,20070806,9
IRN,IRQ,06,20140819,20
IRN,IRQ,03,20140928,2
IRN,IRQ,08,20010625,4
IRN,IRQ,03,20110616,1
IRN,IRQ,11,20120111,1
IRN,IRQ,07,20030426,2
IRN,IRQ,06,20140305,20
IRN,IRQ,02,20090301,5
IRN,IRQ,03,20071108,2
IRN,IRQ,05,20080610,1
IRN,IRQ,04,20080816,6
IRN,IRQ,13,20090105,134
IRN,IRQ,19,20011124,1
IRN,IRQ,04,20111003,1
IRN,IRQ,04,20120517,6
IRN,IRQ,10,20100606,5
IRN,IRQ,09,20030222,1
IRN,IRQ,12,20140505,1
IRN,IRQ,03,20140904,20
IRN,IRQ,19,20001219,7
IRN,IRQ,04,20120710,10
IRN,IRQ,18,20130918,12
IRN,IRQ,05,20080709,3
IRN,IRQ,01,20150211,6
IRN,IRQ,04,20000929,19
IRN,IRQ,01,20000323,9
IRN,IRQ,11,20091221,2
IRN,IRQ,06,20110622,20
IRN,IRQ,04,20040417,1
IRN,IRQ,04,20010203,2
IRN,IRQ,16,20080217,2
IRN,IRQ,15,20140617,2
IRN,IRQ,04,20070311,24
IRN,IRQ,04,20130902,1
IRN,IRQ,11,20020227,12
IRN,IRQ,03,20130718,8
IRN,IRQ,12,20100728,1
IRN,IRQ,04,20120913,14
IRN,IRQ,11,20060319,3
IRN,IRQ,16,20120731,5
IRN,IRQ,03,20020204,5
IRN,IRQ,16,20070925,9
IRN,IRQ,07,20080116,8
IRN,IRQ,01,20060910,2
IRN,IRQ,11,20091219,4
IRN,IRQ,02,20140621,2
IRN,IRQ,10,20001211,1
IRN,IRQ,12,20070614,3
IRN,IRQ,04,20140918,4
IRN,IRQ,19,20100605,4
IRN,IRQ,05,20071103,7
IRN,IRQ,11,20091225,4
IRN,IRQ,04,20131116,8
IRN,IRQ,08,20140716,3
IRN,IRQ,10,20080603,10
IRN,IRQ,01,20030404,2
IRN,IRQ,03,20110829,2
IRN,IRQ,02,20131110,2
IRN,IRQ,11,20110419,1
IRN,IRQ,05,20030127,5
IRQ,IRQ,05,20030126,2
IRQ,IRQ,18,20040812,3
IRQ,IRQ,01,20040925,4
IRQ,IRQ,06,20131212,2
IRQ,IRQ,08,20061117,5
IRQ,IRQ,18,20090506,10
IRQ,IRQ,01,20110921,3
IRQ,IRQ,12,20060312,1
IRQ,IRQ,01,20080228,1
IRQ,IRQ,03,20060919,4
IRQ,IRQ,19,20030707,4
IRQ,IRQ,01,20140225,4
IRQ,IRQ,17,20130828,3
IRQ,IRQ,04,20120723,3
IRQ,IRQ,11,20090223,4
IRQ,IRQ,02,20141013,2
IRQ,IRQ,19,20110516,10
IRQ,IRQ,08,20040820,2
IRQ,IRQ,19,20051231,5
IRQ,IRQ,18,20061006,6
IRQ,IRQ,12,20080314,4
IRQ,IRQ,01,20111216,5
IRQ,IRQ,19,20120912,5
IRQ,IRQ,03,20100911,7
IRQ,IRQ,01,20100404,10
IRQ,IRQ,17,20140616,6
IRQ,IRQ,03,20071029,2
IRQ,IRQ,12,20030321,6
IRQ,IRQ,18,20140516,4
IRQ,IRQ,18,20040202,4
IRQ,IRQ,02,20070614,2
IRQ,IRQ,08,20120801,5
IRQ,IRQ,04,20091109,2
IRQ,IRQ,19,20090323,11
IRQ,IRQ,07,20100905,6
IRQ,IRQ,18,20140624,7
IRQ,IRQ,19,20070523,1
IRQ,IRQ,11,20071019,2
IRQ,IRQ,19,20110508,6
IRQ,IRQ,05,20081215,45
IRQ,IRQ,19,20040825,2
IRQ,IRQ,01,20100315,8
IRQ,IRQ,11,20041219,1
IRQ,IRQ,17,20140101,4
IRQ,IRQ,04,20131103,10
IRQ,IRQ,13,20070515,1
IRQ,IRQ,18,20061023,2
IRQ,IRQ,02,20091124,42
IRQ,IRQ,02,20060819,2
IRQ,IRQ,04,20071006,2
IRQ,IRQ,19,20140427,6
IRQ,IRQ,01,20091028,3
IRQ,IRQ,13,20071120,6
IRQ,IRQ,08,20070801,1
IRQ,IRQ,12,20070424,2
IRQ,IRQ,18,20040116,1
IRQ,IRQ,19,20040825,4
IRQ,IRQ,19,20050823,2
IRQ,IRQ,02,20070117,9
IRQ,IRQ,01,20090103,4
IRQ,IRQ,19,20060425,9
IRQ,IRQ,04,20080729,6
IRQ,IRQ,01,20030228,7
IRQ,IRQ,19,20041018,2
IRQ,IRQ,05,20031016,14
IRQ,IRQ,15,20041001,18
IRQ,IRQ,01,20060320,20
IRQ,IRQ,04,20020129,2
IRQ,IRQ,04,20140804,4
IRQ,IRQ,05,20140708,2
IRQ,IRQ,03,20090802,5
IRQ,IRQ,11,20070630,5
IRQ,IRQ,19,20130618,1
IRQ,IRQ,09,20031115,3
IRQ,IRQ,04,20140917,18
IRQ,IRQ,05,20090820,1
IRQ,IRQ,19,20130519,24
IRQ,IRQ,01,20110707,8
IRQ,IRQ,04,20050901,11
IRQ,IRQ,19,20090503,2
IRQ,IRQ,03,20020319,4
IRQ,IRQ,06,20090701,2
IRQ,IRQ,01,20120906,6
IRQ,IRQ,18,20080925,7
IRQ,IRQ,17,20070808,2
IRQ,IRQ,01,20010901,4
IRQ,IRQ,17,20041217,1
IRQ,IRQ,01,20031102,2
IRQ,IRQ,10,20110701,4
IRQ,IRQ,05,20071126,5
IRQ,IRQ,03,20141206,8
IRQ,IRQ,19,20080107,16
IRQ,IRQ,19,20100620,9
IRQ,IRQ,05,20130104,6
IRQ,IRQ,05,20090201,16
IRQ,IRQ,19,20061027,7
IRQ,IRQ,02,20140612,6
IRQ,IRQ,18,20080220,2
IRQ,IRQ,01,20100517,9
IRQ,IRQ,05,20090307,2
IRQ,IRQ,04,20140806,22
IRQ,IRQ,11,20071217,5
IRQ,IRQ,19,20040527,6
IRQ,IRQ,08,20051005,4
IRQ,IRQ,11,20081218,3
IRQ,IRQ,17,20080309,1
IRQ,IRQ,18,20060718,3
IRQ,IRQ,04,20070806,20
IRQ,IRQ,01,20080725,10
IRQ,IRQ,10,20111219,6
IRQ,IRQ,05,20071127,10
IRQ,IRQ,01,20090823,19
IRQ,IRQ,13,20030122,6
IRQ,IRQ,07,20090726,2
IRQ,IRQ,04,20140213,6
IRQ,IRQ,01,20070323,2
IRQ,IRQ,19,20050124,7
IRQ,IRQ,03,20080330,15
IRQ,IRQ,05,20090626,1
IRQ,IRQ,19,20080307,5
IRQ,IRQ,01,20090314,7
IRQ,IRQ,19,20051124,4
IRQ,IRQ,18,20140108,4
IRQ,IRQ,01,20050920,5
IRQ,IRQ,14,20030417,4
IRQ,IRQ,03,20070504,3
IRQ,IRQ,04,20110331,4
IRQ,IRQ,19,20070316,3
IRQ,IRQ,17,20070906,2
IRQ,IRQ,04,20030118,8
IRQ,IRQ,08,20141030,4
IRQ,IRQ,04,20050426,1
IRQ,IRQ,02,20090307,20
IRQ,IRQ,03,20090202,2
IRQ,IRQ,03,20010522,6
IRQ,IRQ,17,20070302,3
IRQ,IRQ,01,20070117,13
IRQ,IRQ,01,20030323,2
IRQ,IRQ,04,20051007,6
IRQ,IRQ,01,20121017,2
IRQ,IRQ,01,20100126,6
IRQ,IRQ,05,20070128,1
IRQ,IRQ,10,20140910,1
IRQ,IRQ,04,20080426,3
IRQ,IRQ,07,20141011,10
IRQ,IRQ,03,20070228,15
IRQ,IRQ,07,20070522,4
IRQ,IRQ,18,20131120,2
IRQ,IRQ,04,20091128,1
IRQ,IRQ,01,20030320,3
IRQ,IRQ,19,20130415,3
IRQ,IRQ,02,20070817,10
IRQ,IRQ,10,20090618,5
IRQ,IRQ,19,20060801,3
IRQ,IRQ,18,20070523,2
IRQ,IRQ,03,20140914,10
IRQ,IRQ,08,20060625,4
IRQ,IRQ,18,20051020,3
IRQ,IRQ,01,20100606,2
IRQ,IRQ,19,20070627,1
IRQ,IRQ,01,20100902,1
IRQ,IRQ,19,20141130,4
IRQ,IRQ,08,20111008,33
IRQ,IRQ,05,20100327,3
IRQ,IRQ,03,20070213,1
IRQ,IRQ,04,20080315,2
IRQ,IRQ,18,20120214,125
IRQ,IRQ,02,20110508,3
IRQ,IRQ,05,20040513,7
IRQ,IRQ,12,20140414,4
ISL,IRQ,19,20101025,7
ISR,IRQ,04,20070128,9
ISR,IRQ,04,20070419,10
ISR,IRQ,16,20101003,1
ISR,IRQ,01,20130721,10
ISR,IRQ,05,20141223,10
ISR,IRQ,05,20140725,4
ISR,IRQ,03,20080701,2
ISR,IRQ,04,20050418,2
ISR,IRQ,04,20040922,6
ISR,IRQ,03,20030411,7
ISR,IRQ,02,20120301,1
ISR,IRQ,07,20110813,4
ISR,IRQ,18,20040428,3
ISR,IRQ,07,20030416,2
ISR,IRQ,02,20101112,7
ISR,IRQ,01,20080711,2
ISR,IRQ,06,20030428,4
ISR,IRQ,06,20070920,18
ITA,IRQ,12,20030806,6
ITA,IRQ,16,20101117,4
ITA,IRQ,01,20040415,1
ITA,IRQ,04,20121001,2
ITA,IRQ,14,20050408,15
ITA,IRQ,19,20010104,6
ITA,IRQ,04,20040603,6
ITA,IRQ,07,20080421,1
ITA,IRQ,11,20031113,1
ITA,IRQ,08,20060403,4
ITA,IRQ,18,20031128,1
ITA,IRQ,04,20150116,4
ITA,IRQ,03,20040901,1
ITA,IRQ,17,20080417,1
ITA,IRQ,08,20050301,9
ITA,IRQ,01,20070118,3
ITA,IRQ,08,20060526,6
JOR,IRQ,11,20030807,1
JOR,IRQ,04,20061201,9
JOR,IRQ,04,20080709,5
JOR,IRQ,04,20040702,6
JOR,IRQ,04,20040409,3
JOR,IRQ,02,20030303,8
JOR,IRQ,13,20020203,5
JOR,IRQ,01,20041018,2
JOR,IRQ,19,20051031,1
JOR,IRQ,01,20110603,2
JOR,IRQ,04,20100816,2
JOR,IRQ,01,20120709,1
JOR,IRQ,03,20030406,2
JOR,IRQ,01,20030821,2
JOR,IRQ,04,20090226,1
JOR,IRQ,01,20080813,1
JOR,IRQ,04,20090903,8
JOR,IRQ,08,20150206,18
JOR,IRQ,04,20070818,2
JOR,IRQ,12,20030923,5
JOR,IRQ,06,20140303,2
JOR,IRQ,04,20141221,2
JOR,IRQ,02,20001006,4
JOR,IRQ,06,20110712,1
JPN,IRQ,01,20031012,6
JPN,IRQ,10,20150127,1
JPN,IRQ,05,20031222,17
JPN,IRQ,01,20031224,18
JPN,IRQ,06,20070409,5
JPN,IRQ,09,20040416,17
JPN,IRQ,08,20150204,2
JPN,IRQ,06,20040210,3
JPN,IRQ,07,20040126,7
JPN,IRQ,04,20070928,6
JPN,IRQ,06,20040720,7
JPN,IRQ,04,20031211,9
JPN,IRQ,13,20041028,9
JPN,IRQ,07,20031111,16
JPN,IRQ,06,20051125,4
JPN,IRQ,01,20120721,5
JPN,IRQ,04,20091208,2
KAZ,IRQ,06,20141119,10
KAZ,IRQ,05,20030210,2
KEN,IRQ,04,20040724,1
KGZ,IRQ,14,20030324,9
KOR,IRQ,08,20070629,3
KOR,IRQ,07,20031106,1
KOR,IRQ,04,20041001,7
KOR,IRQ,04,20111130,2
KOR,IRQ,04,20101107,3
KOR,IRQ,15,20040624,6
KOR,IRQ,04,20031104,1
KOR,IRQ,15,20031021,4
KOR,IRQ,04,20110421,5
KWT,IRQ,09,20030608,7
KWT,IRQ,09,20030414,6
KWT,IRQ,04,20010507,2
KWT,IRQ,01,20050101,1
KWT,IRQ,05,20090226,1
KWT,IRQ,04,20030505,2
KWT,IRQ,05,20131110,2
KWT,IRQ,03,20040210,4
KWT,IRQ,02,20020202,6
KWT,IRQ,04,20080918,7
KWT,IRQ,11,20030326,2
KWT,IRQ,06,20090924,4
KWT,IRQ,19,20010209,5
KWT,IRQ,04,20040113,8
KWT,IRQ,04,20090523,8
KWT,IRQ,01,20090225,8
KWT,IRQ,05,20080221,1
KWT,IRQ,11,20070207,2
KWT,IRQ,04,20031218,8
LBN,IRQ,04,20040602,4
LBN,IRQ,08,20120720,12
LBN,IRQ,04,20141203,21
LBN,IRQ,19,20070623,4
LBN,IRQ,05,20081202,2
LBN,IRQ,01,20120526,6
LBY,IRQ,05,20140206,8
LBY,IRQ,10,20110824,91
LBY,IRQ,16,20040108,5
LBY,IRQ,05,20081215,2
LBY,IRQ,03,20140609,2
LBY,IRQ,04,20020819,1
LBY,IRQ,19,20150114,1
LKA,IRQ,19,20081205,2
LKA,IRQ,02,20100717,2
LKA,IRQ,03,20140226,2
LTU,IRQ,07,20040422,2
MAR,IRQ,13,20030321,4
MAR,IRQ,04,20020130,3
MAR,IRQ,04,20021031,5
MCO,IRQ,01,20110309,2
MEA,IRQ,01,20040629,2
MEA,IRQ,01,20021221,1
MEA,IRQ,04,20110302,4
MEA,IRQ,16,20020914,6
MEX,IRQ,13,20101117,1
MEX,IRQ,05,20030303,5
MKD,IRQ,07,20050221,2
MNG,IRQ,04,20030710,4
MYS,IRQ,02,20100802,4
MYS,IRQ,06,20101011,9
MYS,IRQ,01,20110425,3
MYS,IRQ,01,20000328,5
MYS,IRQ,11,20110126,1
NGA,IRQ,10,20010905,1
NGA,IRQ,11,20030731,1
NGA,IRQ,05,20140910,2
NLD,IRQ,05,20030318,2
NLD,IRQ,19,20150121,42
NLD,IRQ,04,20141018,4
OMN,IRQ,13,20140808,8
PAK,IRQ,05,20041220,2
PAK,IRQ,19,20030320,1
PAK,IRQ,05,20030130,1
PAK,IRQ,04,20071104,1
PAK,IRQ,11,20070908,9
PAK,IRQ,07,20060905,12
PAK,IRQ,19,20061008,1
PAK,IRQ,11,20020829,7
PAK,IRQ,08,20021125,2
PAK,IRQ,03,20030313,18
PAK,IRQ,11,20040730,9
PAN,IRQ,04,20091205,4
PGS,IRQ,11,20011227,1
PGS,IRQ,03,20140722,8
PHL,IRQ,07,20040707,5
PHL,IRQ,01,20120127,4
POL,IRQ,18,20041031,2
POL,IRQ,03,20071217,2
POL,IRQ,04,20041105,3
POL,IRQ,04,20141009,4
POL,IRQ,08,20071123,16
PRK,IRQ,07,20031001,9
PRT,IRQ,18,20040510,5
PRT,IRQ,08,20040322,2
PSE,IRQ,05,20030815,3
PSE,IRQ,04,20051205,9
PSE,IRQ,02,20030321,5
PSE,IRQ,08,20071031,9
PSE,IRQ,04,20061109,1
PSE,IRQ,14,20021002,1
PSE,IRQ,04,20081014,3
PSE,IRQ,06,20110225,4
PSE,IRQ,03,20061229,1
PSE,IRQ,01,20030110,4
PSE,IRQ,08,20061213,2
QAT,IRQ,16,20041116,3
QAT,IRQ,19,20041125,2
QAT,IRQ,19,20030411,2
QAT,IRQ,04,20120329,7
QAT,IRQ,01,20140325,2
RUS,IRQ,03,20140702,6
RUS,IRQ,04,20080227,2
RUS,IRQ,01,20031216,1
RUS,IRQ,04,20110512,3
RUS,IRQ,04,20080212,7
RUS,IRQ,02,20140902,2
RUS,IRQ,12,20030226,9
RUS,IRQ,15,20001002,2
RUS,IRQ,02,20031104,4
RUS,IRQ,03,20030905,6
RUS,IRQ,04,20030306,11
RUS,IRQ,05,20081027,4
RUS,IRQ,05,20051121,5
RUS,IRQ,18,20040511,20
RUS,IRQ,16,20030408,5
RUS,IRQ,13,20020716,6
RUS,IRQ,05,20130521,18
RUS,IRQ,12,20030207,8
RUS,IRQ,10,20030325,27
RUS,IRQ,04,20030402,14
RUS,IRQ,05,20140709,2
RUS,IRQ,02,20040531,1
RUS,IRQ,04,20021122,6
RUS,IRQ,01,20130904,1
RUS,IRQ,13,20030223,2
RUS,IRQ,09,20030306,1
RUS,IRQ,04,20141109,2
RUS,IRQ,19,20070618,2
RUS,IRQ,02,20140220,6
SAU,IRQ,04,20040620,6
SAU,IRQ,08,20030503,5
SAU,IRQ,11,20120106,3
SAU,IRQ,04,20030421,1
SAU,IRQ,13,20050823,6
SAU,IRQ,17,20120120,4
SAU,IRQ,11,20101230,6
SAU,IRQ,03,20021106,4
SAU,IRQ,19,20150105,5
SAU,IRQ,13,20080708,2
SAU,IRQ,08,20010325,1
SAU,IRQ,01,20040614,3
SAU,IRQ,05,20120316,1
SAU,IRQ,01,20010418,2
SAU,IRQ,13,20140902,4
SDN,IRQ,05,20070228,7
SDN,IRQ,04,20030404,12
SDN,IRQ,17,20070109,4
SOM,IRQ,01,20090517,1
SRB,IRQ,06,20070920,6
SWE,IRQ,17,20040429,2
SYR,IRQ,19,20050705,7
SYR,IRQ,02,20080425,1
SYR,IRQ,04,20110105,50
SYR,IRQ,04,20141018,6
SYR,IRQ,19,20081027,2
SYR,IRQ,08,20141209,16
SYR,IRQ,11,20060515,3
SYR,IRQ,17,20141109,86
SYR,IRQ,04,20120312,3
SYR,IRQ,19,20140114,4
SYR,IRQ,12,20140108,136
SYR,IRQ,08,20121023,10
SYR,IRQ,11,20141022,1
SYR,IRQ,02,20130821,8
SYR,IRQ,04,20061215,6
SYR,IRQ,04,20070811,1
SYR,IRQ,04,20070212,2
SYR,IRQ,04,20080423,9
SYR,IRQ,02,20140107,5
SYR,IRQ,05,20130529,2
SYR,IRQ,07,20140730,5
SYR,IRQ,04,20120716,46
SYR,IRQ,19,20081026,16
SYR,IRQ,04,20150120,2
SYR,IRQ,15,20120719,7
SYR,IRQ,08,20130915,19
SYR,IRQ,01,20050112,2
SYR,IRQ,04,20150213,4
SYR,IRQ,04,20140909,5
SYR,IRQ,02,20140819,2
SYR,IRQ,03,20021221,2
SYR,IRQ,01,20130830,204
SYR,IRQ,01,20071006,5
SYR,IRQ,02,20020831,4
SYR,IRQ,19,20141025,10
SYR,IRQ,11,20090818,24
SYR,IRQ,17,20141203,7
SYR,IRQ,05,20000904,2
SYR,IRQ,19,20120804,1
SYR,IRQ,04,20131021,1
SYR,IRQ,04,20070921,1
SYR,IRQ,16,20111117,4
SYR,IRQ,01,20140106,1
SYR,IRQ,05,20150202,2
SYR,IRQ,05,20030922,1
SYR,IRQ,02,20140711,2
SYR,IRQ,04,20061121,22
SYR,IRQ,12,20150218,20
SYR,IRQ,08,20070821,2
SYR,IRQ,04,20110314,5
SYR,IRQ,04,20141029,8
TJK,IRQ,04,20020211,2
TKM,IRQ,12,20110215,1
TKM,IRQ,04,20100313,9
TUN,IRQ,18,20110828,5
TUR,IRQ,04,20130806,10
TUR,IRQ,04,20081020,1
TUR,IRQ,15,20071217,22
TUR,IRQ,07,20140623,1
TUR,IRQ,08,20120509,9
TUR,IRQ,04,20031002,2
TUR,IRQ,19,20030213,4
TUR,IRQ,19,20071217,7
TUR,IRQ,16,20021119,2
TUR,IRQ,01,20070531,9
TUR,IRQ,04,20021204,3
TUR,IRQ,05,20131129,160
TUR,IRQ,19,20080229,7
TUR,IRQ,04,20141030,8
TUR,IRQ,04,20030918,9
TUR,IRQ,01,20071023,6
TUR,IRQ,08,20090203,4
TUR,IRQ,01,20081003,1
TUR,IRQ,19,20070324,7
TUR,IRQ,06,20140620,6
TUR,IRQ,04,20041014,2
TUR,IRQ,03,20071103,1
TUR,IRQ,15,20071104,9
TUR,IRQ,12,20031108,20
TUR,IRQ,01,20061108,2
TUR,IRQ,12,20120821,2
TUR,IRQ,07,20121102,8
TUR,IRQ,17,20080307,2
TUR,IRQ,17,20030405,17
TUR,IRQ,11,20121114,8
TUR,IRQ,13,20070705,2
TUR,IRQ,06,20140727,2
TUR,IRQ,04,20130823,1
TUR,IRQ,15,20150126,3
TUR,IRQ,12,20010620,1
TUR,IRQ,04,20020822,3
TUR,IRQ,05,20021211,9
TUR,IRQ,19,20111029,9
TUR,IRQ,04,20100101,4
TUR,IRQ,03,20071216,6
TUR,IRQ,05,20071018,8
TUR,IRQ,16,20040628,15
TUR,IRQ,03,20040704,2
TUR,IRQ,10,20141107,6
TUR,IRQ,01,20050717,2
TUR,IRQ,19,20080721,2
TUR,IRQ,04,20090307,42
TUR,IRQ,04,20080802,5
TUR,IRQ,18,20041012,4
TUR,IRQ,04,20080829,4
TUR,IRQ,19,20081014,5
TUR,IRQ,11,20110826,4
TUR,IRQ,02,20120801,2
TUR,IRQ,04,20081209,6
TUR,IRQ,11,20020209,3
TUR,IRQ,02,20071106,4
TUR,IRQ,04,20140923,26
TUR,IRQ,03,20090210,5
UKR,IRQ,15,20040409,4
UKR,IRQ,01,20030702,5
UKR,IRQ,04,20030220,5
UKR,IRQ,02,20140714,2
UKR,IRQ,04,20020924,1
UKR,IRQ,04,20030703,14
USA,IRQ,19,20040507,14
USA,IRQ,15,20070820,6
USA,IRQ,01,20081117,1
USA,IRQ,05,20140404,1
USA,IRQ,09,20080430,9
USA,IRQ,11,20111206,4
USA,IRQ,07,20140121,2
USA,IRQ,17,20101222,1
USA,IRQ,04,20050919,4
USA,IRQ,11,20120711,2
USA,IRQ,12,20140614,20
USA,IRQ,05,20081106,3
USA,IRQ,05,20070910,31
USA,IRQ,17,20071227,8
USA,IRQ,07,20130115,8
USA,IRQ,07,20030709,1
USA,IRQ,03,20080326,7
USA,IRQ,08,20110704,1
USA,IRQ,06,20070326,7
USA,IRQ,04,20050304,7
USA,IRQ,02,20110525,1
USA,IRQ,07,20041201,5
USA,IRQ,07,20091203,1
USA,IRQ,17,20040222,10
USA,IRQ,19,20060709,18
USA,IRQ,01,20060528,9
USA,IRQ,01,20030322,9
USA,IRQ,08,20140526,4
USA,IRQ,19,20090228,4
USA,IRQ,02,20101014,8
USA,IRQ,03,20061128,3
USA,IRQ,19,20141029,46
USA,IRQ,02,20140702,84
USA,IRQ,02,20090115,12
USA,IRQ,04,20090411,64
USA,IRQ,01,20070707,5
USA,IRQ,19,20140906,10
USA,IRQ,19,20100802,1
USA,IRQ,04,20060920,1
USA,IRQ,02,20030315,3
USA,IRQ,04,20070520,6
USA,IRQ,19,20040629,3
USA,IRQ,04,20131229,4
USA,IRQ,07,20140912,24
USA,IRQ,04,20111013,15
USA,IRQ,05,20070306,1
USA,IRQ,04,20030706,4
USA,IRQ,04,20130317,16
USA,IRQ,17,20090923,16
USA,IRQ,06,20100307,4
USA,IRQ,04,20070224,3
USA,IRQ,19,20101221,48
USA,IRQ,09,20040129,4
USA,IRQ,19,20090616,1
USA,IRQ,03,20040516,2
USA,IRQ,11,20081103,20
USA,IRQ,04,20081018,9
USA,IRQ,19,20100804,20
USA,IRQ,12,20100813,8
USA,IRQ,06,20080512,5
USA,IRQ,03,20140701,2
USA,IRQ,09,20020914,4
USA,IRQ,16,20120802,1
USA,IRQ,11,20140127,6
USA,IRQ,07,20080928,6
USA,IRQ,02,20080715,2
USA,IRQ,09,20061130,7
USA,IRQ,04,20060817,12
USA,IRQ,05,20100122,2
USA,IRQ,01,20070412,19
USA,IRQ,04,20020627,2
USA,IRQ,13,20140807,16
USA,IRQ,06,20140619,3
USA,IRQ,03,20130625,4
USA,IRQ,04,20140907,8
USA,IRQ,05,20061017,6
USA,IRQ,19,20040303,1
USA,IRQ,19,20100825,154
USA,IRQ,02,20141016,10
USA,IRQ,19,20030613,12
USA,IRQ,08,20100719,2
USA,IRQ,04,20020315,4
USA,IRQ,01,20090515,3
USA,IRQ,02,20060922,6
USA,IRQ,13,20111213,4
USA,IRQ,04,20091005,2
USA,IRQ,03,20040519,18
USA,IRQ,04,20060915,10
USA,IRQ,19,20150121,5
USA,IRQ,11,20030608,3
USA,IRQ,19,20011010,9
USA,IRQ,02,20110418,1
USA,IRQ,02,20110923,10
USA,IRQ,04,20060403,19
USA,IRQ,17,20040512,4
USA,IRQ,01,20050628,1
USA,IRQ,11,20030530,5
USA,IRQ,07,20031008,2
USA,IRQ,17,20050129,1
USA,IRQ,01,20130301,4
USA,IRQ,04,20120106,3
USA,IRQ,03,20141111,3
USA,IRQ,12,20030522,2
USA,IRQ,09,20070512,2
USA,IRQ,08,20081114,15
USA,IRQ,03,20111207,9
USA,IRQ,11,20080515,8
USA,IRQ,03,20140902,8
USA,IRQ,11,20080701,7
USA,IRQ,03,20060527,5
USA,IRQ,03,20061202,4
USA,IRQ,13,20140815,1
USA,IRQ,03,20110716,1
USA,IRQ,04,20090414,4
USA,IRQ,11,20070123,3
USA,IRQ,08,20111219,11
USA,IRQ,17,20120426,2
USA,IRQ,01,20031202,1
USA,IRQ,05,20100131,1
USA,IRQ,02,20071219,7
USA,IRQ,10,20111023,6
USA,IRQ,08,20100824,27
USA,IRQ,04,20140826,9
USA,IRQ,18,20150204,1
USA,IRQ,19,20021202,6
USA,IRQ,08,20070514,5
USA,IRQ,11,20070102,7
USA,IRQ,05,20070329,5
USA,IRQ,04,20080223,2
USA,IRQ,04,20140404,5
USA,IRQ,17,20110418,1
USA,IRQ,12,20031120,6
USA,IRQ,06,20140618,8
USA,IRQ,12,20071024,10
USA,IRQ,06,20100426,1
USA,IRQ,04,20030406,2
USA,IRQ,16,20071203,5
USA,IRQ,07,20140815,18
USA,IRQ,04,20150204,5
USA,IRQ,04,20101110,2
USA,IRQ,03,20020623,9
USA,IRQ,11,20120229,60
USA,IRQ,07,20040202,1
USA,IRQ,08,20131125,2
USA,IRQ,01,20080413,14
USA,IRQ,04,20050618,2
USA,IRQ,05,20120302,1
USA,IRQ,08,20070211,1
USA,IRQ,02,20080228,1
USA,IRQ,01,20030408,1
USA,IRQ,11,20030705,2
USA,IRQ,10,20140301,4
USA,IRQ,03,20091216,1
USA,IRQ,19,20070503,1
USA,IRQ,11,20011126,8
USA,IRQ,12,20130501,2
USA,IRQ,17,20140707,6
USA,IRQ,04,20140707,2
USA,IRQ,08,20090614,15
USA,IRQ,09,20120523,2
USA,IRQ,05,20061204,3
USA,IRQ,17,20071004,4
USA,IRQ,12,20040412,4
USA,IRQ,19,20120817,24
USA,IRQ,06,20040925,4
USA,IRQ,01,20120801,204
USA,IRQ,17,20140813,2
USA,IRQ,05,20050216,1
USA,IRQ,01,20030403,2
USA,IRQ,08,20070322,2
USA,IRQ,06,20070601,1
USA,IRQ,03,20071029,7
USA,IRQ,14,20030227,9
USA,IRQ,11,20030127,7
USA,IRQ,12,20080513,5
USA,IRQ,11,20080605,1
USA,IRQ,19,20130805,36
USA,IRQ,07,20080610,28
USA,IRQ,01,20060512,3
USA,IRQ,03,20100831,71
USA,IRQ,04,20120731,8
USA,IRQ,08,20130828,1
USA,IRQ,04,20130614,4
USA,IRQ,01,20050112,1
USA,IRQ,07,20070410,6
USA,IRQ,02,20020216,4
USA,IRQ,12,20070929,4
USA,IRQ,02,20060403,9
USA,IRQ,04,20130916,1
USA,IRQ,06,20110923,16
USA,IRQ,07,20090410,18
USA,IRQ,15,20090812,14
USA,IRQ,15,20140304,1
USA,IRQ,08,20061122,6
USA,IRQ,03,20030417,3
USA,IRQ,06,20100821,4
USA,IRQ,19,20091026,10
USA,IRQ,12,20140529,2
USA,IRQ,06,20131016,2
USA,IRQ,19,20100219,2
USA,IRQ,01,20130203,2
USA,IRQ,01,20140829,10
USA,IRQ,02,20100830,4
USA,IRQ,03,20080601,3
USA,IRQ,08,20110610,1
USA,IRQ,16,20081030,3
USA,IRQ,12,20030214,9
USA,IRQ,15,20031114,1
USA,IRQ,13,20031205,3
USA,IRQ,15,20040829,1
USA,IRQ,17,20080319,3
USA,IRQ,09,20140712,8
USA,IRQ,07,20090410,1
USA,IRQ,18,20131027,1
USA,IRQ,01,20010113,7
USA,IRQ,09,20080711,7
USA,IRQ,08,20120423,2
USA,IRQ,01,20071227,1
USA,IRQ,03,20061222,4
USA,IRQ,07,20070119,9
USA,IRQ,06,20021129,1
USA,IRQ,06,20140923,2
USA,IRQ,02,20040921,4
USA,IRQ,07,20130930,321
USA,IRQ,07,20070502,12
USA,IRQ,13,20030319,18
USA,IRQ,03,20031014,1
USA,IRQ,19,20080417,30
USA,IRQ,08,20110805,12
USA,IRQ,09,20070506,4
USA,IRQ,05,20111027,5
USA,IRQ,01,20141119,1
USA,IRQ,12,20091105,2
USA,IRQ,07,20040311,1
USA,IRQ,19,20091003,9
USA,IRQ,09,20070401,2
USA,IRQ,08,20061127,1
USA,IRQ,08,20050624,1
USA,IRQ,08,20080611,2
USA,IRQ,04,20061112,8
USA,IRQ,19,20090319,3
USA,IRQ,07,20110130,11
USA,IRQ,13,20140616,10
USA,IRQ,13,20140913,8
USA,IRQ,08,20040506,7
USA,IRQ,08,20030616,6
USA,IRQ,19,20090123,9
USA,IRQ,13,20030922,7
USA,IRQ,19,20010222,3
USA,IRQ,11,20070619,12
USA,IRQ,11,20070324,6
USA,IRQ,19,20000417,1
USA,IRQ,04,20140906,2
USA,IRQ,19,20030707,4
USA,IRQ,11,20090325,2
USA,IRQ,12,20140807,5
USA,IRQ,19,20041210,1
USA,IRQ,07,20030411,7
USA,IRQ,15,20120210,6
USA,IRQ,07,20060825,51
USA,IRQ,05,20040320,2
USA,IRQ,19,20050709,18
USA,IRQ,08,20090817,20
USA,IRQ,16,20140516,2
USA,IRQ,01,20031207,1
USA,IRQ,03,20040120,5
USA,IRQ,03,20030208,17
USA,IRQ,17,20070524,4
USA,IRQ,05,20030219,2
USA,IRQ,13,20040428,5
USA,IRQ,01,20110622,10
USA,IRQ,09,20070507,2
USA,IRQ,01,20111107,10
USA,IRQ,12,20111217,2
USA,IRQ,03,20080423,7
USA,IRQ,19,20090815,1
USA,IRQ,19,20110705,4
USA,IRQ,04,20070331,3
USA,IRQ,01,20120801,28
USA,IRQ,01,20030405,3
USA,IRQ,07,20110606,1
USA,IRQ,05,20040311,5
USA,IRQ,06,20070225,4
USA,IRQ,03,20071226,2
USA,IRQ,01,20061116,7
USA,IRQ,13,20040424,1
USA,IRQ,08,20081023,4
USA,IRQ,08,20121227,30
USA,IRQ,09,20031015,7
USA,IRQ,01,20040929,4
USA,IRQ,17,20120916,1
USA,IRQ,01,20131102,4
USA,IRQ,11,20080412,27
USA,IRQ,04,20020201,2
USA,IRQ,18,20130515,4
USA,IRQ,17,20070711,2
USA,IRQ,08,20080829,3
USA,IRQ,19,20140925,96
VAT,IRQ,03,20100828,1
VAT,IRQ,04,20100730,5
VEN,IRQ,13,20090924,8
VNM,IRQ,04,20141116,2
VNM,IRQ,02,20061129,96
WST,IRQ,04,20000306,1
WST,IRQ,04,20140903,8
YEM,IRQ,02,20001014,3
YEM,IRQ,04,20110215,5
ZAF,IRQ,13,20091029,4
AUS,ISL,04,20130311,2
CAN,ISL,04,20140924,1
CAN,ISL,04,20140808,12
CHN,ISL,01,20011028,12
CHN,ISL,03,20110902,6
CHN,ISL,04,20131113,2
GBR,ISL,11,20090314,2
GBR,ISL,04,20140507,10
ISL,ISL,09,20120830,10
JPN,ISL,04,20100222,3
JPN,ISL,17,20040319,6
MLT,ISL,04,20110820,4
NOR,ISL,04,20141029,2
NOR,ISL,05,20020815,1
RUS,ISL,13,20140104,4
USA,ISL,09,20150131,10
USA,ISL,04,20120722,2
USA,ISL,07,20091216,3
AFG,ISR,11,20090206,4
AFG,ISR,04,20121113,2
AFR,ISR,08,20110209,4
AFR,ISR,14,20140518,10
AFR,ISR,09,20140826,4
AFR,ISR,04,20120520,5
AFR,ISR,16,20131226,2
AFR,ISR,07,20131221,1
AFR,ISR,11,20100602,1
AFR,ISR,05,20090918,6
AFR,ISR,07,20110607,2
AFR,ISR,05,20010501,5
AFR,ISR,02,20060627,2
AGO,ISR,04,20121208,6
ARE,ISR,01,20140831,17
ARE,ISR,18,20100222,10
ARE,ISR,04,20050225,4
ARG,ISR,06,20110403,6
ARG,ISR,17,20101206,7
ARM,ISR,04,20130821,4
AUS,ISR,01,20121128,1
AUS,ISR,19,20060801,6
AUS,ISR,11,20141210,6
AUS,ISR,02,20100524,2
AUS,ISR,04,20080312,2
AUT,ISR,04,20131205,2
AUT,ISR,11,20080416,7
AUT,ISR,11,20081230,5
AUT,ISR,04,20140423,6
AUT,ISR,05,20020724,1
AUT,ISR,03,20040503,2
AUT,ISR,03,20140718,1
AZE,ISR,05,20131015,4
BEL,ISR,08,20110227,2
BEL,ISR,05,20131113,10
BEL,ISR,02,20100311,9
BEL,ISR,09,20090115,6
BGR,ISR,03,20120823,6
BGR,ISR,09,20130208,2
BGR,ISR,11,20060613,1
BGR,ISR,08,20120725,4
BHR,ISR,04,20090926,8
BHR,ISR,19,20110605,7
BHR,ISR,11,20121107,4
BHS,ISR,05,20091231,1
BLR,ISR,05,20001020,1
BLR,ISR,16,20121114,2
BRA,ISR,03,20140128,48
CAN,ISR,18,20090107,2
CAN,ISR,05,20140814,2
CAN,ISR,04,20070927,7
CAN,ISR,05,20140127,6
CAN,ISR,05,20080617,1
CAN,ISR,04,20120317,10
CAN,ISR,05,20090511,6
CAN,ISR,04,20121115,8
CAN,ISR,03,20131125,8
CAN,ISR,01,20140823,1
CAN,ISR,02,20070227,2
CAN,ISR,01,20100620,5
CHE,ISR,09,20091013,2
CHE,ISR,17,20110708,28
CHL,ISR,04,20120125,4
CHN,ISR,04,20110801,16
CHN,ISR,04,20080812,1
CHN,ISR,11,20130106,4
CHN,ISR,11,20060216,3
CHN,ISR,04,20131216,5
CHN,ISR,06,20000711,9
CHN,ISR,19,20070705,16
CHN,ISR,11,20031009,2
CHN,ISR,04,20031218,1
CHN,ISR,04,20150120,10
CHN,ISR,04,20120521,5
CHN,ISR,05,20121122,8
CHN,ISR,01,20100729,6
CHN,ISR,03,20130426,6
CHN,ISR,06,20010824,3
CHN,ISR,03,20000330,3
CUB,ISR,01,20120127,3
CUB,ISR,04,20090505,6
CYP,ISR,19,20030519,4
CYP,ISR,08,20100116,17
CYP,ISR,06,20110914,1
CYP,ISR,01,20140212,4
CYP,ISR,05,20111223,12
CYP,ISR,01,20120217,12
CYP,ISR,02,20070629,16
CYP,ISR,17,20130328,2
CZE,ISR,04,20090118,1
CZE,ISR,04,20120518,13
CZE,ISR,04,20140814,6
DEU,ISR,03,20121120,1
DEU,ISR,04,20000327,15
DEU,ISR,04,20140320,4
DEU,ISR,01,20120621,6
DEU,ISR,03,20140904,3
DEU,ISR,08,20000119,4
DEU,ISR,01,20080528,4
DEU,ISR,04,20001029,4
DEU,ISR,13,20061115,2
DEU,ISR,06,20140225,3
DEU,ISR,05,20070612,2
DEU,ISR,01,20080306,1
DJI,ISR,04,20100913,10
DNK,ISR,05,20130504,4
DNK,ISR,07,20131027,6
DNK,ISR,04,20110209,35
DNK,ISR,04,20121206,15
DZA,ISR,04,20000625,8
DZA,ISR,05,20140325,2
DZA,ISR,04,20121216,2
EGY,ISR,14,20040307,3
EGY,ISR,16,20141225,10
EGY,ISR,04,20110309,7
EGY,ISR,06,20040126,2
EGY,ISR,04,20140807,59
EGY,ISR,06,20120305,9
EGY,ISR,05,20051106,12
EGY,ISR,01,20111004,5
EGY,ISR,05,20131231,10
EGY,ISR,01,20140712,4
EGY,ISR,18,20121104,10
EGY,ISR,11,20111206,8
EGY,ISR,04,20140711,2
EGY,ISR,01,20090316,8
EGY,ISR,05,20061129,3
EGY,ISR,02,20040326,1
EGY,ISR,05,20100208,1
EGY,ISR,05,20131025,4
EGY,ISR,04,20050623,6
EGY,ISR,04,20061130,18
EGY,ISR,05,20110921,20
EGY,ISR,02,20140720,8
EGY,ISR,13,20100128,12
EGY,ISR,12,20080901,1
EGY,ISR,11,20040627,12
EGY,ISR,04,20110106,4
EGY,ISR,04,20140628,20
EGY,ISR,11,20090104,7
EGY,ISR,01,20000426,5
EGY,ISR,03,20130326,8
EGY,ISR,02,20001202,5
EGY,ISR,01,20110123,7
EGY,ISR,04,20110421,1
EGY,ISR,14,20130607,8
EGY,ISR,01,20100224,7
EGY,ISR,02,20110821,3
EGY,ISR,08,20080617,2
EGY,ISR,08,20031204,2
EGY,ISR,04,20020124,2
EGY,ISR,01,20130116,3
EGY,ISR,05,20060308,4
EGY,ISR,10,20091228,1
EGY,ISR,15,20110829,3
EGY,ISR,04,20031022,3
EGY,ISR,03,20141012,44
EGY,ISR,01,20000111,2
EGY,ISR,03,20070808,2
EGY,ISR,02,20141113,1
EGY,ISR,11,20111009,9
EGY,ISR,12,20090811,1
EGY,ISR,11,20141111,2
EGY,ISR,19,20140131,5
EGY,ISR,19,20101203,1
EGY,ISR,05,20081123,1
EGY,ISR,04,20140717,16
EGY,ISR,02,20090529,6
EGY,ISR,05,20110911,19
EGY,ISR,10,20140807,4
EGY,ISR,04,20020131,6
EGY,ISR,04,20090620,5
EGY,ISR,05,20100614,1
EGY,ISR,02,20140704,18
EGY,ISR,03,20090109,3
EGY,ISR,04,20080312,10
EGY,ISR,05,20140730,8
EGY,ISR,04,20140802,30
EGY,ISR,19,20080228,7
EGY,ISR,10,20090127,1
EGY,ISR,17,20121103,3
EGY,ISR,04,20060802,2
EGY,ISR,02,20121116,8
EGY,ISR,17,20110201,2
EGY,ISR,04,20101212,5
EGY,ISR,03,20060602,8
EGY,ISR,04,20140906,1
EGY,ISR,04,20060715,3
EGY,ISR,17,20140304,18
EGY,ISR,05,20110509,46
EGY,ISR,04,20080307,1
EGY,ISR,04,20031206,5
EGY,ISR,10,20031129,1
EGY,ISR,09,20050712,5
EGY,ISR,19,20121121,20
EGY,ISR,11,20030827,9
EGY,ISR,01,20041205,2
EGY,ISR,14,20021213,11
EGY,ISR,07,20121012,46
EGY,ISR,01,20111124,35
EGY,ISR,13,20011011,3
EGY,ISR,02,20141125,2
EGY,ISR,04,20100906,1
EGY,ISR,16,20140822,15
EGY,ISR,17,20150131,8
EGY,ISR,11,20140510,34
EGY,ISR,08,20130808,3
EGY,ISR,04,20050621,5
ERI,ISR,04,20140130,10
ERI,ISR,17,20071014,1
ESP,ISR,02,20060909,5
ESP,ISR,04,20020217,4
ESP,ISR,02,20060802,1
ESP,ISR,19,20110324,4
ESP,ISR,02,20090318,2
ESP,ISR,10,20150128,8
ETH,ISR,04,20080415,2
ETH,ISR,13,20020118,3
ETH,ISR,19,20080924,6
ETH,ISR,07,20140402,1
ETH,ISR,03,20040602,8
ETH,ISR,04,20040531,7
ETH,ISR,17,20120307,60
EUR,ISR,03,20130113,4
EUR,ISR,02,20120125,18
EUR,ISR,12,20120823,4
EUR,ISR,05,20140924,2
EUR,ISR,11,20141203,10
EUR,ISR,02,20090721,1
EUR,ISR,03,20150113,8
EUR,ISR,12,20100318,5
EUR,ISR,19,20131202,2
EUR,ISR,01,20110524,18
EUR,ISR,02,20140714,4
EUR,ISR,04,20090120,3
EUR,ISR,13,20101207,27
EUR,ISR,13,20120709,10
EUR,ISR,03,20120125,2
EUR,ISR,04,20131018,4
EUR,ISR,16,20140727,2
EUR,ISR,01,20140606,2
EUR,ISR,02,20110224,14
EUR,ISR,08,20081228,2
EUR,ISR,17,20110901,6
EUR,ISR,01,20130522,8
EUR,ISR,10,20111120,10
FRA,ISR,01,20140620,2
FRA,ISR,04,20020201,7
FRA,ISR,01,20120118,2
FRA,ISR,04,20110624,4
FRA,ISR,04,20030413,9
FRA,ISR,19,20120618,5
FRA,ISR,04,20140522,4
FRA,ISR,06,20041124,1
FRA,ISR,06,20131117,9
FRA,ISR,04,20120823,4
FRA,ISR,04,20080630,2
FRA,ISR,04,20110605,8
FRA,ISR,14,20061112,4
FRA,ISR,02,20140720,8
FRA,ISR,04,20121030,18
FRA,ISR,02,20140730,10
FRA,ISR,05,20140211,4
FRA,ISR,01,20090811,1
FRA,ISR,04,20140818,7
FRA,ISR,11,20060801,2
FRA,ISR,04,20080304,35
FRA,ISR,04,20140916,6
FRA,ISR,04,20080517,5
FRA,ISR,11,20150110,9
FRA,ISR,01,20040814,1
FRA,ISR,18,20140922,1
FRA,ISR,04,20080914,4
FRA,ISR,04,20140914,4
FRA,ISR,04,20070212,8
FRA,ISR,03,20131111,13
FRA,ISR,04,20080715,3
FRA,ISR,16,20140724,2
FRA,ISR,04,20150113,10
FSM,ISR,05,20090910,9
FSM,ISR,05,20110405,2
GBR,ISR,04,20110902,12
GBR,ISR,04,20100221,15
GBR,ISR,14,20020409,1
GBR,ISR,04,20031207,1
GBR,ISR,02,20011101,2
GBR,ISR,18,20030428,5
GBR,ISR,05,20060723,13
GBR,ISR,06,20140519,2
GBR,ISR,16,20100821,1
GBR,ISR,04,20040226,2
GBR,ISR,05,20090924,2
GBR,ISR,07,20131227,1
GBR,ISR,09,20140801,2
GBR,ISR,01,20140116,11
GBR,ISR,07,20120319,16
GBR,ISR,01,20100830,12
GBR,ISR,11,20010211,2
GBR,ISR,11,20110103,1
GBR,ISR,01,20100216,2
GBR,ISR,04,20070322,4
GBR,ISR,04,20090824,1
GBR,ISR,13,20100915,9
GBR,ISR,09,20100223,1
GBR,ISR,12,20060906,3
GBR,ISR,10,20091111,1
GBR,ISR,03,20131130,12
GBR,ISR,04,20140805,1
GBR,ISR,11,20060719,18
GRC,ISR,05,20020416,6
GRC,ISR,04,20120229,1
GRC,ISR,04,20110922,2
GRC,ISR,04,20110712,1
GRC,ISR,04,20110629,5
GRC,ISR,04,20010910,2
GRC,ISR,11,20000731,4
GRC,ISR,01,20050323,2
GTM,ISR,05,20140331,2
HUN,ISR,16,20140212,4
HUN,ISR,01,20130618,8
IDN,ISR,01,20060823,3
IDN,ISR,04,20090608,1
IND,ISR,17,20110506,2
IND,ISR,18,20120213,5
IRL,ISR,19,20131021,2
IRL,ISR,17,20131006,2
IRL,ISR,04,20100606,9
IRL,ISR,02,20141211,8
IRL,ISR,02,20040210,7
IRN,ISR,19,20090605,2
IRN,ISR,01,20090929,27
IRN,ISR,04,20121019,1
IRN,ISR,12,20140306,2
IRN,ISR,08,20140619,16
IRN,ISR,19,20071014,2
IRN,ISR,02,20010127,6
IRN,ISR,11,20100715,2
IRN,ISR,07,20070326,1
IRN,ISR,01,20071217,4
IRN,ISR,10,20130802,6
IRN,ISR,04,20070214,3
IRN,ISR,02,20120623,1
IRN,ISR,19,20110712,3
IRN,ISR,05,20140609,2
IRN,ISR,19,20110717,2
IRN,ISR,19,20130505,4
IRN,ISR,11,20010415,5
IRN,ISR,13,20120723,2
IRN,ISR,04,20150107,2
IRN,ISR,02,20090304,1
IRN,ISR,01,20120514,2
IRN,ISR,13,20150205,1
IRN,ISR,13,20090219,4
IRN,ISR,01,20090416,9
IRN,ISR,01,20100127,3
IRN,ISR,12,20121226,2
IRN,ISR,01,20120729,10
IRN,ISR,09,20111213,4
IRN,ISR,01,20111229,6
IRN,ISR,11,20121011,4
IRN,ISR,05,20141205,1
IRN,ISR,07,20121121,4
IRN,ISR,11,20080609,7
IRN,ISR,11,20090209,1
IRN,ISR,11,20140311,2
IRN,ISR,19,20010502,2
IRN,ISR,14,20060903,2
IRN,ISR,04,20140910,2
IRN,ISR,05,20131204,4
IRN,ISR,11,20090421,8
IRN,ISR,11,20110426,2
IRN,ISR,04,20130214,168
IRN,ISR,13,20100109,1
IRN,ISR,11,20120528,43
IRN,ISR,03,20100818,1
IRN,ISR,13,20130929,2
IRN,ISR,01,20140223,5
IRN,ISR,19,20111103,1
IRN,ISR,16,20020405,4
IRN,ISR,19,20130709,4
IRN,ISR,11,20040903,2
IRN,ISR,03,20071211,9
IRN,ISR,18,20070618,2
IRN,ISR,11,20120411,1
IRN,ISR,05,20030708,2
IRN,ISR,11,20100210,3
IRN,ISR,03,20090612,16
IRN,ISR,11,20081230,8
IRN,ISR,18,20090113,3
IRN,ISR,11,20080214,24
IRN,ISR,19,20080825,1
IRN,ISR,04,20120215,2
IRQ,ISR,19,20120117,2
IRQ,ISR,04,20070812,3
IRQ,ISR,13,20030416,6
IRQ,ISR,19,20031007,2
IRQ,ISR,18,20071009,5
IRQ,ISR,02,20021007,9
IRQ,ISR,04,20041222,1
IRQ,ISR,04,20141130,1
IRQ,ISR,04,20021003,11
IRQ,ISR,17,20130304,4
IRQ,ISR,05,20090111,18
ISR,ISR,19,20100608,1
ISR,ISR,04,20130313,6
ISR,ISR,04,20120216,4
ISR,ISR,05,20091029,10
ISR,ISR,17,20130108,2
ISR,ISR,19,20111011,10
ISR,ISR,04,20020723,2
ISR,ISR,08,20111110,2
ISR,ISR,11,20100101,3
ISR,ISR,11,20090802,114
ISR,ISR,08,20140722,6
ISR,ISR,19,20140822,102
ISR,ISR,03,20031023,1
ISR,ISR,03,20100326,2
ISR,ISR,08,20081223,1
ISR,ISR,05,20140808,5
ISR,ISR,13,20040130,2
ISR,ISR,19,20081230,35
ISR,ISR,13,20111101,4
ISR,ISR,13,20080224,1
ISR,ISR,13,20090724,1
ISR,ISR,16,20110803,10
ISR,ISR,11,20140707,2
ISR,ISR,19,20050820,3
ISR,ISR,05,20140525,2
ISR,ISR,14,20070613,4
ISR,ISR,19,20120701,84
ISR,ISR,01,20141211,3
ISR,ISR,05,20060329,2
ISR,ISR,17,20020424,4
ISR,ISR,05,20000726,15
ISR,ISR,17,20040312,2
ISR,ISR,19,20070812,3
ISR,ISR,12,20060702,2
ISR,ISR,12,20140221,6
ISR,ISR,04,20140720,18
ISR,ISR,19,20110411,4
ISR,ISR,01,20000505,2
ISR,ISR,01,20130526,1
ISR,ISR,05,20140509,1
ISR,ISR,08,20131229,56
ISR,ISR,06,20071212,4
ISR,ISR,08,20030706,4
ISR,ISR,11,20100115,8
ISR,ISR,08,20141015,6
ISR,ISR,19,20141014,7
ISR,ISR,19,20090411,9
ISR,ISR,05,20021011,6
ISR,ISR,13,20140825,4
ISR,ISR,09,20000330,5
ISR,ISR,19,20140801,39
ISR,ISR,04,20110407,3
ISR,ISR,05,20150125,2
ISR,ISR,05,20060628,4
ISR,ISR,06,20140527,4
ISR,ISR,04,20060126,1
ISR,ISR,16,20130405,2
ISR,ISR,01,20131111,3
ISR,ISR,03,20101014,2
ISR,ISR,04,20140816,2
ISR,ISR,04,20140802,16
ISR,ISR,08,20100716,2
ISR,ISR,03,20140214,2
ISR,ISR,04,20021016,1
ISR,ISR,02,20130926,37
ISR,ISR,03,20110808,3
ISR,ISR,12,20121202,370
ISR,ISR,02,20061127,1
ISR,ISR,18,20100103,1
ISR,ISR,17,20140206,1
ISR,ISR,10,20100813,1
ISR,ISR,16,20010206,4
ISR,ISR,19,20140517,4
ISR,ISR,01,20061109,10
ISR,ISR,04,20141026,18
ISR,ISR,11,20150129,15
ISR,ISR,11,20080617,2
ISR,ISR,04,20120629,3
ISR,ISR,05,20051114,1
ISR,ISR,17,20140201,1
ISR,ISR,05,20071106,3
ISR,ISR,03,20090825,2
ISR,ISR,10,20101216,2
ISR,ISR,18,20141010,10
ISR,ISR,19,20120521,5
ISR,ISR,04,20080907,7
ISR,ISR,03,20110508,2
ISR,ISR,19,20121123,588
ISR,ISR,04,20050131,9
ISR,ISR,03,20140716,10
ISR,ISR,03,20080825,3
ISR,ISR,01,20110729,6
ISR,ISR,18,20140817,16
ISR,ISR,03,20110825,4
ISR,ISR,02,20070708,14
ISR,ISR,05,20140612,12
ISR,ISR,12,20140726,16
ISR,ISR,19,20030902,2
ISR,ISR,04,20060309,5
ISR,ISR,08,20130905,8
ISR,ISR,03,20080413,2
ISR,ISR,01,20120304,22
ISR,ISR,19,20020820,4
ISR,ISR,03,20001227,5
ISR,ISR,03,20000514,10
ISR,ISR,19,20121117,20
ISR,ISR,06,20140622,6
ISR,ISR,08,20070516,2
ISR,ISR,12,20120812,4
ISR,ISR,13,20140501,8
ISR,ISR,17,20111101,1
ISR,ISR,05,20061130,7
ISR,ISR,10,20000501,10
ISR,ISR,12,20091029,12
ISR,ISR,05,20100423,8
ISR,ISR,01,20131124,20
ISR,ISR,19,20130722,5
ISR,ISR,13,20121110,11
ISR,ISR,02,20141223,1
ISR,ISR,03,20040114,9
ISR,ISR,12,20091104,2
ISR,ISR,19,20040806,2
ISR,ISR,13,20081027,1
ISR,ISR,17,20110724,2
ISR,ISR,09,20090406,12
ISR,ISR,06,20091008,2
ISR,ISR,13,20110719,19
ISR,ISR,08,20070727,2
ISR,ISR,01,20030912,1
ISR,ISR,01,20120411,3
ISR,ISR,04,20011102,3
ISR,ISR,04,20140712,84
ISR,ISR,03,20060719,11
ISR,ISR,12,20140111,8
ISR,ISR,03,20021216,3
ISR,ISR,04,20130605,10
ISR,ISR,01,20111025,9
ISR,ISR,11,20130927,23
ISR,ISR,13,20010421,2
ISR,ISR,01,20120907,30
ISR,ISR,13,20081231,2
ISR,ISR,11,20111103,4
ISR,ISR,02,20141222,10
ISR,ISR,19,20080301,25
ISR,ISR,05,20091015,9
ISR,ISR,01,20121125,1
ISR,ISR,05,20100708,1
ISR,ISR,16,20100924,10
ISR,ISR,03,20001019,3
ISR,ISR,01,20040515,2
ISR,ISR,03,20101001,19
ISR,ISR,16,20041226,1
ISR,ISR,06,20081010,2
ISR,ISR,11,20020105,1
ISR,ISR,04,20140809,2
ISR,ISR,08,20140619,4
ISR,ISR,01,20080514,12
ISR,ISR,11,20140909,1
ISR,ISR,13,20140718,8
ISR,ISR,01,20010507,2
ISR,ISR,17,20120115,2
ISR,ISR,03,20001224,1
ISR,ISR,02,20140623,12
ISR,ISR,01,20070227,6
ISR,ISR,01,20061003,9
ISR,ISR,19,20111003,9
ISR,ISR,11,20120311,9
ISR,ISR,01,20020412,10
ISR,ISR,11,20120717,2
ISR,ISR,18,20010327,7
ISR,ISR,12,20140306,3
ISR,ISR,01,20131107,1
ISR,ISR,01,20131029,32
ISR,ISR,04,20030521,2
ISR,ISR,02,20030605,6
ISR,ISR,19,20071208,3
ISR,ISR,04,20121111,21
ISR,ISR,13,20041109,3
ISR,ISR,04,20100821,7
ISR,ISR,03,20090921,10
ISR,ISR,13,20100605,31
ISR,ISR,11,20140803,12
ISR,ISR,04,20150101,4
ISR,ISR,03,20090408,2
ISR,ISR,01,20010330,36
ISR,ISR,04,20040624,3
ISR,ISR,01,20140503,12
ISR,ISR,01,20090111,127
ISR,ISR,02,20120124,5
ISR,ISR,08,20100131,2
ISR,ISR,02,20091009,3
ISR,ISR,11,20071126,4
ISR,ISR,09,20120716,5
ISR,ISR,17,20070708,3
ISR,ISR,02,20000127,4
ISR,ISR,19,20140808,39
ISR,ISR,10,20100707,23
ISR,ISR,01,20090910,5
ISR,ISR,05,20080601,2
ISR,ISR,05,20101027,6
ISR,ISR,17,20101212,21
ISR,ISR,11,20080708,5
ISR,ISR,11,20051026,1
ISR,ISR,05,20090211,25
ISR,ISR,04,20100422,3
ISR,ISR,09,20090118,1
ISR,ISR,04,20011001,4
ISR,ISR,01,20121119,40
ISR,ISR,12,20120820,8
ISR,ISR,01,20031114,1
ISR,ISR,01,20000707,3
ISR,ISR,19,20120220,8
ISR,ISR,04,20120606,45
ISR,ISR,05,20130305,6
ISR,ISR,03,20090615,15
ISR,ISR,11,20110707,6
ISR,ISR,01,20131006,4
ISR,ISR,14,20120426,12
ISR,ISR,01,20141024,10
ISR,ISR,18,20001214,5
ISR,ISR,06,20101125,2
ISR,ISR,04,20070625,4
ISR,ISR,03,20140519,1
ISR,ISR,19,20141205,16
ISR,ISR,04,20110516,4
ISR,ISR,11,20130901,6
ISR,ISR,03,20120520,2
ISR,ISR,02,20080215,1
ISR,ISR,19,20050207,2
ISR,ISR,08,20040212,5
ISR,ISR,11,20010903,2
ISR,ISR,05,20101026,18
ISR,ISR,03,20090924,10
ISR,ISR,17,20131108,4
ISR,ISR,01,20071016,2
ISR,ISR,11,20090104,6
ISR,ISR,04,20031221,8
ISR,ISR,16,20100830,11
ISR,ISR,01,20081127,20
ISR,ISR,19,20140718,13
ISR,ISR,16,20140925,6
ISR,ISR,01,20070725,2
ISR,ISR,02,20130526,2
ISR,ISR,05,20120719,3
ISR,ISR,08,20131027,12
ISR,ISR,01,20101002,14
ISR,ISR,12,20101227,18
ISR,ISR,03,20090222,1
ISR,ISR,03,20141019,2
ISR,ISR,05,20090609,23
ISR,ISR,03,20080414,2
ISR,ISR,11,20080601,27
ISR,ISR,03,20000310,4
ISR,ISR,01,20081229,4
ISR,ISR,19,20010201,12
ITA,ISR,03,20131115,6
ITA,ISR,10,20000112,2
ITA,ISR,05,20141222,2
ITA,ISR,10,20060718,2
ITA,ISR,03,20131126,1
ITA,ISR,04,20131104,1
ITA,ISR,02,20031006,4
ITA,ISR,04,20070709,6
ITA,ISR,04,20131201,2
JOR,ISR,06,20080601,3
JOR,ISR,16,20140805,8
JOR,ISR,04,20111006,1
JOR,ISR,16,20141110,8
JOR,ISR,08,20041129,5
JOR,ISR,10,20110525,6
JOR,ISR,02,20120512,5
JOR,ISR,16,20140331,1
JOR,ISR,04,20130713,2
JOR,ISR,05,20140315,14
JOR,ISR,05,20040418,5
JOR,ISR,04,20130718,1
JOR,ISR,05,20100214,1
JOR,ISR,10,20120125,2
JOR,ISR,12,20090831,5
JOR,ISR,01,20140523,6
JOR,ISR,04,20090411,2
JOR,ISR,04,20111018,2
JOR,ISR,18,20010828,4
JOR,ISR,10,20110111,2
JOR,ISR,12,20001210,2
JOR,ISR,19,20130224,1
JOR,ISR,05,20070420,16
JOR,ISR,04,20120826,2
JOR,ISR,02,20020901,5
JOR,ISR,04,20100727,7
JOR,ISR,04,20140131,1
JOR,ISR,05,20000825,6
JOR,ISR,01,20090113,2
JOR,ISR,04,20040107,7
JOR,ISR,11,20110505,4
JOR,ISR,04,20101007,8
JOR,ISR,09,20090522,2
JOR,ISR,03,20070618,7
JOR,ISR,05,20080709,3
JOR,ISR,11,20020315,5
JOR,ISR,04,20040127,2
JOR,ISR,11,20100806,4
JOR,ISR,04,20090207,6
JPN,ISR,03,20050506,3
JPN,ISR,07,20110304,14
JPN,ISR,01,20050308,8
JPN,ISR,07,20040116,4
JPN,ISR,19,20040612,5
JPN,ISR,14,20091104,3
JPN,ISR,12,20070324,3
KEN,ISR,04,20040402,1
KEN,ISR,06,20130925,7
KEN,ISR,04,20021211,5
KHM,ISR,03,20120713,126
KWT,ISR,03,20141016,4
KWT,ISR,05,20031215,8
KWT,ISR,19,20080707,4
LBN,ISR,04,20120329,9
LBN,ISR,19,20020330,2
LBN,ISR,17,20110624,51
LBN,ISR,04,20140527,1
LBN,ISR,19,20020101,2
LBN,ISR,11,20120113,1
LBN,ISR,09,20091111,2
LBN,ISR,03,20091201,9
LBN,ISR,19,20090221,17
LBN,ISR,01,20140301,1
LBN,ISR,04,20060913,4
LBN,ISR,20,20141110,2
LBN,ISR,08,20000223,1
LBN,ISR,15,20121217,12
LBN,ISR,09,20110525,4
LBN,ISR,10,20090722,1
LBN,ISR,19,20001014,4
LBN,ISR,19,20090109,24
LBN,ISR,07,20051021,3
LBN,ISR,19,20090114,1
LBN,ISR,12,20110123,7
LBN,ISR,12,20090113,2
LBN,ISR,01,20110310,2
LBN,ISR,04,20020606,6
LBN,ISR,04,20100830,6
LBN,ISR,19,20071204,9
LBN,ISR,01,20110109,4
LBN,ISR,04,20091025,5
LBN,ISR,01,20140228,20
LBN,ISR,08,20000712,1
LBN,ISR,19,20130705,7
LBN,ISR,01,20080407,2
LBN,ISR,13,20000218,1
LBN,ISR,11,20110401,4
LBN,ISR,05,20001009,5
LBN,ISR,17,20100806,2
LBN,ISR,02,20140730,2
LBN,ISR,08,20030918,4
LBN,ISR,19,20060821,7
LBN,ISR,17,20150115,6
LBN,ISR,04,20060805,4
LBN,ISR,04,20080625,4
LBN,ISR,11,20100629,1
LBN,ISR,08,20090518,7
LBN,ISR,15,20090728,2
LBN,ISR,08,20000805,1
LBN,ISR,05,20060831,1
LBN,ISR,04,20090712,2
LBN,ISR,08,20130728,1
LBN,ISR,03,20060814,20
LBN,ISR,19,20090720,4
LBN,ISR,11,20000913,2
LBN,ISR,13,20010417,12
LBN,ISR,05,20080916,7
LBY,ISR,04,20100809,3
LBY,ISR,19,20120331,4
LKA,ISR,14,20120105,1
LKA,ISR,05,20120416,10
LTU,ISR,03,20130728,10
LTU,ISR,02,20020503,5
LTU,ISR,04,20130906,8
MAC,ISR,05,20080102,3
MAR,ISR,03,20000827,6
MAR,ISR,04,20030905,6
MAR,ISR,04,20091029,8
MDV,ISR,04,20101123,2
MEA,ISR,09,20130721,3
MEA,ISR,02,20010520,6
MEA,ISR,03,20130321,12
MEA,ISR,16,20010311,1
MEA,ISR,04,20070530,4
MEA,ISR,03,20100503,4
MEX,ISR,14,20140812,1
MLT,ISR,03,20110225,5
MMR,ISR,05,20130911,21
MYS,ISR,02,20060803,3
MYS,ISR,05,20120127,4
NGA,ISR,04,20140914,6
NGA,ISR,03,20131025,10
NGA,ISR,02,20131029,6
NGA,ISR,16,20050808,2
NGA,ISR,03,20141016,6
NIC,ISR,04,20141001,2
NLD,ISR,07,20140828,7
NLD,ISR,04,20120702,2
NLD,ISR,02,20141123,4
NOR,ISR,13,20140502,16
NOR,ISR,04,20100901,1
NOR,ISR,03,20130715,1
NOR,ISR,16,20110419,3
NPL,ISR,03,20140401,18
OMN,ISR,02,20140810,8
PAK,ISR,02,20120216,15
PAK,ISR,11,20140430,8
PAK,ISR,04,20040318,14
PAK,ISR,04,20091107,1
PAK,ISR,03,20070420,2
PAK,ISR,16,20111127,2
PAK,ISR,04,20070327,2
PER,ISR,12,20110125,8
PHL,ISR,01,20090803,6
PHL,ISR,04,20140206,2
POL,ISR,01,20100817,6
POL,ISR,01,20100813,1
POL,ISR,07,20090427,5
POL,ISR,04,20141114,3
PSE,ISR,17,20030220,4
PSE,ISR,16,20010115,2
PSE,ISR,11,20010921,2
PSE,ISR,01,20141001,3
PSE,ISR,08,20080621,3
PSE,ISR,12,20141113,100
PSE,ISR,11,20140817,34
PSE,ISR,03,20080713,35
PSE,ISR,19,20040624,5
PSE,ISR,01,20020406,5
PSE,ISR,19,20050123,5
PSE,ISR,17,20050427,4
PSE,ISR,08,20110531,4
PSE,ISR,13,20071101,4
PSE,ISR,19,20090201,33
PSE,ISR,01,20031014,1
PSE,ISR,04,20140802,3
PSE,ISR,02,20140712,13
PSE,ISR,18,20090930,6
PSE,ISR,11,20070131,4
PSE,ISR,13,20150127,20
PSE,ISR,11,20120807,7
PSE,ISR,02,20010714,4
PSE,ISR,08,20071014,1
PSE,ISR,17,20020425,33
PSE,ISR,02,20080301,9
PSE,ISR,18,20110820,18
PSE,ISR,18,20020404,4
PSE,ISR,03,20040123,3
PSE,ISR,04,20010225,10
PSE,ISR,19,20030524,7
PSE,ISR,19,20071013,9
PSE,ISR,04,20140916,1
PSE,ISR,17,20140417,3
PSE,ISR,01,20100426,6
PSE,ISR,04,20020212,4
PSE,ISR,17,20020825,16
PSE,ISR,02,20140425,90
PSE,ISR,14,20121021,10
PSE,ISR,11,20100310,1
PSE,ISR,12,20000718,1
PSE,ISR,04,20090614,1
PSE,ISR,19,20010622,2
PSE,ISR,05,20020207,4
PSE,ISR,07,20090917,6
PSE,ISR,01,20050108,13
PSE,ISR,02,20101223,54
PSE,ISR,01,20121207,3
PSE,ISR,02,20001118,4
PSE,ISR,19,20010708,2
PSE,ISR,19,20010704,35
PSE,ISR,01,20050719,2
PSE,ISR,14,20120329,36
PSE,ISR,04,20010114,6
PSE,ISR,18,20140825,20
PSE,ISR,12,20130722,12
PSE,ISR,11,20120101,3
PSE,ISR,03,20141005,10
PSE,ISR,18,20040708,2
PSE,ISR,04,20120102,66
PSE,ISR,03,20131206,27
PSE,ISR,18,20110415,5
PSE,ISR,01,20140105,1
PSE,ISR,14,20130225,23
PSE,ISR,04,20080916,2
PSE,ISR,05,20010217,3
PSE,ISR,16,20050116,9
PSE,ISR,04,20110224,6
PSE,ISR,03,20080217,8
PSE,ISR,19,20120713,10
PSE,ISR,12,20020306,4
PSE,ISR,19,20040316,4
PSE,ISR,05,20080721,4
PSE,ISR,03,20080515,60
PSE,ISR,12,20131115,8
PSE,ISR,02,20120905,2
PSE,ISR,02,20150127,1
PSE,ISR,01,20090103,10
PSE,ISR,04,20030512,9
PSE,ISR,02,20110706,6
PSE,ISR,01,20140802,33
PSE,ISR,01,20140731,11
PSE,ISR,04,20130906,14
PSE,ISR,04,20060528,10
PSE,ISR,04,20131105,2
PSE,ISR,02,20140424,1
PSE,ISR,12,20131103,4
PSE,ISR,07,20080203,12
PSE,ISR,01,20110822,1
PSE,ISR,08,20061124,9
PSE,ISR,17,20011219,5
PSE,ISR,01,20140918,20
PSE,ISR,02,20090102,271
PSE,ISR,07,20100129,2
PSE,ISR,17,20060806,22
PSE,ISR,11,20111117,2
PSE,ISR,19,20090614,9
PSE,ISR,04,20121118,4
PSE,ISR,04,20080229,4
PSE,ISR,01,20070325,14
PSE,ISR,02,20130730,8
PSE,ISR,19,20030608,11
PSE,ISR,19,20150101,1
PSE,ISR,01,20100805,4
PSE,ISR,16,20110310,2
PSE,ISR,06,20131009,2
PSE,ISR,04,20140112,10
PSE,ISR,17,20120413,3
PSE,ISR,04,20130902,16
PSE,ISR,04,20130607,2
PSE,ISR,17,20101104,1
PSE,ISR,04,20140430,22
PSE,ISR,11,20090106,110
PSE,ISR,03,20091009,7
PSE,ISR,19,20110110,17
PSE,ISR,04,20050620,32
PSE,ISR,01,20070107,3
PSE,ISR,01,20130904,15
PSE,ISR,04,20131014,9
PSE,ISR,16,20100810,9
PSE,ISR,03,20090119,9
PSE,ISR,11,20100630,1
PSE,ISR,19,20120529,7
PSE,ISR,10,20150211,8
PSE,ISR,04,20080213,18
PSE,ISR,11,20081227,8
PSE,ISR,02,20100221,2
PSE,ISR,11,20100617,2
PSE,ISR,19,20070821,12
PSE,ISR,19,20140723,200
PSE,ISR,17,20110829,5
PSE,ISR,04,20140423,1
PSE,ISR,01,20140321,16
PSE,ISR,01,20120717,6
PSE,ISR,19,20090124,80
PSE,ISR,12,20080615,8
PSE,ISR,01,20100106,2
PSE,ISR,04,20080310,14
PSE,ISR,04,20080425,6
PSE,ISR,04,20080923,4
PSE,ISR,19,20030518,4
PSE,ISR,01,20110114,8
PSE,ISR,14,20090918,7
PSE,ISR,03,20010122,18
PSE,ISR,11,20150107,104
PSE,ISR,19,20091224,6
PSE,ISR,19,20010319,7
PSE,ISR,03,20100220,6
PSE,ISR,02,20090913,2
PSE,ISR,16,20021127,5
PSE,ISR,04,20060414,5
PSE,ISR,18,20070911,2
PSE,ISR,07,20140717,4
PSE,ISR,04,20101009,2
PSE,ISR,11,20120426,3
PSE,ISR,05,20070928,13
PSE,ISR,04,20100323,4
PSE,ISR,03,20130925,150
PSE,ISR,19,20010107,1
PSE,ISR,04,20000604,3
PSE,ISR,16,20150106,2
PSE,ISR,04,20140309,25
PSE,ISR,08,20090119,120
PSE,ISR,02,20000727,2
PSE,ISR,04,20120731,3
PSE,ISR,08,20110430,2
PSE,ISR,10,20141207,3
PSE,ISR,02,20090401,1
PSE,ISR,08,20100802,9
PSE,ISR,04,20051115,5
PSE,ISR,19,20001020,16
PSE,ISR,04,20141009,34
PSE,ISR,18,20070408,4
PSE,ISR,02,20021213,7
PSE,ISR,19,20080508,1
PSE,ISR,03,20090105,5
PSE,ISR,05,20030401,4
PSE,ISR,17,20110603,3
PSE,ISR,14,20150205,2
PSE,ISR,01,20030414,1
PSE,ISR,13,20040118,5
PSE,ISR,10,20040302,6
PSE,ISR,01,20131028,16
PSE,ISR,06,20150213,5
PSE,ISR,11,20100623,1
PSE,ISR,19,20060221,13
PSE,ISR,04,20140923,8
PSE,ISR,19,20110604,18
PSE,ISR,02,20061111,1
PSE,ISR,10,20130719,1
PSE,ISR,11,20100603,8
PSE,ISR,13,20030826,7
PSE,ISR,01,20040223,1
PSE,ISR,04,20140719,19
PSE,ISR,19,20110521,16
PSE,ISR,05,20070920,10
PSE,ISR,17,20091102,20
PSE,ISR,07,20090724,10
PSE,ISR,04,20071218,8
PSE,ISR,19,20090808,4
PSE,ISR,11,20130123,1
PSE,ISR,04,20100508,3
PSE,ISR,07,20121214,1
PSE,ISR,12,20010424,5
PSE,ISR,01,20071229,6
PSE,ISR,04,20140413,4
PSE,ISR,05,20141121,27
PSE,ISR,04,20110712,22
PSE,ISR,02,20100620,1
PSE,ISR,13,20140908,22
PSE,ISR,02,20070617,28
PSE,ISR,01,20120818,10
PSE,ISR,12,20050212,2
PSE,ISR,11,20140307,22
PSE,ISR,19,20070513,11
PSE,ISR,16,20090902,5
PSE,ISR,19,20121123,7
PSE,ISR,17,20120905,6
PSE,ISR,12,20111015,2
PSE,ISR,04,20010630,14
PSE,ISR,08,20130305,8
PSE,ISR,18,20080507,7
PSE,ISR,11,20020108,6
PSE,ISR,01,20011016,5
PSE,ISR,12,20011109,2
PSE,ISR,18,20100222,8
PSE,ISR,01,20141108,14
PSE,ISR,04,20080408,6
PSE,ISR,12,20140720,3
PSE,ISR,04,20100218,9
PSE,ISR,04,20140504,5
PSE,ISR,02,20010806,1
PSE,ISR,12,20131210,4
PSE,ISR,11,20061128,17
PSE,ISR,05,20141207,12
PSE,ISR,04,20020107,3
PSE,ISR,10,20061111,4
PSE,ISR,19,20130903,4
PSE,ISR,03,20140205,4
PSE,ISR,19,20051228,6
PSE,ISR,13,20130630,3
PSE,ISR,04,20110612,8
PSE,ISR,03,20061129,9
PSE,ISR,03,20110518,1
PSE,ISR,01,20140731,104
PSE,ISR,05,20061216,3
PSE,ISR,19,20110415,14
PSE,ISR,04,20021006,3
PSE,ISR,10,20010926,14
PSE,ISR,13,20141107,4
PSE,ISR,13,20060820,7
PSE,ISR,19,20130224,4
PSE,ISR,12,20100822,2
PSE,ISR,08,20080114,7
PSE,ISR,01,20140805,61
PSE,ISR,20,20090922,2
PSE,ISR,04,20041109,4
PSE,ISR,05,20100201,9
PSE,ISR,19,20121229,2
PSE,ISR,17,20120219,9
PSE,ISR,09,20100224,8
PSE,ISR,11,20090511,4
PSE,ISR,12,20090222,7
PSE,ISR,05,20000503,5
PSE,ISR,08,20150214,1
PSE,ISR,19,20040322,8
PSE,ISR,19,20081024,7
PSE,ISR,14,20070425,20
PSE,ISR,02,20110401,3
PSE,ISR,02,20130729,17
PSE,ISR,11,20000302,4
PSE,ISR,04,20070927,9
PSE,ISR,11,20120405,43
PSE,ISR,06,20101006,2
PSE,ISR,03,20060626,5
PSE,ISR,11,20121229,4
PSE,ISR,07,20140921,4
PSE,ISR,19,20001015,6
PSE,ISR,10,20130502,4
PSE,ISR,19,20050415,9
PSE,ISR,04,20100731,20
PSE,ISR,05,20031210,27
PSE,ISR,19,20050723,2
PSE,ISR,10,20110817,1
PSE,ISR,02,20100614,27
PSE,ISR,04,20140131,2
PSE,ISR,13,20141001,4
PSE,ISR,12,20000707,9
PSE,ISR,07,20050907,2
PSE,ISR,14,20081106,3
PSE,ISR,19,20011116,4
PSE,ISR,18,20010425,3
PSE,ISR,17,20080509,4
PSE,ISR,19,20060214,4
PSE,ISR,01,20120424,6
PSE,ISR,17,20060515,2
PSE,ISR,07,20090128,1
PSE,ISR,03,20081125,4
PSE,ISR,19,20011024,6
PSE,ISR,11,20100302,4
PSE,ISR,11,20100826,1
PSE,ISR,03,20060315,1
PSE,ISR,19,20090416,5
PSE,ISR,01,20080501,9
PSE,ISR,05,20030815,6
PSE,ISR,19,20110108,16
PSE,ISR,03,20141222,3
PSE,ISR,12,20090915,1
PSE,ISR,05,20091105,5
PSE,ISR,01,20011009,2
PSE,ISR,11,20120308,3
PSE,ISR,01,20010921,5
PSE,ISR,19,20091012,1
PSE,ISR,01,20000501,3
PSE,ISR,03,20111002,18
PSE,ISR,02,20130110,8
PSE,ISR,01,20000623,2
PSE,ISR,19,20121011,6
PSE,ISR,10,20111012,20
PSE,ISR,08,20121118,168
PSE,ISR,10,20070617,3
PSE,ISR,04,20100101,17
PSE,ISR,19,20080704,1
PSE,ISR,08,20131229,7
PSE,ISR,15,20141105,10
PSE,ISR,02,20021121,7
PSE,ISR,01,20030719,4
PSE,ISR,08,20090627,2
PSE,ISR,05,20140101,30
PSE,ISR,03,20141124,2
PSE,ISR,01,20071126,2
PSE,ISR,04,20130404,30
PSE,ISR,04,20131114,15
PSE,ISR,17,20130211,1
PSE,ISR,04,20040320,4
PSE,ISR,19,20040229,23
PSE,ISR,13,20010209,1
PSE,ISR,13,20050126,6
PSE,ISR,19,20131114,30
PSE,ISR,04,20090303,5
PSE,ISR,04,20070720,9
PSE,ISR,14,20010402,5
PSE,ISR,02,20140112,10
PSE,ISR,04,20061201,1
PSE,ISR,04,20140329,24
PSE,ISR,05,20110722,3
PSE,ISR,02,20100923,2
PSE,ISR,17,20080204,4
PSE,ISR,11,20031116,2
PSE,ISR,02,20140222,2
PSE,ISR,19,20010704,4
PSE,ISR,19,20081217,18
PSE,ISR,02,20070812,10
PSE,ISR,04,20140108,10
PSE,ISR,13,20140621,4
PSE,ISR,02,20111204,8
PSE,ISR,13,20140428,4
PSE,ISR,11,20110319,153
PSE,ISR,04,20100807,6
PSE,ISR,14,20140112,1
PSE,ISR,02,20110111,9
PSE,ISR,11,20020628,6
PSE,ISR,04,20090707,1
PSE,ISR,04,20131117,11
PSE,ISR,12,20140724,1
PSE,ISR,03,20140921,8
PSE,ISR,03,20140102,6
PSE,ISR,04,20060719,5
PSE,ISR,10,20140813,8
PSE,ISR,03,20070122,4
PSE,ISR,04,20131123,1
PSE,ISR,06,20100923,25
PSE,ISR,03,20091026,5
PSE,ISR,19,20120205,27
PSE,ISR,04,20140626,1
PSE,ISR,05,20131225,2
PSE,ISR,07,20140828,2
PSE,ISR,12,20101115,2
PSE,ISR,19,20100312,4
PSE,ISR,03,20110706,63
PSE,ISR,05,20000131,2
PSE,ISR,05,20060211,1
PSE,ISR,04,20090420,26
PSE,ISR,12,20120418,17
PSE,ISR,01,20031103,2
PSE,ISR,04,20110109,12
PSE,ISR,14,20130805,2
PSE,ISR,08,20070620,9
PSE,ISR,19,20110713,121
PSE,ISR,04,20101101,2
PSE,ISR,11,20110626,36
PSE,ISR,12,20100823,9
PSE,ISR,07,20140430,4
PSE,ISR,05,20130803,2
PSE,ISR,04,20000830,4
PSE,ISR,11,20030724,5
PSE,ISR,17,20000828,2
PSE,ISR,03,20121121,642
PSE,ISR,18,20030824,4
PSE,ISR,10,20090131,60
PSE,ISR,12,20010512,9
PSE,ISR,03,20070605,18
PSE,ISR,19,20091125,4
QAT,ISR,02,20020924,1
QAT,ISR,19,20140722,2
QAT,ISR,04,20120212,2
QAT,ISR,10,20090102,6
QAT,ISR,19,20100827,2
QAT,ISR,01,20140729,4
RUS,ISR,04,20061116,2
RUS,ISR,04,20100209,5
RUS,ISR,06,20101014,5
RUS,ISR,04,20090921,1
RUS,ISR,04,20120306,3
RUS,ISR,05,20111202,1
RUS,ISR,04,20101101,7
RUS,ISR,05,20130618,8
RUS,ISR,11,20021018,5
RUS,ISR,10,20060220,7
RUS,ISR,01,20090406,1
RUS,ISR,03,20131219,1
RUS,ISR,12,20120720,8
RUS,ISR,04,20001125,4
RUS,ISR,04,20060731,2
RUS,ISR,17,20110331,3
RUS,ISR,17,20080806,3
RUS,ISR,18,20140620,2
RUS,ISR,11,20131230,2
RWA,ISR,04,20131016,1
SAU,ISR,04,20000122,9
SAU,ISR,11,20010606,6
SAU,ISR,02,20150126,8
SAU,ISR,01,20070418,2
SAU,ISR,04,20020309,2
SAU,ISR,04,20081231,2
SAU,ISR,04,20020225,10
SAU,ISR,02,20020313,9
SAU,ISR,03,20140727,1
SAU,ISR,05,20111013,1
SAU,ISR,02,20020428,2
SAU,ISR,09,20110106,7
SAU,ISR,04,20140105,183
SAU,ISR,19,20050518,2
SAU,ISR,04,20070206,2
SAU,ISR,01,20120717,2
SAU,ISR,04,20101030,5
SAU,ISR,11,20001016,6
SAU,ISR,19,20001224,15
SAU,ISR,04,20020824,1
SDN,ISR,17,20130830,2
SDN,ISR,04,20140215,4
SDN,ISR,05,20110109,1
SDN,ISR,13,20020404,1
SOM,ISR,19,20090915,2
SRB,ISR,09,20100512,2
SVK,ISR,16,20140103,2
SWE,ISR,04,20141013,1
SWE,ISR,07,20140916,4
SWE,ISR,12,20090918,14
SWE,ISR,16,20090907,6
SWE,ISR,12,20121023,1
SWE,ISR,01,20090809,3
SWE,ISR,04,20010102,3
SYR,ISR,19,20130203,18
SYR,ISR,03,20130504,1
SYR,ISR,19,20141203,10
SYR,ISR,02,20101105,1
SYR,ISR,02,20090316,1
SYR,ISR,17,20130618,15
SYR,ISR,02,20090420,6
SYR,ISR,19,20140714,12
SYR,ISR,04,20080516,2
SYR,ISR,04,20081118,8
SYR,ISR,02,20090420,7
SYR,ISR,19,20140307,8
SYR,ISR,05,20050225,5
SYR,ISR,03,20070618,5
SYR,ISR,14,20010827,2
SYR,ISR,04,20001108,5
SYR,ISR,01,20121109,8
SYR,ISR,12,20020604,4
SYR,ISR,02,20120716,10
SYR,ISR,19,20090612,1
SYR,ISR,04,20001222,4
SYR,ISR,02,20120113,2
SYR,ISR,01,20091209,5
SYR,ISR,19,20141215,30
SYR,ISR,01,20080528,4
SYR,ISR,13,20121111,3
SYR,ISR,04,20081107,2
SYR,ISR,08,20071003,1
SYR,ISR,04,20141219,2
SYR,ISR,16,20070204,1
SYR,ISR,02,20081111,8
SYR,ISR,17,20131019,2
SYR,ISR,11,20130505,13
SYR,ISR,16,20000508,3
SYR,ISR,04,20060716,1
SYR,ISR,17,20100903,5
SYR,ISR,19,20131109,16
SYR,ISR,17,20100413,8
SYR,ISR,07,20121219,24
SYR,ISR,04,20120926,10
SYR,ISR,01,20090728,2
SYR,ISR,19,20121005,1
SYR,ISR,05,20080828,7
SYR,ISR,16,20090523,12
SYR,ISR,11,20150119,6
SYR,ISR,11,20130106,4
SYR,ISR,05,20000218,4
SYR,ISR,04,20090101,6
SYR,ISR,09,20121211,4
SYR,ISR,04,20101004,2
SYR,ISR,11,20070912,6
SYR,ISR,04,20071113,1
SYR,ISR,10,20011122,1
SYR,ISR,05,20080630,8
SYR,ISR,19,20040902,1
SYR,ISR,02,20110526,9
SYR,ISR,01,20070914,85
SYR,ISR,04,20100309,7
SYR,ISR,16,20070223,6
SYR,ISR,04,20150121,2
SYR,ISR,11,20111007,2
SYR,ISR,11,20080405,4
SYR,ISR,13,20090213,4
SYR,ISR,12,20000718,1
TGO,ISR,04,20090503,5
THA,ISR,18,20120719,18
THA,ISR,04,20110505,1
TUN,ISR,11,20141207,16
TUR,ISR,10,20140709,10
TUR,ISR,12,20101209,3
TUR,ISR,17,20090501,1
TUR,ISR,04,20140724,8
TUR,ISR,04,20060607,6
TUR,ISR,18,20110322,1
TUR,ISR,02,20110903,6
TUR,ISR,19,20110723,1
TUR,ISR,01,20140923,1
TUR,ISR,01,20090203,6
TUR,ISR,03,20110911,25
TUR,ISR,07,20120629,3
TUR,ISR,04,20090222,4
TUR,ISR,03,20090718,7
TUR,ISR,14,20110705,1
TUR,ISR,04,20100115,9
TUR,ISR,01,20130228,1
TUR,ISR,04,20110128,8
TUR,ISR,02,20140902,8
TUR,ISR,13,20141121,1
TUR,ISR,05,20120630,2
TUR,ISR,16,20120524,7
TUR,ISR,02,20140731,1
TUR,ISR,04,20121120,3
TUR,ISR,11,20110125,9
TUR,ISR,11,20120416,2
TUR,ISR,03,20030413,1
TUR,ISR,03,20100103,7
TUR,ISR,11,20090521,26
TUR,ISR,12,20100802,139
TUR,ISR,12,20140718,6
TUR,ISR,13,20100920,8
TUR,ISR,11,20140729,8
TUR,ISR,08,20121008,6
UGA,ISR,04,20120907,2
UKR,ISR,04,20071101,1
UKR,ISR,05,20140204,1
USA,ISR,04,20031213,6
USA,ISR,04,20120530,7
USA,ISR,04,20100929,57
USA,ISR,07,20121010,10
USA,ISR,04,20001015,5
USA,ISR,11,20060731,8
USA,ISR,08,20140629,2
USA,ISR,03,20140121,19
USA,ISR,09,20120410,3
USA,ISR,01,20130130,5
USA,ISR,14,20140319,40
USA,ISR,12,20000725,4
USA,ISR,10,20091110,5
USA,ISR,03,20110502,2
USA,ISR,07,20100217,2
USA,ISR,12,20130914,8
USA,ISR,11,20100324,14
USA,ISR,08,20140617,4
USA,ISR,11,20140917,8
USA,ISR,04,20090409,3
USA,ISR,10,20031126,1
USA,ISR,01,20090723,4
USA,ISR,05,20110818,7
USA,ISR,08,20081229,9
USA,ISR,11,20080717,1
USA,ISR,19,20100926,5
USA,ISR,01,20090208,5
USA,ISR,11,20030408,8
USA,ISR,04,20100805,5
USA,ISR,02,20120705,8
USA,ISR,06,20121114,14
USA,ISR,04,20110222,1
USA,ISR,04,20110112,8
USA,ISR,14,20131220,2
USA,ISR,07,20140916,30
USA,ISR,02,20100809,36
USA,ISR,08,20000516,10
USA,ISR,05,20010912,2
USA,ISR,18,20091109,6
USA,ISR,05,20140905,13
USA,ISR,11,20110117,12
USA,ISR,01,20140506,7
USA,ISR,07,20110414,45
USA,ISR,14,20111107,1
USA,ISR,02,20131205,5
USA,ISR,05,20140606,1
USA,ISR,12,20090212,9
USA,ISR,03,20131228,8
USA,ISR,02,20140215,1
USA,ISR,12,20060720,4
USA,ISR,19,20110527,2
USA,ISR,06,20130902,5
USA,ISR,02,20031121,5
USA,ISR,02,20091215,8
USA,ISR,10,20030313,4
USA,ISR,02,20020626,2
USA,ISR,11,20141125,2
USA,ISR,02,20070827,5
USA,ISR,12,20090606,10
USA,ISR,02,20130719,20
USA,ISR,04,20011129,5
USA,ISR,03,20130518,8
USA,ISR,08,20090205,3
USA,ISR,04,20130925,29
USA,ISR,03,20080426,6
USA,ISR,03,20020306,2
USA,ISR,11,20120525,4
USA,ISR,04,20120113,1
USA,ISR,04,20100806,1
USA,ISR,05,20110814,10
USA,ISR,11,20090624,2
USA,ISR,11,20111222,1
USA,ISR,04,20090818,23
USA,ISR,02,20120503,1
USA,ISR,04,20120229,1
USA,ISR,01,20011013,3
USA,ISR,11,20020418,3
USA,ISR,09,20120703,5
USA,ISR,12,20130122,1
USA,ISR,05,20110612,5
USA,ISR,07,20131106,88
USA,ISR,04,20140406,13
USA,ISR,05,20110322,7
USA,ISR,17,20130910,3
USA,ISR,03,20081105,36
USA,ISR,05,20140923,7
USA,ISR,04,20030206,2
USA,ISR,19,20140529,1
USA,ISR,04,20030504,7
USA,ISR,02,20141111,4
USA,ISR,19,20080307,6
USA,ISR,05,20021117,4
USA,ISR,05,20081226,2
USA,ISR,12,20130725,4
USA,ISR,11,20130805,12
USA,ISR,06,20120327,9
USA,ISR,17,20140723,229
USA,ISR,05,20130205,6
USA,ISR,17,20110518,5
USA,ISR,05,20120216,4
USA,ISR,03,20090611,6
USA,ISR,14,20140720,1
USA,ISR,05,20141219,8
USA,ISR,05,20100510,2
USA,ISR,05,20100227,6
USA,ISR,02,20100804,70
USA,ISR,19,20131222,10
USA,ISR,05,20131127,66
USA,ISR,17,20101001,4
USA,ISR,02,20040124,4
USA,ISR,02,20111010,14
USA,ISR,05,20021127,7
USA,ISR,03,20070114,10
USA,ISR,16,20100911,7
USA,ISR,01,20010417,5
USA,ISR,04,20031117,14
USA,ISR,01,20010319,1
USA,ISR,16,20130807,6
USA,ISR,02,20070916,3
USA,ISR,02,20090608,1
USA,ISR,18,20130721,6
USA,ISR,04,20131002,20
USA,ISR,11,20090213,7
USA,ISR,04,20140805,54
USA,ISR,02,20071105,4
USA,ISR,01,20060730,7
USA,ISR,13,20111208,1
USA,ISR,19,20121120,5
USA,ISR,16,20140218,1
USA,ISR,16,20140103,6
USA,ISR,03,20030518,18
USA,ISR,05,20140730,32
USA,ISR,01,20060802,2
USA,ISR,03,20070109,9
USA,ISR,13,20100706,1
USA,ISR,01,20110714,3
USA,ISR,11,20020924,9
USA,ISR,01,20090128,7
USA,ISR,05,20090921,1
USA,ISR,16,20111015,38
USA,ISR,11,20130117,9
USA,ISR,01,20100122,4
USA,ISR,03,20090916,3
USA,ISR,04,20101107,205
USA,ISR,01,20121003,150
USA,ISR,01,20140318,2
USA,ISR,04,20020913,4
USA,ISR,06,20050817,3
USA,ISR,13,20121002,1
USA,ISR,19,20060812,12
USA,ISR,11,20140908,5
USA,ISR,10,20010612,5
USA,ISR,04,20140906,8
USA,ISR,02,20120903,18
USA,ISR,04,20041023,5
USA,ISR,11,20020606,1
USA,ISR,04,20140710,4
USA,ISR,11,20111123,4
USA,ISR,04,20121120,140
USA,ISR,05,20111129,8
USA,ISR,16,20001005,1
USA,ISR,13,20110122,7
USA,ISR,19,20060814,5
USA,ISR,11,20140515,8
USA,ISR,05,20060629,2
USA,ISR,19,20030316,6
USA,ISR,10,20021124,9
USA,ISR,03,20121120,4
USA,ISR,16,20100928,9
USA,ISR,05,20140304,2
USA,ISR,10,20130322,4
USA,ISR,05,20140409,2
USA,ISR,19,20120712,4
USA,ISR,05,20130509,3
USA,ISR,02,20020311,14
USA,ISR,05,20150104,1
USA,ISR,02,20020707,8
USA,ISR,03,20071015,2
USA,ISR,05,20061130,1
USA,ISR,12,20140130,4
USA,ISR,02,20081227,18
USA,ISR,16,20131120,6
USA,ISR,04,20080702,3
USA,ISR,12,20110414,9
USA,ISR,04,20100218,3
USA,ISR,02,20090616,18
USA,ISR,05,20090125,7
USA,ISR,04,20110127,9
USA,ISR,11,20110524,2
USA,ISR,07,20070517,3
USA,ISR,04,20111207,15
USA,ISR,16,20000206,2
USA,ISR,05,20090601,56
USA,ISR,02,20020408,5
USA,ISR,10,20090825,6
USA,ISR,16,20071031,6
USA,ISR,01,20070201,4
USA,ISR,01,20140422,12
USA,ISR,12,20050707,6
USA,ISR,04,20120308,18
USA,ISR,19,20090108,13
USA,ISR,04,20140812,18
USA,ISR,03,20090128,5
USA,ISR,10,20110620,26
USA,ISR,07,20121208,9
USA,ISR,06,20140828,4
USA,ISR,10,20090223,4
USA,ISR,02,20090523,3
USA,ISR,05,20131030,20
USA,ISR,03,20140926,14
USA,ISR,01,20141106,5
USA,ISR,04,20110314,1
USA,ISR,07,20100323,4
USA,ISR,11,20141230,4
USA,ISR,05,20090806,13
USA,ISR,08,20090310,4
USA,ISR,13,20080106,4
USA,ISR,05,20100705,9
USA,ISR,05,20090217,4
USA,ISR,08,20140112,2
USA,ISR,11,20060629,5
USA,ISR,03,20010219,9
USA,ISR,18,20140710,1
USA,ISR,05,20111216,35
USA,ISR,01,20101211,4
USA,ISR,04,20020508,11
USA,ISR,01,20110714,78
USA,ISR,04,20030802,3
USA,ISR,16,20100421,2
USA,ISR,04,20071129,1
UZB,ISR,04,20030816,6
VAT,ISR,01,20140729,2
VAT,ISR,01,20130116,2
VAT,ISR,04,20110614,9
VNM,ISR,08,20000525,12
VNM,ISR,04,20080403,3
YEM,ISR,11,20141105,1
ZAF,ISR,17,20090420,12
ZAF,ISR,12,20110306,1
AFG,ITA,18,20090926,1
AFG,ITA,04,20110321,6
AFG,ITA,04,20020418,10
AFR,ITA,01,20120216,2
AFR,ITA,02,20090711,4
AFR,ITA,04,20131008,6
AFR,ITA,04,20121231,10
AFR,ITA,04,20090331,36
AFR,ITA,04,20030215,5
AFR,ITA,03,20041123,1
AGO,ITA,04,20050609,2
ALB,ITA,04,20000415,2
ALB,ITA,17,20100220,6
ALB,ITA,06,20101221,2
ALB,ITA,04,20030227,1
ALB,ITA,02,20020405,4
ARE,ITA,03,20130128,4
ARE,ITA,04,20070710,1
ARE,ITA,01,20131001,3
ARE,ITA,04,20090217,2
ARG,ITA,13,20130315,2
ARG,ITA,04,20070627,2
ARG,ITA,04,20110601,35
ARG,ITA,07,20040824,4
ARM,ITA,02,20100812,7
ARM,ITA,05,20121017,1
ARM,ITA,04,20120312,1
AUS,ITA,04,20120927,20
AUS,ITA,17,20090824,2
AUS,ITA,04,20141124,4
AUS,ITA,04,20120816,15
AUS,ITA,03,20131216,2
AUS,ITA,01,20060316,2
AUS,ITA,18,20120325,5
AUT,ITA,04,20131215,8
AUT,ITA,10,20110224,4
AZE,ITA,01,20120928,8
AZE,ITA,04,20100502,2
BEL,ITA,10,20121001,10
BEL,ITA,02,20011012,1
BGR,ITA,02,20080125,6
BGR,ITA,03,20110531,7
BGR,ITA,04,20091101,10
BGR,ITA,07,20141229,2
BGR,ITA,04,20090313,16
BHS,ITA,05,20140226,6
BLR,ITA,04,20110928,8
BOL,ITA,04,20130703,2
BRA,ITA,12,20110105,4
CAN,ITA,05,20110529,8
CAN,ITA,02,20130705,1
CAN,ITA,19,20110729,5
CAN,ITA,04,20070607,9
CAN,ITA,19,20061222,3
CAN,ITA,06,20070716,4
CAN,ITA,04,20010510,1
CAN,ITA,03,20120222,4
CAN,ITA,19,20090919,2
CAN,ITA,12,20090725,3
CAN,ITA,04,20090329,18
CHE,ITA,07,20131017,8
CHE,ITA,01,20130809,3
CHE,ITA,04,20021030,2
CHE,ITA,04,20130614,1
CHE,ITA,11,20130213,6
CHE,ITA,03,20130228,2
CHE,ITA,03,20100112,5
CHE,ITA,12,20130922,4
CHE,ITA,04,20091111,1
CHE,ITA,04,20090326,8
CHL,ITA,14,20060308,2
CHL,ITA,19,20141016,4
CHL,ITA,19,20100115,2
CHN,ITA,05,20120413,4
CHN,ITA,03,20140107,2
CHN,ITA,04,20090807,1
CHN,ITA,04,20140928,8
CHN,ITA,05,20130930,4
CHN,ITA,03,20000704,2
COL,ITA,17,20081129,9
COL,ITA,01,20080722,9
COL,ITA,04,20120531,4
CYP,ITA,03,20020724,4
CYP,ITA,04,20140924,1
CZE,ITA,03,20090729,2
CZE,ITA,01,20060210,2
DEU,ITA,03,20040913,4
DEU,ITA,17,20080618,2
DEU,ITA,04,20110617,2
DEU,ITA,04,20080620,2
DEU,ITA,05,20101108,2
DEU,ITA,04,20110525,2
DEU,ITA,08,20060702,3
DEU,ITA,07,20120912,1
DEU,ITA,03,20100117,7
DEU,ITA,04,20091027,9
DEU,ITA,03,20070414,3
DEU,ITA,04,20140324,104
DEU,ITA,03,20120626,8
DEU,ITA,02,20120111,15
DEU,ITA,04,20040723,2
DEU,ITA,17,20130723,22
DEU,ITA,04,20110228,15
DEU,ITA,19,20080808,2
DEU,ITA,08,20110913,3
DNK,ITA,04,20120404,2
DZA,ITA,03,20110713,7
DZA,ITA,05,20010113,3
ECU,ITA,01,20100420,1
EGY,ITA,04,20011018,6
EGY,ITA,04,20091105,1
EGY,ITA,12,20070226,4
EGY,ITA,04,20140516,4
EGY,ITA,03,20140129,4
EGY,ITA,04,20130213,2
ERI,ITA,04,20090921,1
ESP,ITA,04,20071027,15
ESP,ITA,04,20030130,2
ESP,ITA,03,20111023,4
ESP,ITA,04,20150108,1
ESP,ITA,17,20061106,1
ESP,ITA,04,20111103,1
ESP,ITA,04,20120831,4
ESP,ITA,02,20101213,12
ESP,ITA,05,20081108,1
EST,ITA,03,20140425,54
ETH,ITA,04,20150115,8
ETH,ITA,08,20110327,4
EUR,ITA,02,20131017,13
EUR,ITA,04,20081128,15
EUR,ITA,03,20101003,17
EUR,ITA,04,20111025,9
EUR,ITA,10,20100209,8
EUR,ITA,04,20080722,12
EUR,ITA,19,20120812,2
EUR,ITA,06,20140205,4
EUR,ITA,07,20141007,10
EUR,ITA,08,20070306,3
EUR,ITA,05,20080924,2
EUR,ITA,02,20131008,2
EUR,ITA,13,20110419,9
EUR,ITA,02,20140626,3
EUR,ITA,04,20140928,4
EUR,ITA,04,20060903,1
EUR,ITA,04,20140830,26
EUR,ITA,19,20130904,2
EUR,ITA,04,20130704,10
EUR,ITA,04,20001010,5
EUR,ITA,04,20000303,9
EUR,ITA,05,20050520,1
EUR,ITA,04,20141130,6
EUR,ITA,06,20140304,16
EUR,ITA,03,20031021,4
EUR,ITA,06,20120124,7
EUR,ITA,04,20070904,4
EUR,ITA,04,20040603,7
EUR,ITA,04,20150211,10
EUR,ITA,12,20140727,2
EUR,ITA,04,20111205,5
FIN,ITA,01,20020102,1
FRA,ITA,03,20090703,5
FRA,ITA,11,20010713,1
FRA,ITA,11,20110923,6
FRA,ITA,16,20080407,14
FRA,ITA,17,20100916,7
FRA,ITA,03,20090213,4
FRA,ITA,01,20071004,2
FRA,ITA,04,20061229,1
FRA,ITA,01,20090729,1
FRA,ITA,04,20081011,1
FRA,ITA,04,20141016,2
FRA,ITA,01,20050501,4
FRA,ITA,02,20141130,3
FRA,ITA,04,20140416,6
FRA,ITA,02,20080212,1
FRA,ITA,07,20120908,8
FRA,ITA,05,20110502,1
FRA,ITA,11,20120811,10
FRA,ITA,06,20010420,4
FRA,ITA,05,20091212,2
FRA,ITA,05,20050415,7
FRA,ITA,05,20090218,1
FRA,ITA,04,20111130,4
FRA,ITA,04,20050106,4
FRA,ITA,02,20120212,2
FRA,ITA,13,20080212,1
FRA,ITA,04,20071209,3
GBR,ITA,11,20041209,5
GBR,ITA,11,20110429,1
GBR,ITA,05,20051221,5
GBR,ITA,05,20110901,10
GBR,ITA,09,20130212,3
GBR,ITA,08,20121003,8
GBR,ITA,17,20050922,9
GBR,ITA,04,20140908,6
GBR,ITA,03,20010213,2
GBR,ITA,15,20070622,1
GBR,ITA,04,20140705,1
GBR,ITA,04,20110715,5
GBR,ITA,02,20120508,7
GBR,ITA,04,20130513,1
GBR,ITA,15,20110824,7
GBR,ITA,03,20100114,3
GBR,ITA,17,20140605,2
GBR,ITA,13,20030131,8
GBR,ITA,11,20091014,4
GBR,ITA,05,20090805,12
GBR,ITA,12,20140225,1
GBR,ITA,03,20070316,3
GBR,ITA,12,20140806,2
GBR,ITA,04,20081109,1
GBR,ITA,04,20140910,6
GBR,ITA,16,20070220,3
GBR,ITA,03,20130707,4
GBR,ITA,17,20090317,1
GHA,ITA,05,20100210,3
GRC,ITA,04,20101219,30
GRC,ITA,01,20141229,60
GRC,ITA,07,20150101,6
GRC,ITA,07,20000911,3
GRC,ITA,17,20090813,3
GRC,ITA,19,20121117,2
GRC,ITA,01,20010524,4
GRC,ITA,05,20090714,4
GRC,ITA,14,20100224,2
GRC,ITA,04,20070316,2
GRC,ITA,01,20150209,58
GRC,ITA,04,20101218,3
GRC,ITA,04,20101219,8
HRV,ITA,03,20010806,4
HRV,ITA,05,20040304,9
HUN,ITA,01,20100927,6
HUN,ITA,05,20010405,16
HUN,ITA,04,20090323,4
HUN,ITA,03,20090810,8
HUN,ITA,01,20090807,2
HUN,ITA,02,20100911,3
HUN,ITA,04,20140912,2
IDN,ITA,04,20120423,2
IDN,ITA,04,20120925,8
IND,ITA,07,20120113,2
IND,ITA,03,20120222,6
IND,ITA,04,20131111,2
IND,ITA,10,20120312,2
IND,ITA,12,20130315,1
IRL,ITA,09,20140727,12
IRL,ITA,04,20110629,1
IRL,ITA,04,20130319,4
IRL,ITA,04,20140207,2
IRL,ITA,04,20120229,3
IRN,ITA,04,20121223,2
IRN,ITA,04,20011022,4
IRN,ITA,17,20090623,5
IRN,ITA,14,20131025,24
IRN,ITA,04,20010224,10
IRN,ITA,10,20100307,1
IRN,ITA,04,20131227,6
IRQ,ITA,04,20040526,8
IRQ,ITA,04,20040827,9
IRQ,ITA,01,20050123,1
IRQ,ITA,04,20040609,4
ISR,ITA,04,20140517,7
ISR,ITA,04,20140401,2
ISR,ITA,04,20031101,2
ISR,ITA,05,20150101,4
ITA,ITA,15,20130315,1
ITA,ITA,04,20121219,1
ITA,ITA,01,20141006,3
ITA,ITA,09,20100517,2
ITA,ITA,01,20120627,5
ITA,ITA,01,20090503,9
ITA,ITA,01,20090714,6
ITA,ITA,12,20080329,1
ITA,ITA,01,20130406,3
ITA,ITA,04,20070911,2
ITA,ITA,04,20010814,4
ITA,ITA,01,20130314,8
ITA,ITA,02,20010908,6
ITA,ITA,16,20130929,1
ITA,ITA,04,20050125,4
ITA,ITA,01,20080415,7
ITA,ITA,18,20140405,1
ITA,ITA,17,20000717,3
ITA,ITA,04,20130214,1
ITA,ITA,12,20041015,1
ITA,ITA,04,20091105,6
ITA,ITA,16,20111003,16
ITA,ITA,04,20120117,7
ITA,ITA,02,20060828,17
ITA,ITA,01,20011115,14
ITA,ITA,01,20140619,4
ITA,ITA,02,20010112,2
ITA,ITA,07,20110805,2
ITA,ITA,04,20140930,1
ITA,ITA,04,20120402,2
ITA,ITA,04,20040921,1
ITA,ITA,05,20060510,8
ITA,ITA,08,20140325,4
ITA,ITA,13,20140318,2
ITA,ITA,02,20080601,8
ITA,ITA,02,20141205,1
ITA,ITA,02,20121018,20
ITA,ITA,11,20080831,9
ITA,ITA,05,20141101,10
ITA,ITA,04,20080414,3
ITA,ITA,01,20091205,10
ITA,ITA,02,20101130,2
ITA,ITA,14,20070914,2
ITA,ITA,16,20111108,2
ITA,ITA,08,20050205,2
ITA,ITA,07,20131212,2
ITA,ITA,01,20071109,4
ITA,ITA,01,20091214,1
ITA,ITA,09,20120716,6
ITA,ITA,01,20141017,162
ITA,ITA,01,20041203,6
ITA,ITA,11,20080910,2
ITA,ITA,03,20090509,5
ITA,ITA,02,20130901,2
ITA,ITA,04,20120713,6
ITA,ITA,03,20100628,3
ITA,ITA,11,20111014,4
ITA,ITA,06,20140519,2
ITA,ITA,13,20090131,8
ITA,ITA,05,20100303,8
ITA,ITA,11,20130426,1
ITA,ITA,01,20091214,22
ITA,ITA,04,20090714,20
ITA,ITA,05,20110711,7
ITA,ITA,02,20050223,3
ITA,ITA,03,20110505,5
ITA,ITA,11,20091103,18
ITA,ITA,08,20110809,15
ITA,ITA,17,20141015,4
ITA,ITA,10,20140814,1
ITA,ITA,01,20090428,4
ITA,ITA,01,20131013,16
ITA,ITA,19,20120207,5
ITA,ITA,01,20061209,4
ITA,ITA,03,20140320,6
ITA,ITA,05,20131107,3
ITA,ITA,10,20140523,1
ITA,ITA,08,20011205,1
ITA,ITA,01,20060917,5
ITA,ITA,01,20031218,2
ITA,ITA,01,20111201,4
ITA,ITA,17,20041214,3
ITA,ITA,04,20100423,3
ITA,ITA,05,20031116,2
ITA,ITA,02,20140904,1
ITA,ITA,17,20141114,2
ITA,ITA,11,20010721,3
ITA,ITA,18,20101223,18
ITA,ITA,02,20140623,9
ITA,ITA,19,20140114,6
ITA,ITA,09,20121024,1
ITA,ITA,17,20140309,14
ITA,ITA,04,20010713,6
ITA,ITA,03,20090921,11
ITA,ITA,01,20090126,2
ITA,ITA,04,20001116,1
ITA,ITA,02,20050305,2
ITA,ITA,02,20131017,22
ITA,ITA,19,20101227,14
ITA,ITA,08,20111116,3
ITA,ITA,01,20021217,7
ITA,ITA,04,20030527,4
ITA,ITA,01,20131005,2
ITA,ITA,07,20110701,1
ITA,ITA,03,20120718,2
ITA,ITA,11,20120318,5
ITA,ITA,17,20130204,6
ITA,ITA,19,20140319,2
JOR,ITA,05,20140927,4
JOR,ITA,03,20100226,7
JPN,ITA,04,20120502,1
JPN,ITA,03,20111123,5
JPN,ITA,04,20100210,12
JPN,ITA,01,20110818,1
JPN,ITA,04,20080603,5
JPN,ITA,04,20080702,8
JPN,ITA,04,20100501,6
KEN,ITA,12,20130908,3
KEN,ITA,18,20090216,12
KHM,ITA,04,20141129,16
LBN,ITA,11,20110802,2
LBN,ITA,18,20110528,9
LBN,ITA,04,20060727,2
LBN,ITA,04,20111118,2
LBY,ITA,03,20121217,2
LBY,ITA,04,20130930,2
LBY,ITA,05,20100901,1
LBY,ITA,04,20150216,2
LBY,ITA,04,20110223,26
LBY,ITA,03,20110224,4
LBY,ITA,04,20140905,4
LBY,ITA,01,20111226,9
LBY,ITA,04,20111020,1
LBY,ITA,03,20150111,16
LBY,ITA,05,20111005,5
LBY,ITA,04,20110710,2
LKA,ITA,04,20140211,1
LTU,ITA,11,20140717,5
LUX,ITA,03,20110127,1
LUX,ITA,05,20010317,3
MCO,ITA,04,20140429,2
MCO,ITA,06,20090131,4
MDA,ITA,03,20031128,5
MEA,ITA,04,20030123,4
MEX,ITA,04,20140521,8
MEX,ITA,04,20090504,10
MLT,ITA,04,20070420,2
MLT,ITA,06,20090407,5
MYS,ITA,04,20090424,2
NGA,ITA,04,20130309,4
NLD,ITA,16,20090420,13
NLD,ITA,09,20140828,6
NOR,ITA,06,20070328,1
NPL,ITA,04,20140805,2
NZL,ITA,07,20081114,9
PAK,ITA,04,20011202,1
PAK,ITA,04,20120306,4
PAK,ITA,06,20140221,20
PAN,ITA,17,20130719,21
PHL,ITA,17,20111126,90
PHL,ITA,02,20090125,1
PHL,ITA,04,20000819,6
PLW,ITA,04,20130714,4
PNG,ITA,04,20130418,2
POL,ITA,01,20070113,4
POL,ITA,05,20120104,4
POL,ITA,04,20130312,14
POL,ITA,01,20110501,48
POL,ITA,01,20141229,6
PRT,ITA,04,20071208,2
PRT,ITA,14,20150210,6
PRT,ITA,11,20130714,2
PRY,ITA,01,20090202,6
PSE,ITA,03,20060825,3
PSE,ITA,04,20111019,3
PSE,ITA,04,20011029,3
PSE,ITA,04,20100916,8
PSE,ITA,04,20011221,4
PSE,ITA,05,20150118,1
PSE,ITA,04,20101225,1
QAT,ITA,03,20090323,4
ROM,ITA,04,20040302,5
RUS,ITA,04,20030417,4
RUS,ITA,01,20040618,2
RUS,ITA,04,20130221,1
RUS,ITA,04,20070302,4
RUS,ITA,01,20141228,14
RUS,ITA,07,20110215,1
RUS,ITA,04,20060124,6
RUS,ITA,04,20000605,1
RUS,ITA,04,20100810,2
RUS,ITA,08,20131121,20
RUS,ITA,04,20090818,4
RUS,ITA,04,20140530,4
RUS,ITA,05,20090519,3
SAU,ITA,01,20081120,3
SAU,ITA,04,20040526,1
SLE,ITA,04,20150103,308
SOM,ITA,08,20090810,3
SOM,ITA,04,20110329,3
SOM,ITA,04,20031223,3
SVK,ITA,04,20110630,3
SVK,ITA,19,20110723,37
SWE,ITA,19,20120913,6
SYR,ITA,19,20140627,2
SYR,ITA,07,20120302,9
SYR,ITA,01,20130226,6
SYR,ITA,02,20031015,9
SYR,ITA,04,20141114,4
SYR,ITA,01,20131001,3
THA,ITA,06,20110223,9
THA,ITA,17,20141016,2
TON,ITA,01,20150104,12
TUN,ITA,04,20031003,3
TUN,ITA,04,20140823,4
TUN,ITA,19,20020703,1
TUR,ITA,03,20120215,1
TUR,ITA,04,20131125,10
TUR,ITA,04,20090118,6
TUR,ITA,19,20061129,2
TUR,ITA,06,20110727,7
TUR,ITA,04,20001002,5
TUR,ITA,04,20141211,2
TUR,ITA,12,20130329,8
TUR,ITA,02,20000217,2
TUR,ITA,01,20080417,4
TUR,ITA,04,20150119,20
UKR,ITA,06,20080204,7
USA,ITA,04,20040603,18
USA,ITA,04,20100123,12
USA,ITA,01,20111109,7
USA,ITA,19,20070215,1
USA,ITA,01,20141027,50
USA,ITA,10,20130430,10
USA,ITA,04,20141009,8
USA,ITA,04,20120312,4
USA,ITA,17,20140218,2
USA,ITA,04,20140706,4
USA,ITA,19,20110905,27
USA,ITA,07,20060328,18
USA,ITA,04,20120604,1
USA,ITA,04,20131104,2
USA,ITA,01,20121203,8
USA,ITA,04,20090914,4
USA,ITA,19,20091204,38
USA,ITA,09,20130606,2
USA,ITA,12,20140922,1
USA,ITA,04,20101117,54
USA,ITA,01,20020809,1
USA,ITA,01,20140923,10
USA,ITA,04,20101210,2
USA,ITA,17,20141107,2
USA,ITA,01,20130718,96
USA,ITA,01,20080721,10
USA,ITA,05,20120725,7
USA,ITA,08,20070818,2
USA,ITA,03,20140125,60
USA,ITA,06,20110825,1
USA,ITA,04,20090927,3
USA,ITA,04,20140817,2
USA,ITA,01,20111031,3
USA,ITA,12,20110406,15
USA,ITA,06,20140129,1
USA,ITA,13,20120515,1
USA,ITA,17,20140131,8
USA,ITA,15,20131125,6
USA,ITA,03,20090925,35
USA,ITA,07,20100705,2
USA,ITA,05,20130709,6
USA,ITA,07,20130219,4
USA,ITA,11,20111004,1
USA,ITA,12,20131012,2
USA,ITA,03,20120914,2
USA,ITA,07,20091226,11
USA,ITA,03,20141103,3
USA,ITA,05,20080424,1
USA,ITA,03,20061110,5
USA,ITA,02,20110808,2
USA,ITA,04,20090829,2
USA,ITA,05,20140501,8
USA,ITA,11,20100216,2
USA,ITA,17,20000824,1
USA,ITA,04,20061016,5
USA,ITA,11,20091207,4
USA,ITA,17,20130222,16
USA,ITA,09,20130309,8
USA,ITA,01,20120804,6
USA,ITA,05,20120528,2
USA,ITA,18,20030326,4
USA,ITA,01,20091029,18
USA,ITA,02,20090601,5
USA,ITA,08,20120215,3
USA,ITA,19,20030104,2
USA,ITA,18,20141020,2
USA,ITA,08,20130624,2
USA,ITA,11,20141213,2
USA,ITA,04,20101001,6
USA,ITA,04,20081014,8
UZB,ITA,04,20140922,2
VAT,ITA,03,20021113,2
VAT,ITA,04,20130327,4
VAT,ITA,04,20120602,2
VAT,ITA,04,20030724,9
VAT,ITA,11,20110424,3
VAT,ITA,17,20120529,5
VAT,ITA,04,20140722,12
VAT,ITA,03,20120612,3
VAT,ITA,03,20101231,5
VNM,ITA,04,20101110,1
WST,ITA,04,20101026,2
WST,ITA,11,20110623,2
WST,ITA,02,20110624,4
WST,ITA,18,20071004,8
YEM,ITA,04,20140325,8
ZMB,ITA,04,20021205,2
ZMB,ITA,05,20000301,2
ZWE,ITA,07,20030613,9
AUS,JAM,11,20131124,1
AUS,JAM,04,20011206,6
BHS,JAM,03,20130827,9
BHS,JAM,19,20110428,1
BLR,JAM,04,20030803,5
BOL,JAM,11,20150205,4
BOL,JAM,09,20120515,1
CAN,JAM,17,20101228,3
CAN,JAM,01,20120127,4
CAN,JAM,04,20120812,1
CHL,JAM,03,20060609,3
CHN,JAM,04,20140303,1
CHN,JAM,04,20100204,5
COL,JAM,02,20110314,4
ETH,JAM,04,20060621,5
GBR,JAM,01,20110802,7
GBR,JAM,04,20060826,6
GBR,JAM,04,20090208,1
GBR,JAM,03,20140711,10
GHA,JAM,11,20071110,2
GRD,JAM,04,20030703,7
GRD,JAM,03,20120423,1
GUY,JAM,05,20121215,7
HTI,JAM,04,20040401,3
HTI,JAM,01,20100517,6
ITA,JAM,04,20110310,2
ITA,JAM,17,20101123,5
ITA,JAM,17,20121026,10
JAM,JAM,05,20110908,4
JAM,JAM,10,20090924,1
JAM,JAM,11,20101212,4
JAM,JAM,07,20111220,2
JAM,JAM,11,20130727,2
JAM,JAM,12,20131110,4
JAM,JAM,16,20120921,3
JAM,JAM,04,20140224,20
JAM,JAM,01,20070419,2
JAM,JAM,18,20090401,5
JAM,JAM,08,20070905,1
JAM,JAM,04,20101203,2
JAM,JAM,19,20131011,2
JAM,JAM,05,20111205,3
JAM,JAM,03,20140927,2
JAM,JAM,11,20100213,1
JAM,JAM,01,20070803,1
JAM,JAM,03,20120128,5
JOR,JAM,02,20111115,9
KEN,JAM,13,20100119,1
NAM,JAM,05,20130301,10
NGA,JAM,04,20120805,3
NZL,JAM,04,20090709,10
RUS,JAM,17,20140404,8
TTO,JAM,04,20131223,3
TUR,JAM,04,20120309,2
TUR,JAM,07,20081002,2
USA,JAM,04,20121001,1
USA,JAM,11,20100915,2
USA,JAM,07,20091028,4
USA,JAM,03,20070211,2
USA,JAM,04,20141010,1
USA,JAM,01,20140703,4
USA,JAM,05,20131222,2
USA,JAM,07,20101024,18
USA,JAM,04,20131224,5
USA,JAM,01,20100407,3
USA,JAM,07,20110815,40
USA,JAM,04,20150118,2
ZWE,JAM,03,20091021,10
AFG,JOR,04,20130805,2
AFG,JOR,04,20020909,1
AFR,JOR,04,20120709,4
AFR,JOR,04,20020602,1
ARE,JOR,04,20130902,2
ARE,JOR,08,20100216,4
ARE,JOR,04,20090929,2
AUS,JOR,04,20141204,2
AZE,JOR,04,20010726,3
BEL,JOR,03,20110503,3
BHR,JOR,04,20001119,2
BHR,JOR,05,20060801,4
BRA,JOR,01,20081127,1
CAN,JOR,04,20120522,99
CAN,JOR,03,20090218,12
CAN,JOR,06,20090628,2
CAN,JOR,02,20110607,7
CHE,JOR,01,20140702,9
CHE,JOR,12,20130918,2
CHL,JOR,04,20110123,1
CHN,JOR,05,20130611,2
CHN,JOR,04,20081124,6
CHN,JOR,04,20010215,11
CHN,JOR,02,20051212,2
CHN,JOR,05,20080822,9
CZE,JOR,07,20141218,6
DZA,JOR,03,20101012,2
DZA,JOR,04,20000212,2
EGY,JOR,04,20130816,4
EGY,JOR,09,20050624,18
EGY,JOR,03,20130322,10
EGY,JOR,04,20010429,8
EGY,JOR,05,20020416,2
EGY,JOR,04,20051101,6
EGY,JOR,03,20100822,1
EGY,JOR,04,20120311,8
EGY,JOR,04,20030711,2
EGY,JOR,01,20080918,1
EGY,JOR,04,20130718,1
EGY,JOR,03,20040119,1
EGY,JOR,04,20091101,5
EGY,JOR,04,20130822,6
EGY,JOR,04,20070113,2
EGY,JOR,01,20120206,2
ESP,JOR,04,20120724,3
EUR,JOR,01,20150210,40
FRA,JOR,03,20140918,12
FRA,JOR,17,20081121,6
FRA,JOR,04,20100106,3
GBR,JOR,17,20090521,4
GBR,JOR,03,20130606,2
GBR,JOR,05,20140503,2
GBR,JOR,03,20090617,2
GBR,JOR,13,20020801,2
GBR,JOR,03,20140923,8
GBR,JOR,17,20120417,3
GMB,JOR,04,20060913,2
GRC,JOR,04,20141030,2
IDN,JOR,03,20090505,1
IND,JOR,03,20070720,4
IRN,JOR,04,20010910,1
IRN,JOR,03,20130914,4
IRN,JOR,04,20000224,1
IRN,JOR,05,20040414,1
IRN,JOR,05,20130724,4
IRN,JOR,04,20130930,20
IRN,JOR,13,20140817,4
IRN,JOR,11,20130924,12
IRN,JOR,11,20131023,16
IRN,JOR,04,20040615,2
IRN,JOR,02,20130918,1
IRN,JOR,06,20070325,3
IRN,JOR,03,20140607,8
IRN,JOR,11,20140912,1
IRQ,JOR,11,20020715,2
IRQ,JOR,04,20010311,1
IRQ,JOR,05,20001012,9
IRQ,JOR,19,20060608,5
IRQ,JOR,19,20120124,2
IRQ,JOR,04,20090915,3
IRQ,JOR,12,20010820,2
IRQ,JOR,19,20120911,8
IRQ,JOR,19,20040918,4
IRQ,JOR,04,20130718,1
IRQ,JOR,17,20061214,1
IRQ,JOR,19,20030919,4
IRQ,JOR,05,20000607,2
IRQ,JOR,03,20040103,1
IRQ,JOR,01,20140118,16
IRQ,JOR,06,20100807,4
IRQ,JOR,18,20041024,3
IRQ,JOR,17,20041118,10
IRQ,JOR,04,20020910,11
ISR,JOR,02,20010114,5
ISR,JOR,05,20140915,2
ISR,JOR,05,20020701,1
ISR,JOR,04,20120416,4
ISR,JOR,06,20090529,2
ISR,JOR,02,20090825,4
ISR,JOR,04,20080518,5
ISR,JOR,06,20131204,6
ISR,JOR,17,20120516,1
ISR,JOR,04,20080725,8
ISR,JOR,11,20010412,2
ISR,JOR,04,20101109,7
ISR,JOR,04,20090504,6
ISR,JOR,13,20091005,4
ISR,JOR,03,20121201,8
ISR,JOR,05,20020622,9
ISR,JOR,04,20060523,4
ISR,JOR,13,20080820,2
ISR,JOR,05,20141024,6
ISR,JOR,04,20040310,3
ISR,JOR,05,20140513,1
ISR,JOR,11,20140501,2
ISR,JOR,05,20111016,1
ISR,JOR,04,20140108,9
ISR,JOR,03,20140423,8
ISR,JOR,04,20080702,6
ISR,JOR,04,20140116,32
ISR,JOR,05,20000328,2
ISR,JOR,01,20110912,2
ISR,JOR,02,20010420,4
ISR,JOR,03,20090127,6
ISR,JOR,04,20121112,4
ISR,JOR,05,20130930,6
ISR,JOR,05,20090129,2
ISR,JOR,03,20120105,1
ISR,JOR,05,20010522,7
ITA,JOR,04,20131129,5
ITA,JOR,04,20051205,4
JOR,JOR,04,20031028,2
JOR,JOR,01,20101029,2
JOR,JOR,04,20140122,2
JOR,JOR,02,20120125,2
JOR,JOR,19,20141102,6
JOR,JOR,01,20110201,4
JOR,JOR,04,20080407,36
JOR,JOR,04,20150125,44
JOR,JOR,03,20040608,1
JOR,JOR,05,20131119,2
JOR,JOR,04,20130707,7
JOR,JOR,19,20051110,8
JOR,JOR,04,20001017,2
JOR,JOR,04,20150124,3
JOR,JOR,02,20030428,8
JOR,JOR,02,20100901,5
JOR,JOR,01,20071216,2
JOR,JOR,14,20150206,55
JOR,JOR,05,20120221,4
JOR,JOR,04,20010822,10
JOR,JOR,04,20000203,2
JOR,JOR,11,20130721,2
JOR,JOR,01,20041122,2
JOR,JOR,07,20141022,60
JOR,JOR,01,20121022,10
JOR,JOR,01,20120103,4
JOR,JOR,12,20120719,2
JOR,JOR,01,20150212,4
JOR,JOR,04,20001205,2
JOR,JOR,04,20130824,10
JOR,JOR,01,20141105,16
JOR,JOR,02,20070314,6
JOR,JOR,04,20040506,2
JPN,JOR,06,20061002,8
JPN,JOR,03,20100911,1
JPN,JOR,03,20150201,14
KEN,JOR,02,20150218,6
KOR,JOR,05,20090319,4
KWT,JOR,04,20120719,2
KWT,JOR,04,20080717,36
KWT,JOR,04,20030528,2
KWT,JOR,03,20150203,4
KWT,JOR,04,20090422,6
KWT,JOR,06,20010425,1
LBN,JOR,04,20140718,6
LBN,JOR,19,20100905,9
LBN,JOR,18,20091001,2
LBN,JOR,11,20121020,2
LBN,JOR,03,20060802,8
LBN,JOR,04,20000622,1
LBN,JOR,04,20091203,2
LBN,JOR,17,20140829,6
LBY,JOR,01,20110513,2
LBY,JOR,17,20150125,22
LCA,JOR,17,20120927,3
LKA,JOR,18,20110610,1
LTU,JOR,04,20111207,1
MAR,JOR,04,20051026,5
MAR,JOR,04,20120425,2
MAR,JOR,04,20140208,2
MCO,JOR,18,20101003,14
MDV,JOR,12,20110711,4
MEA,JOR,13,20010924,9
MEX,JOR,19,20140929,2
MMR,JOR,01,20140922,1
MYS,JOR,06,20100602,8
MYS,JOR,05,20100602,8
MYS,JOR,04,20091015,3
NGA,JOR,04,20131215,3
NLD,JOR,04,20051115,4
NLD,JOR,04,20120309,4
NLD,JOR,17,20140723,6
NLD,JOR,05,20141223,2
OMN,JOR,07,20110704,12
PAK,JOR,04,20080624,2
PAK,JOR,04,20060309,11
PAK,JOR,01,20130804,42
PER,JOR,01,20120915,10
PHL,JOR,07,20091010,1
PRK,JOR,04,20150108,4
PSE,JOR,11,20040622,4
PSE,JOR,14,20091227,4
PSE,JOR,05,20131121,2
PSE,JOR,01,20030115,4
PSE,JOR,04,20070417,9
PSE,JOR,04,20120617,4
PSE,JOR,04,20140713,24
PSE,JOR,17,20010917,4
PSE,JOR,02,20140825,1
PSE,JOR,04,20020722,3
PSE,JOR,18,20010808,5
PSE,JOR,17,20070704,12
PSE,JOR,04,20140106,2
PSE,JOR,04,20021027,2
PSE,JOR,04,20001004,1
PSE,JOR,04,20131213,11
PSE,JOR,04,20001125,10
PSE,JOR,04,20140105,4
PSE,JOR,01,20141203,8
PSE,JOR,04,20060702,1
PSE,JOR,03,20140309,1
QAT,JOR,04,20130827,33
QAT,JOR,13,20051118,2
QAT,JOR,03,20001111,4
RUS,JOR,01,20120626,8
RUS,JOR,03,20120720,8
RUS,JOR,03,20080211,1
SAU,JOR,04,20080110,2
SAU,JOR,03,20130825,2
SAU,JOR,19,20120806,12
SAU,JOR,01,20020304,2
SAU,JOR,01,20141103,6
SAU,JOR,04,20040420,4
SAU,JOR,05,20150211,20
SAU,JOR,04,20080326,2
SAU,JOR,11,20020430,1
SAU,JOR,04,20110325,6
SAU,JOR,05,20130610,6
SAU,JOR,10,20130625,12
SAU,JOR,04,20140909,42
SAU,JOR,04,20061125,2
SAU,JOR,19,20050710,1
SDN,JOR,04,20121015,8
SDN,JOR,02,20090313,1
SDN,JOR,04,20140825,8
SGP,JOR,04,20030912,2
SOM,JOR,19,20120129,27
SOM,JOR,04,20110330,2
SYR,JOR,02,20090912,3
SYR,JOR,04,20110605,1
SYR,JOR,19,20140813,10
SYR,JOR,01,20060629,1
SYR,JOR,02,20140303,1
SYR,JOR,07,20130814,2
SYR,JOR,13,20140106,8
SYR,JOR,04,20140221,24
SYR,JOR,04,20130816,2
SYR,JOR,16,20010804,1
SYR,JOR,04,20131217,2
SYR,JOR,02,20111125,7
SYR,JOR,08,20121229,12
SYR,JOR,19,20111213,1
SYR,JOR,17,20110425,4
SYR,JOR,04,20120108,1
SYR,JOR,03,20070309,1
SYR,JOR,10,20130727,2
SYR,JOR,04,20010315,2
SYR,JOR,02,20111013,1
SYR,JOR,17,20120516,6
SYR,JOR,04,20130613,3
TJK,JOR,04,20140912,4
TUN,JOR,03,20120130,1
TUR,JOR,03,20030116,1
TUR,JOR,04,20010524,2
TUR,JOR,04,20140921,2
TUR,JOR,03,20110111,1
UGA,JOR,11,20121230,2
UGA,JOR,04,20001114,1
USA,JOR,03,20020729,1
USA,JOR,06,20120426,4
USA,JOR,03,20130517,6
USA,JOR,07,20140723,19
USA,JOR,03,20130426,6
USA,JOR,03,20130326,4
USA,JOR,03,20130916,6
USA,JOR,01,20030916,7
USA,JOR,04,20121022,4
USA,JOR,03,20040326,2
USA,JOR,04,20100901,4
USA,JOR,04,20130609,32
USA,JOR,06,20110804,1
USA,JOR,04,20120708,1
USA,JOR,04,20140731,6
USA,JOR,11,20140725,2
USA,JOR,05,20010503,1
USA,JOR,05,20130917,18
USA,JOR,19,20140917,4
USA,JOR,08,20111220,6
USA,JOR,03,20150111,2
USA,JOR,02,20141017,6
USA,JOR,01,20120619,4
USA,JOR,19,20021028,1
USA,JOR,04,20140322,8
USA,JOR,04,20130821,4
USA,JOR,17,20040712,2
USA,JOR,04,20100824,5
USA,JOR,17,20120118,2
USA,JOR,04,20060608,12
USA,JOR,19,20100111,4
USA,JOR,12,20110715,1
USA,JOR,19,20141106,15
USA,JOR,04,20140801,4
USA,JOR,16,20110214,6
USA,JOR,03,20140908,60
USA,JOR,01,20110518,4
USA,JOR,17,20080630,8
USA,JOR,01,20081222,2
USA,JOR,01,20020717,8
USA,JOR,04,20000525,4
USA,JOR,04,20150102,4
YEM,JOR,14,20120309,1
YEM,JOR,05,20101223,14
YEM,JOR,12,20121111,8
AFG,JPN,12,20010126,2
AFG,JPN,12,20051101,2
AFG,JPN,16,20100314,1
AFG,JPN,04,20080116,1
AFR,JPN,04,20090810,14
AFR,JPN,04,20140724,6
AFR,JPN,06,20130131,3
AFR,JPN,04,20050717,1
AFR,JPN,04,20030929,4
AFR,JPN,04,20090604,2
ARE,JPN,08,20141110,30
ARE,JPN,03,20091222,2
ARE,JPN,04,20110823,5
ARG,JPN,11,20150127,2
AUS,JPN,03,20130214,4
AUS,JPN,19,20120918,8
AUS,JPN,08,20110609,9
AUS,JPN,01,20140724,15
AUS,JPN,19,20080123,5
AUS,JPN,03,20130307,2
AUS,JPN,03,20080630,24
AUS,JPN,19,20080207,2
AUS,JPN,04,20141018,1
AUS,JPN,04,20080614,3
AUS,JPN,17,20010216,6
AUS,JPN,04,20140610,4
AUS,JPN,01,20130226,4
AUS,JPN,04,20071208,18
AUS,JPN,03,20120503,4
AUS,JPN,04,20140322,18
AUS,JPN,04,20091023,4
AUS,JPN,12,20050923,4
AUS,JPN,05,20141019,2
AUS,JPN,07,20130723,2
AUS,JPN,11,20080117,5
AUS,JPN,16,20110316,5
AUS,JPN,12,20140210,2
AUS,JPN,11,20120419,2
AUS,JPN,19,20110404,2
AUS,JPN,04,20080201,1
AUS,JPN,04,20021105,2
AUS,JPN,04,20110606,4
AUS,JPN,03,20141107,6
AUS,JPN,06,20110829,18
AUS,JPN,04,20090326,4
AUT,JPN,04,20071116,2
AUT,JPN,02,20110315,1
BEL,JPN,04,20030228,4
BHR,JPN,16,20110427,9
BLR,JPN,11,20120918,2
BMU,JPN,07,20080511,2
BRA,JPN,01,20101103,4
BRA,JPN,09,20061225,1
BRA,JPN,04,20110619,2
BRA,JPN,04,20110923,12
BRN,JPN,04,20060217,9
BRN,JPN,03,20130524,3
BTN,JPN,02,20140105,4
BWA,JPN,16,20120730,4
CAN,JPN,06,20130819,3
CAN,JPN,07,20120401,14
CAN,JPN,04,20090225,1
CAN,JPN,04,20091217,1
CAN,JPN,04,20121106,8
CAN,JPN,04,20141222,2
CAN,JPN,06,20131026,10
CAN,JPN,04,20111204,2
CAN,JPN,01,20100204,2
CAN,JPN,01,20100127,3
CHL,JPN,06,20140104,4
CHL,JPN,03,20120823,4
CHL,JPN,08,20071209,8
CHN,JPN,04,20111225,113
CHN,JPN,05,20050221,2
CHN,JPN,06,20100617,6
CHN,JPN,04,20140515,1
CHN,JPN,04,20070401,5
CHN,JPN,04,20090304,4
CHN,JPN,13,20130718,10
CHN,JPN,04,20040324,1
CHN,JPN,01,20100919,15
CHN,JPN,07,20110313,34
CHN,JPN,04,20131214,24
CHN,JPN,14,20130610,4
CHN,JPN,02,20060623,21
CHN,JPN,04,20020128,6
CHN,JPN,01,20110317,15
CHN,JPN,03,20000811,3
CHN,JPN,04,20110809,1
CHN,JPN,19,20110821,1
CHN,JPN,06,20060527,2
CHN,JPN,19,20121102,2
CHN,JPN,11,20000430,9
CHN,JPN,01,20030407,8
CHN,JPN,05,20030414,4
CHN,JPN,11,20100924,27
CHN,JPN,01,20131125,2
CHN,JPN,03,20030512,9
CHN,JPN,12,20150111,20
CHN,JPN,04,20070405,3
CHN,JPN,16,20111215,1
CHN,JPN,06,20020903,5
CHN,JPN,12,20081007,1
CHN,JPN,01,20140409,34
CHN,JPN,03,20080605,4
CHN,JPN,03,20040820,3
CHN,JPN,17,20140602,6
CHN,JPN,13,20100924,4
CHN,JPN,16,20140716,2
CHN,JPN,04,20120716,3
CHN,JPN,04,20120829,2
CHN,JPN,04,20100925,7
CHN,JPN,03,20061008,3
CHN,JPN,18,20140826,5
CHN,JPN,09,20131218,4
CHN,JPN,04,20110129,45
CHN,JPN,06,20100601,3
CHN,JPN,01,20020104,2
CHN,JPN,11,20060724,1
CHN,JPN,05,20020114,2
CHN,JPN,17,20070714,1
CHN,JPN,04,20110727,9
CHN,JPN,16,20051115,4
CHN,JPN,03,20090319,3
CHN,JPN,13,20130203,3
CHN,JPN,07,20100111,3
CHN,JPN,18,20131121,1
CHN,JPN,11,20050914,4
CHN,JPN,04,20130414,4
CHN,JPN,04,20141007,8
CHN,JPN,03,20090209,2
CHN,JPN,03,20070317,2
CHN,JPN,04,20081203,1
CHN,JPN,01,20140706,1
CHN,JPN,01,20140707,12
CHN,JPN,04,20140719,1
CHN,JPN,12,20121019,2
CHN,JPN,04,20140425,20
CHN,JPN,02,20120914,2
CHN,JPN,04,20140324,8
CHN,JPN,09,20120925,4
CHN,JPN,03,20120611,1
CHN,JPN,05,20141217,10
CHN,JPN,04,20120125,1
CHN,JPN,04,20070327,3
CHN,JPN,04,20121227,6
CHN,JPN,01,20140711,2
CHN,JPN,11,20110613,18
CHN,JPN,03,20111227,9
CHN,JPN,04,20080129,5
CHN,JPN,06,20071017,3
CHN,JPN,13,20150202,2
CHN,JPN,06,20140427,10
CHN,JPN,04,20141217,42
CHN,JPN,04,20141122,4
CHN,JPN,04,20100103,3
CHN,JPN,06,20120414,1
CHN,JPN,04,20130129,28
CHN,JPN,01,20070427,9
CHN,JPN,04,20041013,2
CHN,JPN,03,20120118,3
CHN,JPN,16,20010610,4
CHN,JPN,05,20051205,6
CHN,JPN,03,20030912,1
CHN,JPN,01,20130416,6
CHN,JPN,05,20060321,6
CHN,JPN,04,20101025,5
CHN,JPN,03,20080619,6
CHN,JPN,19,20140209,6
CHN,JPN,04,20140518,6
CHN,JPN,01,20070313,1
CHN,JPN,08,20100429,9
CHN,JPN,08,20031019,3
CIV,JPN,03,20140110,4
COD,JPN,19,20070313,2
CYM,JPN,01,20111207,2
CZE,JPN,04,20030811,2
CZE,JPN,04,20030815,8
DEU,JPN,04,20100205,6
DEU,JPN,13,20130211,10
DEU,JPN,04,20110411,10
DEU,JPN,03,20000720,1
DEU,JPN,04,20110317,26
DEU,JPN,04,20010711,4
DEU,JPN,04,20130204,6
DEU,JPN,04,20060701,2
DEU,JPN,04,20130204,7
DEU,JPN,04,20070531,1
DEU,JPN,01,20100905,1
DNK,JPN,03,20101129,8
DNK,JPN,03,20090909,37
EGY,JPN,04,20150116,8
EGY,JPN,19,20150131,14
ESP,JPN,04,20030714,1
ESP,JPN,03,20100630,2
EST,JPN,03,20110304,7
EUR,JPN,01,20070521,9
EUR,JPN,04,20141101,10
EUR,JPN,02,20091107,4
EUR,JPN,19,20081203,2
EUR,JPN,01,20100515,6
EUR,JPN,04,20000706,5
EUR,JPN,04,20000414,6
EUR,JPN,04,20000720,8
EUR,JPN,01,20140425,1
EUR,JPN,05,20000630,6
EUR,JPN,04,20131026,5
EUR,JPN,06,20110321,9
EUR,JPN,02,20121128,3
EUR,JPN,05,20110818,5
EUR,JPN,04,20090603,2
FRA,JPN,04,20121011,3
FRA,JPN,06,20051120,7
FRA,JPN,18,20090814,2
FRA,JPN,01,20101025,2
FRA,JPN,01,20130612,2
FRA,JPN,11,20121028,4
FRA,JPN,04,20100716,3
FRA,JPN,05,20100801,19
FRA,JPN,02,20110314,1
FRA,JPN,03,20080629,3
FRA,JPN,01,20081126,2
FRA,JPN,03,20100906,18
FRA,JPN,19,20121122,2
FRA,JPN,01,20110314,20
FRA,JPN,04,20041231,6
FRA,JPN,04,20010718,12
FRA,JPN,03,20030129,3
FRA,JPN,07,20110928,2
FSM,JPN,02,20120306,9
GBR,JPN,06,20111202,1
GBR,JPN,04,20110219,18
GBR,JPN,02,20121030,8
GBR,JPN,04,20090222,4
GBR,JPN,04,20141104,1
GBR,JPN,05,20100106,3
GBR,JPN,04,20131121,4
GBR,JPN,01,20110215,2
GBR,JPN,08,20090113,9
GBR,JPN,01,20140626,6
GHA,JPN,03,20090421,14
GRC,JPN,11,20110927,1
GRC,JPN,04,20110809,2
IDN,JPN,02,20140331,4
IDN,JPN,03,20111008,2
IDN,JPN,04,20140203,4
IDN,JPN,06,20131018,10
IDN,JPN,19,20051001,3
IND,JPN,04,20101108,2
IND,JPN,02,20111102,2
IND,JPN,04,20131130,1
IND,JPN,05,20080215,2
IND,JPN,04,20080710,2
IND,JPN,03,20120810,3
IND,JPN,04,20091107,4
IRL,JPN,01,20071021,2
IRL,JPN,14,20140811,4
IRN,JPN,04,20130911,1
IRN,JPN,04,20140411,2
IRN,JPN,03,20140305,8
IRN,JPN,03,20060118,3
IRN,JPN,04,20140306,1
IRN,JPN,03,20031202,10
IRN,JPN,04,20100512,1
IRN,JPN,01,20020504,2
IRN,JPN,01,20101118,1
IRQ,JPN,04,20041008,7
IRQ,JPN,04,20030421,15
IRQ,JPN,08,20030922,2
IRQ,JPN,01,20101210,1
IRQ,JPN,04,20040604,2
IRQ,JPN,01,20031106,2
IRQ,JPN,04,20031023,2
IRQ,JPN,19,20070127,9
IRQ,JPN,04,20030529,1
ISL,JPN,17,20031212,7
ISR,JPN,04,20070611,8
ISR,JPN,01,20100216,4
ISR,JPN,06,20121031,6
ITA,JPN,03,20090211,6
ITA,JPN,17,20080321,5
JOR,JPN,05,20100912,9
JOR,JPN,04,20141110,10
JPN,JPN,04,20050731,5
JPN,JPN,03,20090323,1
JPN,JPN,01,20130426,6
JPN,JPN,04,20141028,16
JPN,JPN,08,20041004,2
JPN,JPN,05,20130722,2
JPN,JPN,11,20001110,3
JPN,JPN,04,20140701,3
JPN,JPN,01,20110308,16
JPN,JPN,01,20090107,18
JPN,JPN,04,20120326,3
JPN,JPN,12,20031023,2
JPN,JPN,14,20100912,18
JPN,JPN,04,20050816,1
JPN,JPN,04,20141007,2
JPN,JPN,01,20110315,93
JPN,JPN,11,20110728,1
JPN,JPN,01,20070612,8
JPN,JPN,12,20110916,8
JPN,JPN,07,20140730,8
JPN,JPN,07,20120802,10
JPN,JPN,01,20100910,189
JPN,JPN,04,20060517,18
JPN,JPN,05,20070329,2
JPN,JPN,04,20021212,5
JPN,JPN,11,20080110,5
JPN,JPN,08,20100413,4
JPN,JPN,06,20090901,2
JPN,JPN,06,20111004,36
JPN,JPN,01,20150130,11
JPN,JPN,01,20060321,3
JPN,JPN,02,20090729,2
JPN,JPN,04,20130315,16
JPN,JPN,01,20050912,4
JPN,JPN,03,20100207,4
JPN,JPN,14,20130718,10
JPN,JPN,01,20030109,9
JPN,JPN,04,20111214,2
JPN,JPN,03,20080123,5
JPN,JPN,04,20080314,7
JPN,JPN,17,20001112,2
JPN,JPN,07,20130211,4
JPN,JPN,01,20140726,6
JPN,JPN,01,20060705,9
JPN,JPN,14,20130313,4
JPN,JPN,08,20141218,2
JPN,JPN,03,20010426,5
JPN,JPN,17,20090812,2
JPN,JPN,01,20130919,22
JPN,JPN,16,20120920,4
JPN,JPN,09,20100916,9
JPN,JPN,01,20070307,8
JPN,JPN,01,20110107,1
JPN,JPN,12,20141104,3
JPN,JPN,12,20130423,8
JPN,JPN,05,20110405,7
JPN,JPN,11,20120310,37
JPN,JPN,01,20110923,2
JPN,JPN,02,20020412,2
JPN,JPN,19,20121104,2
JPN,JPN,11,20100407,6
JPN,JPN,04,20130217,12
JPN,JPN,10,20130320,2
JPN,JPN,14,20130207,70
JPN,JPN,11,20060922,4
JPN,JPN,03,20071001,3
JPN,JPN,03,20070913,4
JPN,JPN,04,20140901,25
JPN,JPN,04,20140707,1
JPN,JPN,02,20100721,6
JPN,JPN,14,20010425,8
JPN,JPN,01,20080815,2
JPN,JPN,17,20140324,5
JPN,JPN,17,20120615,6
JPN,JPN,04,20130524,2
JPN,JPN,02,20041104,2
JPN,JPN,02,20011008,2
JPN,JPN,01,20030214,4
JPN,JPN,08,20131120,4
JPN,JPN,01,20120903,24
JPN,JPN,02,20090912,4
JPN,JPN,07,20140421,20
JPN,JPN,01,20090417,12
JPN,JPN,09,20140909,12
JPN,JPN,04,20131213,32
JPN,JPN,04,20070322,14
JPN,JPN,04,20120424,1
JPN,JPN,01,20110130,5
JPN,JPN,01,20040220,1
JPN,JPN,04,20120627,9
JPN,JPN,05,20040105,4
JPN,JPN,02,20000523,14
JPN,JPN,08,20130720,39
JPN,JPN,07,20140620,12
JPN,JPN,02,20120926,1
JPN,JPN,02,20091011,3
JPN,JPN,04,20000723,3
JPN,JPN,05,20090602,2
JPN,JPN,04,20070515,18
JPN,JPN,04,20000928,7
JPN,JPN,01,20140902,4
JPN,JPN,10,20040121,9
JPN,JPN,04,20130621,1
JPN,JPN,01,20061214,2
JPN,JPN,04,20141121,1
JPN,JPN,17,20131225,4
JPN,JPN,01,20100205,12
JPN,JPN,15,20110825,2
JPN,JPN,04,20120405,94
JPN,JPN,04,20080902,5
JPN,JPN,04,20030609,3
JPN,JPN,11,20111208,14
JPN,JPN,03,20100528,5
JPN,JPN,01,20100831,8
JPN,JPN,06,20110914,9
JPN,JPN,07,20021225,2
JPN,JPN,11,20150125,7
JPN,JPN,08,20090217,55
JPN,JPN,17,20140523,14
JPN,JPN,01,20110210,4
JPN,JPN,17,20131216,2
JPN,JPN,04,20131130,24
JPN,JPN,04,20070620,4
JPN,JPN,04,20081214,29
JPN,JPN,09,20110506,1
JPN,JPN,09,20110408,13
JPN,JPN,04,20110222,3
JPN,JPN,08,20091119,4
JPN,JPN,01,20090208,2
JPN,JPN,11,20000909,2
JPN,JPN,04,20060223,10
JPN,JPN,03,20120513,5
JPN,JPN,02,20081225,9
JPN,JPN,11,20030830,4
JPN,JPN,04,20040921,1
JPN,JPN,03,20091207,2
JPN,JPN,04,20030506,9
JPN,JPN,04,20050326,7
JPN,JPN,17,20120119,7
JPN,JPN,04,20091030,5
JPN,JPN,08,20130912,10
JPN,JPN,16,20120302,135
JPN,JPN,03,20090302,8
JPN,JPN,05,20040202,9
JPN,JPN,04,20031110,5
JPN,JPN,04,20030111,4
JPN,JPN,07,20020406,7
JPN,JPN,17,20150131,37
JPN,JPN,05,20121112,2
JPN,JPN,08,20100602,47
JPN,JPN,02,20120811,2
JPN,JPN,03,20000222,5
JPN,JPN,14,20060822,2
JPN,JPN,03,20110816,2
JPN,JPN,01,20120616,1
JPN,JPN,01,20090816,1
KAZ,JPN,05,20010607,16
KAZ,JPN,06,20060914,9
KEN,JPN,04,20080530,7
KEN,JPN,06,20070719,8
KEN,JPN,04,20120703,4
KEN,JPN,04,20080526,5
KEN,JPN,03,20090203,4
KHM,JPN,03,20120420,8
KHM,JPN,11,20140131,2
KHM,JPN,04,20140218,7
KOR,JPN,12,20110210,2
KOR,JPN,04,20110118,4
KOR,JPN,04,20150216,20
KOR,JPN,04,20010503,1
KOR,JPN,01,20010427,10
KOR,JPN,16,20110323,8
KOR,JPN,13,20140805,4
KOR,JPN,04,20110613,6
KOR,JPN,09,20110406,4
KOR,JPN,04,20031222,1
KOR,JPN,03,20110104,27
KOR,JPN,04,20040531,3
KOR,JPN,04,20061027,2
KOR,JPN,04,20110921,5
KOR,JPN,13,20090529,6
KOR,JPN,08,20080902,4
KOR,JPN,04,20060802,8
KOR,JPN,05,20050620,2
KOR,JPN,02,20140305,3
KOR,JPN,05,20000130,6
KOR,JPN,06,20141221,3
KOR,JPN,01,20131228,1
KOR,JPN,04,20121120,5
KOR,JPN,11,20100319,1
KOR,JPN,04,20090614,7
KOR,JPN,04,20100527,8
KOR,JPN,04,20150205,10
KOR,JPN,04,20130904,1
KOR,JPN,04,20000321,2
KOR,JPN,04,20110413,4
KOR,JPN,04,20110831,3
KOR,JPN,04,20091221,1
KOR,JPN,04,20100721,2
KOR,JPN,02,20121209,3
KOR,JPN,01,20120704,11
KOR,JPN,05,20101216,1
KOR,JPN,04,20060629,5
KOR,JPN,16,20140703,2
KOR,JPN,06,20141109,4
KOR,JPN,05,20140327,4
KOR,JPN,03,20070330,4
KOR,JPN,05,20110724,10
KOR,JPN,16,20120814,41
KOR,JPN,04,20010904,1
KOR,JPN,05,20050912,1
KOR,JPN,01,20110726,9
KOR,JPN,04,20111111,3
KOR,JPN,04,20010706,9
KOR,JPN,11,20071004,2
KOR,JPN,11,20120731,3
KOR,JPN,10,20100403,12
KOR,JPN,02,20050201,3
KOR,JPN,01,20030929,2
KOR,JPN,05,20130605,10
KOR,JPN,16,20061005,9
KOR,JPN,11,20150130,4
KOR,JPN,05,20130219,10
KOR,JPN,05,20131227,1
KOR,JPN,04,20010803,1
KOR,JPN,13,20011023,2
KOR,JPN,05,20030825,12
KOR,JPN,13,20120409,1
KOR,JPN,03,20030528,8
KOR,JPN,01,20010130,2
KOR,JPN,04,20110802,9
KOR,JPN,03,20111227,18
KOR,JPN,13,20131110,3
KOR,JPN,03,20010304,8
KOR,JPN,16,20120810,5
KOR,JPN,04,20140702,6
KOR,JPN,15,20140219,2
KOR,JPN,05,20100804,2
KOR,JPN,03,20001122,5
KOR,JPN,18,20130104,8
KOR,JPN,01,20101111,18
KOR,JPN,08,20140404,6
KOR,JPN,03,20020202,7
KOR,JPN,06,20110629,7
KOR,JPN,04,20040119,9
KOR,JPN,10,20130816,2
KWT,JPN,07,20111207,9
KWT,JPN,04,20060708,1
LBR,JPN,04,20040902,2
LBY,JPN,04,20110325,7
LKA,JPN,08,20100119,2
LKA,JPN,04,20130506,10
LKA,JPN,02,20091023,7
LKA,JPN,05,20150120,2
LKA,JPN,06,20140509,11
LKA,JPN,04,20051212,4
LKA,JPN,06,20140906,1
LUX,JPN,04,20110420,10
MAR,JPN,05,20130101,1
MDV,JPN,05,20121222,10
MEX,JPN,04,20120709,4
MEX,JPN,04,20121219,5
MEX,JPN,02,20021026,4
MEX,JPN,04,20120409,2
MMR,JPN,10,20090525,9
MMR,JPN,04,20030117,3
MMR,JPN,13,20100619,2
MMR,JPN,04,20150107,5
MNG,JPN,03,20131119,8
MNG,JPN,05,20140617,40
MNG,JPN,18,20061103,2
MWI,JPN,06,20120820,5
MYS,JPN,07,20051216,3
MYS,JPN,04,20030111,4
MYS,JPN,04,20111121,8
NGA,JPN,07,20060314,3
NGA,JPN,04,20000719,3
NGA,JPN,05,20000517,1
NGA,JPN,03,20120210,2
NGA,JPN,06,20110328,8
NGA,JPN,04,20141104,6
NLD,JPN,03,20100212,2
NLD,JPN,10,20141104,16
NLD,JPN,04,20140311,7
NLD,JPN,04,20100913,1
NMR,JPN,01,20090206,1
NOR,JPN,04,20140802,2
NPL,JPN,05,20110712,7
NZL,JPN,19,20070516,4
NZL,JPN,05,20090301,2
NZL,JPN,05,20020820,5
OMN,JPN,09,20110122,2
PAK,JPN,04,20020301,7
PAK,JPN,06,20131011,5
PAK,JPN,18,20051009,1
PAK,JPN,06,20140624,2
PAK,JPN,04,20020111,1
PAK,JPN,04,20110214,4
PAK,JPN,05,20080123,1
PER,JPN,04,20150201,2
PHL,JPN,09,20110315,7
PHL,JPN,04,20130626,20
PHL,JPN,06,20140620,2
PHL,JPN,19,20140826,6
PHL,JPN,04,20070525,4
PHL,JPN,03,20100326,2
PHL,JPN,11,20131206,6
PHL,JPN,01,20110806,3
PHL,JPN,09,20110313,20
PHL,JPN,19,20130623,10
PHL,JPN,02,20130627,88
PHL,JPN,17,20120525,1
PLW,JPN,03,20020109,9
POL,JPN,04,20091021,4
PRK,JPN,01,20021128,2
PRK,JPN,10,20051109,9
PRK,JPN,02,20000313,7
PRK,JPN,19,20120326,8
PRK,JPN,01,20041115,9
PRK,JPN,01,20070115,4
PRK,JPN,16,20121210,15
PRK,JPN,04,20050301,10
PRK,JPN,04,20040514,4
PRK,JPN,19,20060705,14
PRK,JPN,11,20000106,4
PRK,JPN,18,20091119,1
PRK,JPN,11,20010304,8
PRK,JPN,18,20080509,1
PRK,JPN,01,20090404,5
PRK,JPN,04,20030705,7
PRK,JPN,11,20050408,3
PRK,JPN,08,20080226,8
PRK,JPN,04,20110920,2
PRK,JPN,09,20020906,1
PRK,JPN,19,20060620,45
PRK,JPN,13,20141123,8
PRK,JPN,02,20110813,20
PRK,JPN,03,20150102,5
PRK,JPN,01,20021017,4
PRK,JPN,13,20130316,2
PRK,JPN,05,20140317,1
PRK,JPN,05,20100422,5
PRK,JPN,18,20030531,9
PRK,JPN,04,20021109,9
PRK,JPN,04,20040224,5
PRK,JPN,04,20130127,20
PRK,JPN,11,20100817,2
PRK,JPN,02,20120412,76
PRK,JPN,04,20110106,80
PRK,JPN,01,20070917,1
PRK,JPN,01,20040514,2
PRK,JPN,11,20060913,6
PRK,JPN,04,20040128,3
PRK,JPN,01,20011223,5
PRK,JPN,01,20000307,1
PRK,JPN,04,20040412,2
PRK,JPN,17,20090410,1
PRK,JPN,18,20061106,6
PRK,JPN,05,20080531,13
PRK,JPN,04,20130619,20
PRK,JPN,11,20000222,9
PRT,JPN,03,20140503,6
PRT,JPN,07,20120507,4
PSE,JPN,03,20150120,4
QAT,JPN,04,20120113,5
RUS,JPN,01,20131113,16
RUS,JPN,04,20010115,18
RUS,JPN,11,20110208,5
RUS,JPN,04,20090613,1
RUS,JPN,04,20010722,2
RUS,JPN,04,20120623,1
RUS,JPN,19,20100822,2
RUS,JPN,01,20131122,1
RUS,JPN,04,20050213,1
RUS,JPN,03,20001025,5
RUS,JPN,01,20091027,9
RUS,JPN,04,20090706,1
RUS,JPN,04,20111130,2
RUS,JPN,04,20090918,6
RUS,JPN,01,20000914,11
RUS,JPN,04,20000914,12
RUS,JPN,04,20010311,4
RUS,JPN,04,20120417,6
RUS,JPN,15,20030717,1
RUS,JPN,04,20070320,1
RUS,JPN,04,20140521,6
RUS,JPN,04,20090417,10
RUS,JPN,04,20140404,2
RUS,JPN,04,20050509,4
RUS,JPN,05,20061227,3
RUS,JPN,02,20140305,3
RUS,JPN,04,20070628,5
RUS,JPN,01,20021023,1
RUS,JPN,05,20080305,2
RUS,JPN,04,20101102,111
RUS,JPN,04,20071208,2
RUS,JPN,10,20110825,8
RUS,JPN,06,20020204,1
RUS,JPN,02,20090420,4
RUS,JPN,07,20110329,5
RUS,JPN,01,20080710,2
RUS,JPN,01,20000404,12
RUS,JPN,04,20060825,1
RUS,JPN,03,20130927,2
RUS,JPN,01,20001025,1
RUS,JPN,04,20130925,7
RUS,JPN,03,20030819,14
RUS,JPN,02,20130801,2
RUS,JPN,16,20101112,22
RUS,JPN,06,20140718,7
RUS,JPN,05,20100902,1
RUS,JPN,04,20130703,2
RUS,JPN,17,20060624,9
SAF,JPN,04,20020227,2
SAU,JPN,04,20070208,1
SAU,JPN,04,20020703,2
SAU,JPN,04,20031215,5
SEA,JPN,04,20030522,12
SEA,JPN,03,20110807,6
SEA,JPN,01,20081015,2
SGP,JPN,04,20101122,2
SGP,JPN,04,20031017,8
SGP,JPN,06,20120717,8
SGP,JPN,04,20140110,1
SGP,JPN,02,20141105,6
SGP,JPN,04,20140505,6
SHN,JPN,19,20090904,10
SHN,JPN,04,20010509,9
SYR,JPN,19,20140902,5
SYR,JPN,07,20121108,2
THA,JPN,03,20090722,16
THA,JPN,06,20081103,4
THA,JPN,17,20110424,9
THA,JPN,04,20001026,2
THA,JPN,06,20120517,2
THA,JPN,02,20070402,2
THA,JPN,04,20000212,2
THA,JPN,06,20110316,1
THA,JPN,17,20130818,2
THA,JPN,16,20131206,4
THA,JPN,02,20121029,3
THA,JPN,04,20031019,1
TUN,JPN,03,20091208,2
TUR,JPN,01,20130910,2
TWN,JPN,04,20141207,3
TWN,JPN,16,20140622,2
UGA,JPN,03,20131111,9
UKR,JPN,01,20110418,1
USA,JPN,04,20021003,7
USA,JPN,14,20120722,20
USA,JPN,06,20130805,8
USA,JPN,11,20140115,4
USA,JPN,03,20110624,2
USA,JPN,13,20071016,8
USA,JPN,04,20091030,8
USA,JPN,17,20010114,4
USA,JPN,02,20010706,1
USA,JPN,05,20000802,2
USA,JPN,03,20110619,5
USA,JPN,05,20091122,6
USA,JPN,04,20080219,7
USA,JPN,16,20010408,1
USA,JPN,02,20020221,2
USA,JPN,03,20110917,1
USA,JPN,05,20110921,5
USA,JPN,17,20040208,17
USA,JPN,02,20040109,1
USA,JPN,04,20110205,9
USA,JPN,12,20140227,6
USA,JPN,16,20120615,1
USA,JPN,12,20090602,2
USA,JPN,01,20010818,14
USA,JPN,01,20120124,4
USA,JPN,04,20100620,3
USA,JPN,04,20140405,26
USA,JPN,11,20130117,14
USA,JPN,01,20100212,10
USA,JPN,19,20101005,18
USA,JPN,04,20101115,4
USA,JPN,12,20120919,10
USA,JPN,04,20130224,4
USA,JPN,07,20090301,8
USA,JPN,05,20120507,35
USA,JPN,03,20111020,2
USA,JPN,05,20021114,3
USA,JPN,13,20141119,18
USA,JPN,01,20131118,1
USA,JPN,03,20051028,1
USA,JPN,03,20140215,4
USA,JPN,08,20130925,14
USA,JPN,05,20140409,16
USA,JPN,04,20121119,12
USA,JPN,09,20100730,2
USA,JPN,05,20080223,1
USA,JPN,02,20110331,4
USA,JPN,17,20091119,8
USA,JPN,18,20100223,9
USA,JPN,01,20140101,6
USA,JPN,16,20140616,8
USA,JPN,03,20101026,6
USA,JPN,03,20120110,5
USA,JPN,03,20031203,12
USA,JPN,04,20040126,2
USA,JPN,03,20090728,10
USA,JPN,04,20150120,66
USA,JPN,04,20070312,18
USA,JPN,08,20101102,6
USA,JPN,12,20130720,2
USA,JPN,04,20070917,6
USA,JPN,04,20000723,2
USA,JPN,03,20010724,3
USA,JPN,03,20100930,9
USA,JPN,03,20051013,15
USA,JPN,02,20140215,8
USA,JPN,04,20130909,8
USA,JPN,19,20110415,4
USA,JPN,16,20110819,17
USA,JPN,04,20000720,16
USA,JPN,04,20110311,6
USA,JPN,01,20140121,1
USA,JPN,10,20110201,5
USA,JPN,15,20140626,8
USA,JPN,05,20130910,3
USA,JPN,01,20071214,19
USA,JPN,04,20110921,20
USA,JPN,03,20030822,8
USA,JPN,03,20090213,4
USA,JPN,04,20080729,3
USA,JPN,11,20050906,6
USA,JPN,13,20060915,6
USA,JPN,02,20120906,5
USA,JPN,11,20141228,28
USA,JPN,09,20110311,1
USA,JPN,08,20131127,10
USA,JPN,19,20020617,4
USA,JPN,07,20060801,6
USA,JPN,02,20100206,1
USA,JPN,19,20100804,65
USA,JPN,07,20090204,2
USA,JPN,01,20091027,1
USA,JPN,13,20131220,1
USA,JPN,03,20080903,4
USA,JPN,06,20150213,2
USA,JPN,02,20130322,6
USA,JPN,02,20070927,2
USA,JPN,11,20100420,2
USA,JPN,01,20030415,6
USA,JPN,03,20121123,4
USA,JPN,11,20131209,8
USA,JPN,17,20100228,2
USA,JPN,03,20100307,3
USA,JPN,10,20090908,8
USA,JPN,19,20140704,1
USA,JPN,17,20140328,12
USA,JPN,03,20131120,16
USA,JPN,04,20111203,3
USA,JPN,04,20121108,4
USA,JPN,04,20060622,6
USA,JPN,01,20010222,2
USA,JPN,17,20021204,3
USA,JPN,03,20060813,6
USA,JPN,01,20100721,7
USA,JPN,03,20140907,18
USA,JPN,10,20050731,2
USA,JPN,02,20110328,4
USA,JPN,01,20090107,2
USA,JPN,02,20071130,28
USA,JPN,04,20080507,3
USA,JPN,01,20000607,3
USA,JPN,04,20110113,5
USA,JPN,04,20130302,2
USA,JPN,05,20140814,1
USA,JPN,04,20091022,6
USA,JPN,01,20140908,4
USA,JPN,19,20131009,2
USA,JPN,04,20111228,2
USA,JPN,09,20131206,2
USA,JPN,14,20100622,4
USA,JPN,19,20090219,1
USA,JPN,12,20070313,3
USA,JPN,19,20070926,4
USA,JPN,02,20140325,4
USA,JPN,01,20060921,9
USA,JPN,11,20131108,20
USA,JPN,08,20100611,5
VAT,JPN,03,20140603,6
VNM,JPN,04,20140507,8
VNM,JPN,12,20130812,20
VNM,JPN,04,20111022,1
VNM,JPN,04,20140725,4
VNM,JPN,11,20121107,4
VNM,JPN,01,20100804,2
VNM,JPN,03,20090925,2
VNM,JPN,04,20020109,2
VNM,JPN,03,20090520,5
VNM,JPN,16,20110317,6
ZAF,JPN,16,20130627,1
ZMB,JPN,05,20000207,3
AFG,KAZ,04,20090124,4
ARM,KAZ,11,20141203,2
AUT,KAZ,08,20110627,4
AUT,KAZ,08,20070716,2
AZE,KAZ,01,20110923,2
BLR,KAZ,05,20000906,1
BLR,KAZ,11,20101014,3
BLR,KAZ,06,20101029,12
CHN,KAZ,05,20140717,18
CHN,KAZ,06,20130707,1
CHN,KAZ,04,20081027,1
CHN,KAZ,05,20091222,6
CHN,KAZ,04,20090413,12
CHN,KAZ,04,20091225,18
CHN,KAZ,04,20021108,5
CHN,KAZ,03,20070821,2
DEU,KAZ,04,20090126,1
ESP,KAZ,04,20111011,4
EUR,KAZ,04,20100709,6
EUR,KAZ,04,20080721,5
EUR,KAZ,19,20130625,2
EUR,KAZ,04,20110320,6
GBR,KAZ,06,20090912,4
IRN,KAZ,04,20130205,98
IRN,KAZ,04,20120607,20
IRN,KAZ,03,20110726,1
IRN,KAZ,11,20111211,1
IRN,KAZ,03,20101118,3
IRN,KAZ,05,20100608,1
IRN,KAZ,02,20131016,5
ISR,KAZ,04,20090521,5
JOR,KAZ,05,20100919,4
JPN,KAZ,04,20030115,4
KAZ,KAZ,17,20140206,2
KAZ,KAZ,19,20090219,4
KAZ,KAZ,09,20091219,2
KAZ,KAZ,04,20110802,2
KAZ,KAZ,06,20110916,18
KAZ,KAZ,04,20090530,1
KAZ,KAZ,01,20061213,4
KAZ,KAZ,14,20130904,10
KAZ,KAZ,04,20080526,2
KAZ,KAZ,06,20131112,1
KAZ,KAZ,11,20111110,9
KAZ,KAZ,05,20091105,1
KAZ,KAZ,04,20051102,4
KAZ,KAZ,17,20070122,2
KAZ,KAZ,17,20121008,4
KGZ,KAZ,05,20141013,8
KGZ,KAZ,06,20001101,6
KGZ,KAZ,03,20140721,2
KGZ,KAZ,19,20030923,17
KGZ,KAZ,03,20141007,20
KGZ,KAZ,06,20090723,3
KGZ,KAZ,04,20020128,6
KGZ,KAZ,04,20130114,16
KGZ,KAZ,15,20010820,4
KGZ,KAZ,04,20001130,8
KOR,KAZ,04,20141126,10
KOR,KAZ,04,20120320,1
MDA,KAZ,02,20120312,1
MMR,KAZ,08,20100213,2
PAK,KAZ,03,20140228,4
PAK,KAZ,04,20141027,2
PAK,KAZ,04,20060617,2
PAK,KAZ,04,20130701,14
PAK,KAZ,03,20001106,4
POL,KAZ,02,20050418,3
PSE,KAZ,17,20100916,9
RUS,KAZ,05,20140224,2
RUS,KAZ,06,20140610,4
RUS,KAZ,06,20040221,4
RUS,KAZ,08,20061019,2
RUS,KAZ,05,20050914,4
RUS,KAZ,06,20081009,2
RUS,KAZ,04,20090629,1
RUS,KAZ,04,20110427,2
RUS,KAZ,05,20100821,4
RUS,KAZ,04,20141124,44
RUS,KAZ,04,20150113,8
RUS,KAZ,01,20120513,8
RUS,KAZ,04,20121009,8
RUS,KAZ,11,20110409,16
RUS,KAZ,05,20130523,6
RUS,KAZ,05,20131121,6
RUS,KAZ,01,20111031,3
RUS,KAZ,05,20060816,8
RUS,KAZ,04,20061012,3
RUS,KAZ,03,20070510,1
RUS,KAZ,04,20071023,1
RUS,KAZ,05,20130916,2
RUS,KAZ,05,20080821,1
RUS,KAZ,02,20041031,3
RUS,KAZ,04,20130917,1
SYR,KAZ,12,20080327,1
TJK,KAZ,04,20110914,4
TJK,KAZ,04,20030427,9
TJK,KAZ,04,20091201,2
TJK,KAZ,04,20060905,1
TKM,KAZ,04,20130424,2
TKM,KAZ,05,20091005,6
TKM,KAZ,03,20140623,20
TKM,KAZ,02,20130213,280
TKM,KAZ,02,20091012,1
TUR,KAZ,04,20090407,2
TUR,KAZ,04,20090519,14
UKR,KAZ,04,20100407,8
UKR,KAZ,05,20130910,1
UKR,KAZ,01,20041215,3
UKR,KAZ,05,20101203,2
USA,KAZ,04,20080422,9
USA,KAZ,07,20100920,245
USA,KAZ,17,20101130,2
UZB,KAZ,04,20010306,1
UZB,KAZ,04,20050602,2
UZB,KAZ,11,20030925,2
UZB,KAZ,04,20120301,2
UZB,KAZ,04,20060914,8
AFR,KEN,03,20141221,2
AFR,KEN,03,20081031,22
AFR,KEN,02,20130926,2
AFR,KEN,04,20110718,2
AFR,KEN,04,20121003,4
AFR,KEN,13,20010219,2
AFR,KEN,04,20050114,7
AFR,KEN,04,20090811,4
AFR,KEN,04,20100806,2
AFR,KEN,08,20130831,10
AFR,KEN,04,20011126,3
AFR,KEN,01,20130812,6
AFR,KEN,02,20120606,8
AFR,KEN,01,20080222,9
AFR,KEN,04,20090812,63
AFR,KEN,13,20130926,2
AFR,KEN,04,20020911,2
AGO,KEN,05,20130722,1
ARG,KEN,04,20140913,4
AUS,KEN,05,20111029,9
AUS,KEN,04,20091221,5
BDI,KEN,08,20130226,4
BFA,KEN,04,20090903,2
BGD,KEN,14,20090515,4
BHR,KEN,04,20090210,2
BOL,KEN,06,20121011,2
CAN,KEN,14,20130725,7
CAN,KEN,19,20060411,7
CHL,KEN,11,20130910,4
CHN,KEN,03,20110210,7
CHN,KEN,03,20131214,1
CHN,KEN,05,20020424,9
CHN,KEN,07,20110301,5
CHN,KEN,05,20150110,2
CHN,KEN,04,20091111,12
CIV,KEN,12,20110127,2
COD,KEN,03,20070420,2
COD,KEN,19,20081207,4
COD,KEN,11,20000308,4
COD,KEN,04,20041122,6
DEU,KEN,04,20040208,6
DEU,KEN,18,20090615,4
DNK,KEN,05,20111220,3
DNK,KEN,13,20030517,8
EAF,KEN,04,20021126,7
EGY,KEN,11,20130922,10
EGY,KEN,04,20020926,2
ETH,KEN,01,20131114,4
ETH,KEN,01,20141124,3
ETH,KEN,04,20120419,1
ETH,KEN,19,20140319,5
ETH,KEN,04,20120813,2
ETH,KEN,04,20130901,2
EUR,KEN,03,20070314,1
EUR,KEN,01,20060207,7
EUR,KEN,18,20111018,7
FRA,KEN,17,20090417,17
FRA,KEN,02,20090928,4
FRA,KEN,01,20140521,30
FRA,KEN,01,20030622,2
GBR,KEN,17,20110523,1
GBR,KEN,11,20040205,1
GBR,KEN,17,20130518,6
GBR,KEN,04,20140520,5
GBR,KEN,02,20040301,2
GBR,KEN,04,20061227,4
GBR,KEN,17,20100112,2
GBR,KEN,11,20130715,1
GBR,KEN,02,20140504,2
GBR,KEN,04,20030521,7
GBR,KEN,16,20120830,2
GBR,KEN,10,20080925,1
GBR,KEN,18,20131014,6
GBR,KEN,01,20101115,30
GBR,KEN,01,20060208,18
GBR,KEN,07,20100324,7
GBR,KEN,17,20051001,4
GHA,KEN,05,20120423,1
GHA,KEN,05,20130414,4
GIN,KEN,02,20110928,2
HUN,KEN,03,20070925,2
IRL,KEN,04,20130909,4
IRN,KEN,16,20130506,4
IRN,KEN,04,20090504,2
IRQ,KEN,04,20060121,6
IRQ,KEN,18,20060120,3
IRQ,KEN,09,20080227,2
IRQ,KEN,11,20080203,1
ISR,KEN,04,20021228,1
ISR,KEN,04,20131126,7
ISR,KEN,01,20020123,5
ISR,KEN,03,20141112,2
ITA,KEN,02,20140901,6
ITA,KEN,04,20090824,10
JPN,KEN,11,20140520,12
KEN,KEN,04,20140928,6
KEN,KEN,04,20081107,5
KEN,KEN,03,20030213,2
KEN,KEN,13,20000202,1
KEN,KEN,09,20111203,5
KEN,KEN,18,20140223,6
KEN,KEN,13,20060105,1
KEN,KEN,04,20040616,5
KEN,KEN,05,20140905,7
KEN,KEN,02,20010712,2
KEN,KEN,01,20111030,5
KEN,KEN,11,20091003,5
KEN,KEN,17,20110407,1
KEN,KEN,04,20040418,1
KEN,KEN,08,20130906,2
KEN,KEN,02,20021212,2
KEN,KEN,11,20051106,7
KEN,KEN,02,20140827,30
KEN,KEN,08,20140714,20
KEN,KEN,04,20020513,4
KEN,KEN,19,20040210,1
KEN,KEN,04,20100120,1
KEN,KEN,04,20121127,20
KEN,KEN,04,20100118,6
KEN,KEN,05,20140530,24
KEN,KEN,03,20120704,12
KEN,KEN,02,20090801,2
KEN,KEN,15,20100123,2
KEN,KEN,01,20130429,6
KEN,KEN,04,20010930,3
KEN,KEN,17,20030808,1
KEN,KEN,11,20110224,10
KEN,KEN,10,20120829,2
KEN,KEN,11,20030401,1
KEN,KEN,05,20110517,12
KEN,KEN,03,20041130,1
KEN,KEN,03,20070708,1
KEN,KEN,04,20040918,2
KEN,KEN,19,20140617,142
KEN,KEN,01,20001123,4
KEN,KEN,02,20130707,12
KEN,KEN,18,20141124,1
KEN,KEN,19,20060601,2
KEN,KEN,05,20031114,2
KEN,KEN,05,20040630,18
KEN,KEN,01,20070818,9
KEN,KEN,05,20120316,2
KEN,KEN,12,20120613,2
KEN,KEN,19,20090310,9
KEN,KEN,04,20131214,132
KEN,KEN,11,20101217,82
KEN,KEN,19,20150122,4
KEN,KEN,11,20120626,2
KEN,KEN,19,20141128,10
KEN,KEN,03,20141113,2
KEN,KEN,11,20140317,4
KEN,KEN,01,20131025,4
KEN,KEN,01,20141224,4
KEN,KEN,11,20060604,3
KEN,KEN,04,20130820,2
KEN,KEN,04,20080307,5
KEN,KEN,01,20131223,3
KEN,KEN,04,20111005,1
KEN,KEN,05,20130412,10
KEN,KEN,02,20100125,7
KEN,KEN,04,20121027,2
KEN,KEN,05,20141007,2
KEN,KEN,02,20141025,2
KEN,KEN,11,20020630,2
KEN,KEN,01,20130426,3
KEN,KEN,02,20130131,4
KEN,KEN,02,20010116,3
KEN,KEN,04,20110626,1
KEN,KEN,01,20040905,7
KEN,KEN,02,20130707,15
KEN,KEN,10,20140324,4
KEN,KEN,09,20130823,8
KEN,KEN,11,20130220,8
KEN,KEN,10,20131128,10
KEN,KEN,05,20121227,10
KEN,KEN,01,20140113,2
KEN,KEN,17,20100504,2
KEN,KEN,01,20130309,32
KEN,KEN,04,20130923,166
KEN,KEN,17,20111128,2
KEN,KEN,11,20121101,6
KEN,KEN,11,20131006,2
KOR,KEN,05,20120709,2
MDV,KEN,05,20090129,8
MEX,KEN,01,20000516,3
MEX,KEN,04,20150121,1
MLI,KEN,01,20040611,1
MWI,KEN,04,20120806,2
NGA,KEN,04,20130807,6
NGA,KEN,01,20130924,1
NGA,KEN,05,20120702,1
NLD,KEN,11,20110901,5
NPL,KEN,01,20090302,2
PAK,KEN,13,20050523,2
PAN,KEN,04,20101011,4
POL,KEN,04,20051031,7
RUS,KEN,06,20130722,1
RWA,KEN,11,20020827,8
RWA,KEN,01,20120818,2
RWA,KEN,10,20140928,2
RWA,KEN,04,20110207,1
RWA,KEN,19,20040117,2
SAU,KEN,06,20100106,2
SDN,KEN,01,20120403,1
SDN,KEN,04,20111008,8
SDN,KEN,04,20060320,1
SDN,KEN,19,20040105,2
SDN,KEN,17,20111129,3
SDN,KEN,05,20020809,3
SOM,KEN,02,20110818,3
SOM,KEN,19,20080709,3
SOM,KEN,11,20130922,15
SOM,KEN,04,20140215,1
SOM,KEN,05,20050901,1
SOM,KEN,05,20011101,9
SOM,KEN,04,20050816,1
SOM,KEN,10,20140804,12
SOM,KEN,04,20080619,2
SOM,KEN,17,20100929,1
SOM,KEN,04,20081016,4
SOM,KEN,11,20130707,4
SOM,KEN,12,20111027,8
SOM,KEN,06,20140313,6
SOM,KEN,01,20121002,4
SOM,KEN,04,20090419,10
SOM,KEN,04,20090105,4
SOM,KEN,04,20121020,16
SOM,KEN,04,20110311,9
SOM,KEN,05,20111112,2
SOM,KEN,13,20111225,21
SOM,KEN,19,20110918,1
SOM,KEN,04,20130529,8
SOM,KEN,05,20140618,5
SOM,KEN,04,20140419,2
SOM,KEN,11,20120227,5
SOM,KEN,06,20111019,4
SOM,KEN,13,20120530,4
SOM,KEN,04,20090411,14
SOM,KEN,04,20090413,1
SOM,KEN,08,20050318,1
SOM,KEN,04,20110815,35
SOM,KEN,04,20051019,1
SSD,KEN,19,20140520,70
SSD,KEN,11,20140111,8
SWE,KEN,11,20070404,2
TZA,KEN,05,20021230,9
TZA,KEN,04,20131024,2
TZA,KEN,04,20130819,2
TZA,KEN,05,20100903,1
TZA,KEN,05,20110829,1
TZA,KEN,04,20120507,1
UGA,KEN,08,20060117,7
UGA,KEN,05,20110729,1
UGA,KEN,17,20141231,2
UGA,KEN,01,20080202,1
UGA,KEN,05,20070719,1
UGA,KEN,02,20080109,2
UGA,KEN,04,20080530,10
UGA,KEN,04,20010710,4
UGA,KEN,03,20141008,10
UGA,KEN,19,20131108,2
UGA,KEN,04,20120707,1
UGA,KEN,04,20080123,9
UGA,KEN,01,20050204,2
UGA,KEN,04,20111116,10
UGA,KEN,17,20100823,10
UGA,KEN,09,20130304,4
UGA,KEN,04,20071220,4
UGA,KEN,17,20140912,4
UKR,KEN,01,20101206,1
UKR,KEN,13,20140902,10
UKR,KEN,04,20140827,7
USA,KEN,01,20091012,7
USA,KEN,01,20120418,4
USA,KEN,04,20040505,2
USA,KEN,04,20080829,6
USA,KEN,07,20010527,18
USA,KEN,04,20140619,18
USA,KEN,01,20091216,14
USA,KEN,19,20050906,8
USA,KEN,18,20150121,6
USA,KEN,01,20130121,1
USA,KEN,11,20111027,5
USA,KEN,02,20120922,5
USA,KEN,10,20061109,1
USA,KEN,04,20060430,8
USA,KEN,02,20110819,4
USA,KEN,01,20060614,2
USA,KEN,07,20050530,2
USA,KEN,01,20080131,8
USA,KEN,04,20120822,3
USA,KEN,01,20111109,2
USA,KEN,01,20030130,2
USA,KEN,01,20060905,2
USA,KEN,04,20081124,56
USA,KEN,06,20070507,9
USA,KEN,16,20110730,11
USA,KEN,07,20101006,14
USA,KEN,02,20140719,1
VEN,KEN,01,20131205,3
YEM,KEN,01,20111026,1
ZAF,KEN,04,20050517,4
ZAF,KEN,03,20110105,1
ZAF,KEN,04,20020707,4
AFG,KGZ,18,20090726,7
AFG,KGZ,14,20111104,8
AFR,KGZ,04,20100615,3
ASA,KGZ,07,20001201,4
AZE,KGZ,05,20030610,8
AZE,KGZ,07,20121221,8
BLR,KGZ,05,20021009,1
BLR,KGZ,04,20141224,8
CHE,KGZ,04,20090603,1
CHN,KGZ,01,20130912,4
CHN,KGZ,04,20131128,8
CHN,KGZ,01,20100408,27
CHN,KGZ,04,20140129,6
CHN,KGZ,07,20010814,2
CHN,KGZ,04,20030330,5
CHN,KGZ,04,20050218,1
CHN,KGZ,04,20070709,2
DEU,KGZ,03,20141219,4
DEU,KGZ,04,20090222,6
DEU,KGZ,02,20061104,4
DEU,KGZ,04,20141125,8
IRN,KGZ,02,20130913,4
IRN,KGZ,04,20060819,16
JOR,KGZ,04,20130911,2
JPN,KGZ,04,20131207,3
KAZ,KGZ,07,20110530,1
KAZ,KGZ,04,20131213,3
KAZ,KGZ,08,20100818,8
KAZ,KGZ,01,20000121,7
KGZ,KGZ,17,20090924,2
KGZ,KGZ,03,20090731,1
KGZ,KGZ,18,20070416,1
KGZ,KGZ,19,20100421,3
KGZ,KGZ,04,20011112,2
KGZ,KGZ,17,20050618,5
KGZ,KGZ,17,20061211,2
KGZ,KGZ,04,20080701,4
KGZ,KGZ,04,20100421,3
KGZ,KGZ,19,20150116,6
KGZ,KGZ,05,20110826,4
KGZ,KGZ,19,20041020,3
KGZ,KGZ,01,20120731,2
KGZ,KGZ,01,20010403,8
KGZ,KGZ,07,20100421,20
KGZ,KGZ,01,20120220,1
KGZ,KGZ,04,20030717,4
KGZ,KGZ,11,20080124,5
KGZ,KGZ,02,20011207,3
KGZ,KGZ,01,20140814,3
KGZ,KGZ,02,20040826,2
KGZ,KGZ,04,20070425,12
KGZ,KGZ,02,20121211,10
KGZ,KGZ,05,20140110,2
KGZ,KGZ,05,20080129,2
LKA,KGZ,14,20091023,5
PAK,KGZ,04,20111018,2
PAK,KGZ,05,20140218,1
PAK,KGZ,05,20110417,8
QAT,KGZ,04,20120319,6
RUS,KGZ,07,20100613,9
RUS,KGZ,04,20080812,4
RUS,KGZ,06,20000129,16
RUS,KGZ,05,20001130,8
RUS,KGZ,17,20121010,2
RUS,KGZ,05,20110105,7
RUS,KGZ,02,20080911,7
RUS,KGZ,04,20141229,2
RUS,KGZ,05,20120530,1
RUS,KGZ,02,20020909,2
RUS,KGZ,03,20130711,18
RUS,KGZ,05,20120413,12
RUS,KGZ,13,20100420,3
RUS,KGZ,04,20051004,3
RUS,KGZ,05,20050403,4
RUS,KGZ,15,20030428,1
RUS,KGZ,04,20110603,8
RUS,KGZ,14,20100427,7
RUS,KGZ,04,20130830,18
RUS,KGZ,01,20140417,4
RUS,KGZ,10,20090208,2
RUS,KGZ,16,20120424,6
RUS,KGZ,04,20030322,5
RUS,KGZ,05,20080625,16
RUS,KGZ,06,20061107,1
RUS,KGZ,02,20130728,8
RUS,KGZ,01,20100617,3
RUS,KGZ,04,20120719,3
THA,KGZ,01,20120614,9
TJK,KGZ,17,20100709,2
TJK,KGZ,02,20090331,1
TUR,KGZ,05,20070711,1
TUR,KGZ,05,20030521,2
TUR,KGZ,04,20030815,4
USA,KGZ,03,20130911,8
USA,KGZ,03,20000414,9
USA,KGZ,02,20060810,2
USA,KGZ,19,20101206,2
USA,KGZ,01,20090612,3
USA,KGZ,15,20120614,4
USA,KGZ,04,20020715,8
USA,KGZ,04,20060802,2
UZB,KGZ,06,20050913,2
UZB,KGZ,04,20100817,1
UZB,KGZ,04,20010427,6
UZB,KGZ,05,20100608,1
UZB,KGZ,18,20101214,3
UZB,KGZ,03,20110706,1
UZB,KGZ,19,20100614,9
AUS,KHM,07,20061013,9
AUS,KHM,04,20141020,4
AUS,KHM,01,20141118,5
AUS,KHM,03,20120716,6
BGD,KHM,04,20140516,6
CHN,KHM,04,20120404,36
CHN,KHM,03,20110221,2
CHN,KHM,13,20130722,1
CHN,KHM,04,20150106,2
CHN,KHM,11,20080718,3
FRA,KHM,11,20130816,1
FRA,KHM,04,20140228,2
FRA,KHM,03,20100611,2
FRA,KHM,18,20031027,2
FRA,KHM,02,20110703,10
FRA,KHM,01,20150201,2
HUN,KHM,04,20131210,3
IDN,KHM,05,20091023,36
IDN,KHM,04,20020429,9
IDN,KHM,04,20110407,1
IND,KHM,05,20100918,14
IRN,KHM,13,20141128,4
ISR,KHM,04,20130816,16
ISR,KHM,04,20121120,18
ITA,KHM,04,20141022,1
JPN,KHM,01,20090226,6
KHM,KHM,05,20130719,18
KHM,KHM,05,20140107,4
KHM,KHM,07,20120105,2
KHM,KHM,04,20130702,2
KHM,KHM,02,20120823,4
KHM,KHM,08,20080715,1
KHM,KHM,12,20090624,9
KHM,KHM,03,20110325,1
KHM,KHM,07,20101015,2
KHM,KHM,03,20050817,2
KHM,KHM,04,20030726,1
KHM,KHM,04,20140617,11
KHM,KHM,04,20110327,72
KHM,KHM,02,20081202,1
KHM,KHM,04,20141022,7
KHM,KHM,01,20130804,1
KHM,KHM,06,20131117,20
KHM,KHM,04,20120514,10
KHM,KHM,02,20070531,4
KHM,KHM,11,20051118,9
KHM,KHM,13,20130923,1
KHM,KHM,10,20050328,1
KHM,KHM,06,20100211,2
KHM,KHM,17,20070127,1
KHM,KHM,05,20131221,8
KHM,KHM,11,20120930,2
KHM,KHM,04,20130806,14
KHM,KHM,03,20131112,4
KHM,KHM,01,20051019,6
KHM,KHM,16,20030211,9
KHM,KHM,02,20140911,2
KHM,KHM,09,20130807,1
KHM,KHM,04,20100205,2
KHM,KHM,14,20131219,7
KHM,KHM,02,20020201,4
KHM,KHM,01,20121203,1
KHM,KHM,04,20010928,2
KHM,KHM,01,20100805,7
KOR,KHM,04,20141028,3
LAO,KHM,05,20110616,8
LAO,KHM,03,20090311,3
LAO,KHM,04,20100426,2
LAO,KHM,04,20060901,2
MMR,KHM,04,20010824,3
MMR,KHM,05,20030728,5
MMR,KHM,04,20121213,8
MYS,KHM,04,20001023,1
NGA,KHM,08,20141018,2
NLD,KHM,01,20090429,1
NZL,KHM,04,20121108,8
PER,KHM,03,20090225,1
PHL,KHM,05,20111023,5
PRK,KHM,03,20071016,9
PRK,KHM,01,20121020,2
PRK,KHM,04,20021219,2
PRK,KHM,04,20040521,2
RUS,KHM,06,20120514,2
SEA,KHM,04,20010504,9
SEA,KHM,04,20131109,4
SEA,KHM,03,20010919,18
SGP,KHM,04,20120208,2
SYR,KHM,03,20140524,6
THA,KHM,05,20110219,5
THA,KHM,04,20101110,6
THA,KHM,02,20100814,6
THA,KHM,03,20141224,2
THA,KHM,02,20110214,36
THA,KHM,19,20140522,3
THA,KHM,19,20110210,10
THA,KHM,17,20140613,4
THA,KHM,04,20100708,1
THA,KHM,03,20091110,9
THA,KHM,13,20140617,2
THA,KHM,04,20110725,4
THA,KHM,19,20110421,16
THA,KHM,19,20110502,1
THA,KHM,04,20140704,6
THA,KHM,03,20110428,1
THA,KHM,15,20080511,30
THA,KHM,16,20030129,13
THA,KHM,04,20110323,1
THA,KHM,17,20021206,1
THA,KHM,03,20010814,5
THA,KHM,04,20121217,1
THA,KHM,01,20110425,8
THA,KHM,02,20081016,1
THA,KHM,12,20110501,2
THA,KHM,17,20020717,2
THA,KHM,08,20110722,9
THA,KHM,09,20110210,8
THA,KHM,17,20140319,1
THA,KHM,11,20100914,1
THA,KHM,11,20110609,6
USA,KHM,05,20130918,1
USA,KHM,04,20121124,6
USA,KHM,02,20100624,4
USA,KHM,04,20061229,10
USA,KHM,01,20131215,6
USA,KHM,04,20140529,20
USA,KHM,02,20140211,8
USA,KHM,04,20070919,5
USA,KHM,07,20130724,10
USA,KHM,17,20130918,3
USA,KHM,01,20110426,55
USA,KHM,11,20150212,6
VNM,KHM,16,20131205,2
VNM,KHM,04,20140415,6
VNM,KHM,07,20020415,5
VNM,KHM,04,20011025,16
VNM,KHM,04,20080508,9
VNM,KHM,05,20060622,9
VNM,KHM,06,20110425,9
VNM,KHM,04,20131031,8
VNM,KHM,04,20100726,5
VNM,KHM,02,20010425,1
VNM,KHM,10,20000413,2
VNM,KHM,08,20000114,6
ZAF,KHM,04,20081204,2
AUS,KIR,08,20140618,6
FRA,KIR,04,20120325,18
IDN,KIR,05,20010523,5
KIR,KIR,01,20130918,5
MHL,KIR,04,20060328,2
NZL,KIR,03,20110830,4
SLB,KIR,04,20111101,6
BRB,KNA,04,20111215,1
CAN,KNA,05,20111206,16
EST,KNA,04,20070521,3
GBR,KNA,01,20120206,2
GBR,KNA,01,20120603,9
GBR,KNA,03,20110304,44
GBR,KNA,05,20070408,14
GBR,KNA,01,20120629,6
GBR,KNA,05,20090126,7
JAM,KNA,16,20040316,9
PNG,KNA,10,20120204,6
USA,KNA,04,20071207,3
USA,KNA,03,20100808,5
AFG,KOR,03,20070722,2
AFG,KOR,18,20070811,10
AFR,KOR,05,20110407,1
ARE,KOR,06,20080129,9
ARE,KOR,01,20110803,2
AUS,KOR,05,20141115,6
AUS,KOR,12,20150101,6
AUS,KOR,04,20000217,3
AUS,KOR,05,20120125,20
AUS,KOR,05,20000703,5
AUS,KOR,19,20000308,1
AUS,KOR,04,20090527,1
BEL,KOR,04,20070917,9
BOL,KOR,04,20130524,6
BRA,KOR,02,20050524,2
BRA,KOR,04,20131216,1
BRA,KOR,04,20050525,2
CAN,KOR,07,20130923,16
CAN,KOR,05,20091210,5
CAN,KOR,04,20091109,7
CAN,KOR,04,20140311,4
CHE,KOR,07,20131105,3
CHE,KOR,04,20090130,9
CHL,KOR,06,20120527,20
CHL,KOR,05,20110524,8
CHL,KOR,04,20041116,9
CHN,KOR,06,20091231,6
CHN,KOR,10,20131208,16
CHN,KOR,04,20090213,12
CHN,KOR,03,20070712,9
CHN,KOR,07,20091230,4
CHN,KOR,04,20071211,7
CHN,KOR,03,20091216,12
CHN,KOR,03,20130404,4
CHN,KOR,13,20100805,9
CHN,KOR,04,20030710,20
CHN,KOR,03,20090217,4
CHN,KOR,04,20150131,8
CHN,KOR,03,20130130,2
CHN,KOR,04,20120521,3
CHN,KOR,04,20130709,2
CHN,KOR,03,20110607,4
CHN,KOR,18,20140807,6
CHN,KOR,06,20100216,2
CHN,KOR,04,20131220,10
CHN,KOR,04,20110602,1
CHN,KOR,02,20120108,5
CHN,KOR,04,20070618,6
CHN,KOR,04,20131016,128
CHN,KOR,01,20090823,1
CHN,KOR,07,20091228,1
CHN,KOR,04,20061003,2
CHN,KOR,04,20070823,8
CHN,KOR,04,20070131,7
CHN,KOR,04,20081003,4
CHN,KOR,04,20050214,2
CHN,KOR,03,20070302,8
CHN,KOR,01,20110904,9
CHN,KOR,11,20150131,14
CHN,KOR,17,20030127,2
CHN,KOR,04,20100203,2
CHN,KOR,04,20150107,4
CHN,KOR,05,20140521,8
CHN,KOR,04,20150202,4
CHN,KOR,03,20001127,2
CHN,KOR,05,20080826,4
CHN,KOR,03,20110103,36
CHN,KOR,04,20100503,16
CHN,KOR,11,20140827,10
CHN,KOR,03,20110119,8
CHN,KOR,03,20030623,5
CHN,KOR,09,20100623,1
CHN,KOR,10,20100811,20
CHN,KOR,04,20140725,1
CHN,KOR,04,20100527,8
CHN,KOR,02,20140131,18
CHN,KOR,04,20120518,58
CHN,KOR,05,20110424,5
CHN,KOR,01,20001031,4
CHN,KOR,02,20121030,6
CHN,KOR,12,20060816,1
COL,KOR,03,20111008,25
CZE,KOR,04,20110426,10
DEU,KOR,03,20080418,9
DEU,KOR,17,20120209,10
DEU,KOR,02,20090210,2
DEU,KOR,02,20120524,6
DEU,KOR,14,20030321,3
DEU,KOR,12,20120130,9
DNK,KOR,04,20130409,3
DZA,KOR,04,20031207,1
EGY,KOR,04,20060309,3
EUR,KOR,03,20001016,3
EUR,KOR,06,20110802,5
EUR,KOR,06,20111009,18
EUR,KOR,04,20001201,1
FIN,KOR,03,20090713,9
FRA,KOR,01,20100214,5
FRA,KOR,14,20110415,2
FRA,KOR,01,20140113,6
FRA,KOR,02,20140317,8
FRA,KOR,05,20101011,2
FRA,KOR,12,20090112,1
FRA,KOR,11,20140612,2
FRA,KOR,04,20110816,1
FRA,KOR,03,20110225,10
FSM,KOR,04,20140808,8
GAB,KOR,05,20101028,3
GBR,KOR,04,20101110,25
GBR,KOR,03,20101112,7
GBR,KOR,01,20110430,3
GBR,KOR,04,20120728,2
GHA,KOR,13,20100523,4
GHA,KOR,04,20091210,8
GTM,KOR,04,20110114,3
HND,KOR,07,20080415,1
HTI,KOR,04,20140721,1
IDN,KOR,04,20130513,2
IDN,KOR,04,20061128,4
IDN,KOR,04,20110808,6
IDN,KOR,04,20110220,4
IND,KOR,06,20090821,6
IRN,KOR,11,20020212,1
IRN,KOR,04,20010204,2
IRN,KOR,07,20130127,1
IRN,KOR,04,20130624,3
IRN,KOR,04,20070423,15
IRQ,KOR,19,20031201,27
IRQ,KOR,05,20101229,2
ISR,KOR,04,20120324,9
ISR,KOR,04,20120313,10
JOR,KOR,04,20100128,5
JPN,KOR,04,20120831,204
JPN,KOR,04,20081102,22
JPN,KOR,07,20101026,3
JPN,KOR,03,20010314,7
JPN,KOR,05,20061210,21
JPN,KOR,04,20110420,7
JPN,KOR,07,20030301,4
JPN,KOR,06,20100212,3
JPN,KOR,03,20060820,2
JPN,KOR,04,20071022,1
JPN,KOR,06,20030206,3
JPN,KOR,04,20130711,6
JPN,KOR,03,20141112,6
JPN,KOR,04,20040117,1
JPN,KOR,12,20120725,2
JPN,KOR,04,20050505,10
JPN,KOR,03,20130628,26
JPN,KOR,04,20110415,3
JPN,KOR,04,20030108,4
JPN,KOR,01,20110902,10
JPN,KOR,13,20120821,8
JPN,KOR,04,20140721,8
JPN,KOR,15,20120419,24
JPN,KOR,11,20141002,5
JPN,KOR,15,20110824,5
JPN,KOR,11,20150101,2
JPN,KOR,01,20140312,6
JPN,KOR,04,20061130,1
JPN,KOR,01,20120814,1
JPN,KOR,03,20140405,34
JPN,KOR,04,20070114,1
JPN,KOR,04,20141014,6
JPN,KOR,04,20110901,2
JPN,KOR,11,20010329,2
JPN,KOR,04,20030828,1
JPN,KOR,03,20110727,5
JPN,KOR,03,20091124,6
JPN,KOR,05,20050603,6
JPN,KOR,04,20100123,8
JPN,KOR,03,20140905,10
JPN,KOR,03,20100212,21
JPN,KOR,04,20090406,6
JPN,KOR,03,20141125,14
JPN,KOR,03,20090611,23
JPN,KOR,04,20021008,6
JPN,KOR,19,20140521,2
JPN,KOR,02,20051212,8
JPN,KOR,04,20091010,7
JPN,KOR,01,20001204,1
JPN,KOR,03,20060117,12
JPN,KOR,12,20140405,3
JPN,KOR,04,20010729,1
JPN,KOR,04,20130425,8
JPN,KOR,04,20020323,6
JPN,KOR,01,20050225,2
JPN,KOR,11,20101125,3
JPN,KOR,11,20060203,8
JPN,KOR,05,20040114,1
KAZ,KOR,04,20110419,2
KAZ,KOR,04,20060917,1
KHM,KOR,18,20081107,7
KHM,KOR,17,20060315,9
KOR,KOR,04,20000411,27
KOR,KOR,05,20101220,5
KOR,KOR,01,20130905,24
KOR,KOR,02,20150114,60
KOR,KOR,08,20080822,2
KOR,KOR,17,20131108,4
KOR,KOR,02,20091206,9
KOR,KOR,03,20060710,6
KOR,KOR,03,20011014,16
KOR,KOR,11,20130324,20
KOR,KOR,03,20090304,1
KOR,KOR,04,20100928,4
KOR,KOR,19,20140623,3
KOR,KOR,01,20080405,2
KOR,KOR,03,20040206,9
KOR,KOR,05,20050620,4
KOR,KOR,03,20140825,11
KOR,KOR,17,20050613,5
KOR,KOR,01,20130326,25
KOR,KOR,08,20130626,4
KOR,KOR,05,20030503,2
KOR,KOR,05,20100530,2
KOR,KOR,01,20140402,6
KOR,KOR,04,20100526,8
KOR,KOR,01,20031023,5
KOR,KOR,11,20100808,48
KOR,KOR,03,20120814,1
KOR,KOR,15,20111214,15
KOR,KOR,03,20030220,5
KOR,KOR,06,20030811,1
KOR,KOR,01,20081002,11
KOR,KOR,04,20030218,4
KOR,KOR,12,20130210,8
KOR,KOR,04,20010227,4
KOR,KOR,04,20141023,4
KOR,KOR,11,20091218,4
KOR,KOR,17,20080607,7
KOR,KOR,04,20061105,4
KOR,KOR,01,20140616,2
KOR,KOR,04,20090526,6
KOR,KOR,04,20030721,3
KOR,KOR,09,20110905,10
KOR,KOR,17,20120703,4
KOR,KOR,04,20110103,1
KOR,KOR,01,20061216,20
KOR,KOR,02,20120322,10
KOR,KOR,07,20131220,12
KOR,KOR,02,20000621,2
KOR,KOR,18,20110519,2
KOR,KOR,13,20071206,3
KOR,KOR,19,20041109,2
KOR,KOR,01,20030120,7
KOR,KOR,11,20001003,4
KOR,KOR,04,20100115,7
KOR,KOR,01,20111019,5
KOR,KOR,17,20031214,2
KOR,KOR,01,20020814,2
KOR,KOR,19,20090818,1
KOR,KOR,17,20080220,9
KOR,KOR,08,20071205,1
KOR,KOR,01,20040506,20
KOR,KOR,02,20150115,276
KOR,KOR,01,20071002,3
KOR,KOR,04,20070711,4
KOR,KOR,11,20111004,8
KOR,KOR,04,20010118,3
KOR,KOR,13,20130106,2
KOR,KOR,01,20040422,8
KOR,KOR,01,20110622,11
KOR,KOR,02,20080303,2
KOR,KOR,12,20020821,4
KOR,KOR,03,20050506,2
KOR,KOR,04,20040830,9
KOR,KOR,03,20121214,6
KWT,KOR,06,20120828,12
KWT,KOR,02,20070118,1
LBR,KOR,05,20130128,2
LTU,KOR,03,20110708,2
MEX,KOR,17,20130108,2
MMR,KOR,04,20120309,3
MMR,KOR,04,20120206,1
MMR,KOR,05,20120201,7
MNG,KOR,04,20140424,1
MYS,KOR,04,20130215,1
MYS,KOR,04,20140425,4
MYS,KOR,03,20130912,2
NGA,KOR,17,20060611,5
NZL,KOR,01,20120705,1
PAN,KOR,05,20111022,7
PER,KOR,04,20120612,15
PER,KOR,04,20131219,6
PHL,KOR,03,20040108,5
PHL,KOR,04,20020911,5
PHL,KOR,07,20070330,2
PHL,KOR,05,20070309,2
PHL,KOR,14,20120322,1
PHL,KOR,18,20111205,4
POL,KOR,03,20041204,4
PRK,KOR,02,20141102,10
PRK,KOR,12,20000821,9
PRK,KOR,04,20071001,6
PRK,KOR,02,20130704,8
PRK,KOR,05,20000913,2
PRK,KOR,02,20010514,9
PRK,KOR,05,20101221,6
PRK,KOR,01,20010613,4
PRK,KOR,18,20100720,4
PRK,KOR,04,20021215,12
PRK,KOR,03,20130710,4
PRK,KOR,04,20111225,17
PRK,KOR,15,20040923,7
PRK,KOR,11,20130318,2
PRK,KOR,04,20000530,2
PRK,KOR,03,20131230,8
PRK,KOR,15,20140228,10
PRK,KOR,04,20030803,6
PRK,KOR,06,20010517,16
PRK,KOR,03,20010225,4
PRK,KOR,04,20100121,3
PRK,KOR,08,20150119,1
PRK,KOR,04,20000402,4
PRK,KOR,04,20011029,2
PRK,KOR,09,20140511,40
PRK,KOR,16,20111231,21
PRK,KOR,09,20100107,5
PRK,KOR,03,20061019,5
PRK,KOR,01,20010908,7
PRK,KOR,19,20140522,1
PRK,KOR,10,20120531,4
PRK,KOR,19,20020707,2
PRK,KOR,04,20110206,25
PRK,KOR,02,20130706,16
PRK,KOR,19,20140409,1
PRK,KOR,19,20110722,1
PRK,KOR,01,20090814,4
PRK,KOR,04,20101113,40
PRK,KOR,05,20111222,28
PRK,KOR,19,20120615,1
PRK,KOR,19,20090203,2
PRK,KOR,01,20030821,9
PRK,KOR,05,20131107,8
PRK,KOR,01,20141202,2
PRK,KOR,11,20130715,3
PRK,KOR,04,20120214,5
PRK,KOR,18,20070422,9
PRK,KOR,04,20140325,38
PRK,KOR,02,20090810,2
PRK,KOR,12,20130409,3
PRK,KOR,02,20141004,30
PRK,KOR,04,20070215,5
PRK,KOR,11,20140528,24
PRK,KOR,11,20130930,8
PRK,KOR,19,20140331,17
PRK,KOR,01,20000411,2
PRK,KOR,05,20021111,1
PRK,KOR,15,20150210,2
PRK,KOR,01,20030129,3
PRK,KOR,02,20100927,2
PRK,KOR,07,20100822,2
PRK,KOR,02,20110411,3
PRK,KOR,15,20140803,5
PRK,KOR,17,20101210,3
PRK,KOR,01,20090118,9
PRK,KOR,15,20101123,7
PRK,KOR,19,20020702,18
PRK,KOR,02,20140901,1
PRK,KOR,02,20091015,27
PRK,KOR,01,20100729,30
PRK,KOR,02,20111219,4
PRK,KOR,15,20101127,14
PRK,KOR,13,20140306,96
PRK,KOR,11,20120321,24
PRK,KOR,03,20000713,2
PRK,KOR,02,20101122,6
PRK,KOR,12,20130112,2
PRK,KOR,04,20011126,6
PRK,KOR,06,20070528,4
PRK,KOR,06,20140213,95
PRK,KOR,01,20111227,1
PRK,KOR,03,20080716,1
PRK,KOR,11,20021120,5
PRK,KOR,02,20100127,2
PRK,KOR,19,20090526,40
PRK,KOR,19,20091110,33
PRK,KOR,04,20140220,4
PRK,KOR,12,20090211,8
PRK,KOR,04,20130107,84
PRK,KOR,04,20080714,12
PRK,KOR,03,20000914,23
PRK,KOR,11,20090221,9
PRK,KOR,13,20080416,4
PRK,KOR,13,20100824,16
PRK,KOR,08,20101212,9
PRK,KOR,02,20080204,5
PRK,KOR,19,20101029,3
PRK,KOR,19,20111027,2
PRK,KOR,09,20100113,10
QAT,KOR,04,20060522,3
QAT,KOR,04,20140421,2
RUS,KOR,03,20110709,8
RUS,KOR,04,20101113,2
RUS,KOR,03,20110122,2
RUS,KOR,02,20090402,6
RUS,KOR,04,20101122,36
RUS,KOR,11,20070901,6
RUS,KOR,04,20090917,4
RUS,KOR,05,20010908,3
RUS,KOR,04,20071215,4
RUS,KOR,04,20041023,14
RUS,KOR,04,20021201,1
RUS,KOR,04,20000628,7
RUS,KOR,04,20131029,12
RUS,KOR,04,20110520,3
RUS,KOR,04,20031028,1
RUS,KOR,02,20050215,5
SEA,KOR,05,20001127,8
SGP,KOR,03,20060410,3
SGP,KOR,04,20010212,3
SOM,KOR,19,20090414,4
SOM,KOR,17,20110123,4
SWE,KOR,04,20140410,2
THA,KOR,03,20090818,10
TKM,KOR,04,20140423,5
TUR,KOR,05,20120222,12
TUR,KOR,19,20090406,3
USA,KOR,09,20090531,3
USA,KOR,05,20120206,4
USA,KOR,04,20130917,4
USA,KOR,08,20090101,1
USA,KOR,04,20120121,2
USA,KOR,03,20110330,8
USA,KOR,19,20140413,10
USA,KOR,19,20010810,4
USA,KOR,04,20090518,7
USA,KOR,05,20080718,10
USA,KOR,19,20101125,9
USA,KOR,13,20130308,2
USA,KOR,04,20110221,18
USA,KOR,04,20111029,1
USA,KOR,11,20030520,6
USA,KOR,09,20120610,1
USA,KOR,19,20140320,10
USA,KOR,03,20111117,304
USA,KOR,07,20110820,17
USA,KOR,17,20120828,40
USA,KOR,03,20070129,1
USA,KOR,12,20080603,12
USA,KOR,03,20120221,6
USA,KOR,01,20131203,1
USA,KOR,03,20100908,18
USA,KOR,11,20080424,16
USA,KOR,04,20090824,1
USA,KOR,03,20140429,2
USA,KOR,03,20110703,2
USA,KOR,04,20100502,2
USA,KOR,02,20131226,2
USA,KOR,04,20051205,8
USA,KOR,05,20140422,104
USA,KOR,18,20000223,3
USA,KOR,03,20100108,1
USA,KOR,05,20120207,4
USA,KOR,03,20120214,24
USA,KOR,03,20090404,7
USA,KOR,04,20090801,6
USA,KOR,06,20090830,2
USA,KOR,11,20141114,10
USA,KOR,01,20130117,10
USA,KOR,11,20050528,9
USA,KOR,04,20090621,11
USA,KOR,04,20000327,1
USA,KOR,04,20130909,11
USA,KOR,04,20120714,5
USA,KOR,04,20000114,7
USA,KOR,05,20140526,10
USA,KOR,17,20080706,3
USA,KOR,04,20100818,4
USA,KOR,11,20101207,3
USA,KOR,07,20091227,18
USA,KOR,17,20131025,20
USA,KOR,03,20010711,5
USA,KOR,04,20120405,5
USA,KOR,09,20140429,1
USA,KOR,04,20111230,20
USA,KOR,17,20101110,2
USA,KOR,08,20031201,4
USA,KOR,04,20110621,20
USA,KOR,05,20041026,8
USA,KOR,04,20010813,1
USA,KOR,03,20100924,4
USA,KOR,12,20101123,6
USA,KOR,01,20090405,21
USA,KOR,12,20010514,4
USA,KOR,06,20101207,4
USA,KOR,08,20140221,5
USA,KOR,07,20090807,14
USA,KOR,05,20110406,20
USA,KOR,04,20080207,1
USA,KOR,11,20130315,2
USA,KOR,09,20131008,25
USA,KOR,02,20130618,18
USA,KOR,11,20080201,9
USA,KOR,04,20140523,4
USA,KOR,03,20101028,1
USA,KOR,03,20030416,14
USA,KOR,03,20101121,198
USA,KOR,07,20141216,2
USA,KOR,01,20141025,8
USA,KOR,04,20010508,6
USA,KOR,01,20110816,1
USA,KOR,08,20070724,1
USA,KOR,02,20040708,3
USA,KOR,01,20110104,6
USA,KOR,06,20120914,4
USA,KOR,12,20091001,1
USA,KOR,08,20140801,1
USA,KOR,15,20030513,5
USA,KOR,04,20030930,3
USA,KOR,01,20060711,1
USA,KOR,01,20030906,6
USA,KOR,04,20050223,3
UZB,KOR,04,20010823,6
VAT,KOR,04,20140831,2
VNM,KOR,01,20020420,1
VNM,KOR,05,20101221,1
YEM,KOR,02,20150217,10
AFR,KWT,03,20140519,10
ARE,KWT,05,20040427,1
ARE,KWT,04,20131125,8
ARE,KWT,04,20010205,6
ARE,KWT,12,20091201,21
ARE,KWT,04,20030825,9
ARE,KWT,04,20030111,1
ARE,KWT,04,20070427,8
ARM,KWT,04,20121120,10
AUS,KWT,19,20050628,5
AUS,KWT,04,20060618,5
AUT,KWT,04,20140920,12
AZE,KWT,05,20101113,2
BEL,KWT,03,20140113,3
BEL,KWT,01,20100529,4
BHR,KWT,05,20090603,4
BHR,KWT,04,20141016,2
CHN,KWT,04,20130301,1
DEU,KWT,04,20051207,4
DZA,KWT,03,20000805,2
EGY,KWT,12,20030406,1
EGY,KWT,06,20101221,4
ERI,KWT,04,20071124,9
EUR,KWT,05,20141212,4
FRA,KWT,17,20141107,5
GBR,KWT,17,20120203,2
GBR,KWT,06,20020102,6
GHA,KWT,03,20130309,10
GRC,KWT,04,20110304,6
HUN,KWT,04,20140613,2
IDN,KWT,05,20110202,34
IRN,KWT,08,20100430,7
IRN,KWT,14,20110828,2
IRN,KWT,04,20020306,4
IRN,KWT,04,20030307,15
IRN,KWT,05,20140907,10
IRQ,KWT,06,20070727,2
IRQ,KWT,04,20040816,1
IRQ,KWT,17,20030608,2
IRQ,KWT,04,20000219,4
IRQ,KWT,04,20090803,1
IRQ,KWT,17,20140305,4
IRQ,KWT,16,20000726,2
IRQ,KWT,04,20110909,3
IRQ,KWT,11,20120405,12
IRQ,KWT,05,20130714,1
IRQ,KWT,07,20030623,2
IRQ,KWT,04,20100513,6
IRQ,KWT,05,20080907,3
IRQ,KWT,11,20000819,2
IRQ,KWT,04,20110216,7
ISR,KWT,19,20001031,3
ITA,KWT,04,20080303,2
JOR,KWT,05,20120104,1
JOR,KWT,04,20081113,7
JOR,KWT,04,20080212,4
JOR,KWT,04,20010317,4
JOR,KWT,03,20020926,7
JPN,KWT,07,20060718,33
JPN,KWT,05,20131003,8
JPN,KWT,07,20060625,2
KEN,KWT,04,20040801,2
KWT,KWT,01,20110328,33
KWT,KWT,03,20111026,4
KWT,KWT,02,20060921,7
KWT,KWT,04,20121108,2
KWT,KWT,08,20060202,2
KWT,KWT,14,20140303,4
KWT,KWT,04,20120212,6
KWT,KWT,05,20071113,4
KWT,KWT,10,20130702,2
KWT,KWT,01,20121019,2
KWT,KWT,04,20070813,2
KWT,KWT,03,20111005,4
KWT,KWT,12,20131231,6
KWT,KWT,17,20121222,4
KWT,KWT,05,20140324,2
KWT,KWT,05,20121202,2
KWT,KWT,17,20100920,6
KWT,KWT,13,20140315,3
KWT,KWT,12,20110703,4
KWT,KWT,01,20130302,6
LBN,KWT,12,20060411,1
LBN,KWT,04,20090323,1
LBN,KWT,01,20110419,2
LBN,KWT,05,20111125,4
LBR,KWT,04,20150202,2
LBY,KWT,14,20110822,4
LBY,KWT,02,20131115,2
LKA,KWT,04,20110316,2
MAR,KWT,04,20120314,6
MLI,KWT,03,20140730,5
MLI,KWT,15,20120929,10
MNG,KWT,05,20131109,6
MYS,KWT,04,20120110,4
MYS,KWT,01,20090909,27
MYS,KWT,04,20130129,2
MYS,KWT,04,20000813,3
MYS,KWT,03,20130712,2
MYS,KWT,10,20121020,2
MYS,KWT,04,20140113,8
NLD,KWT,01,20140514,1
OMN,KWT,11,20130828,8
OMN,KWT,12,20130828,3
PAK,KWT,18,20110301,2
PAK,KWT,17,20020220,2
PER,KWT,04,20111128,4
PHL,KWT,04,20150115,10
POL,KWT,04,20070422,2
PSE,KWT,07,20100815,1
PSE,KWT,07,20140728,6
QAT,KWT,03,20090112,8
QAT,KWT,04,20141119,2
QAT,KWT,04,20120523,67
QAT,KWT,04,20110310,8
QAT,KWT,17,20120307,1
QAT,KWT,04,20120312,5
QAT,KWT,04,20130724,4
QAT,KWT,04,20140912,36
QAT,KWT,04,20030223,2
QAT,KWT,04,20070730,1
QAT,KWT,04,20110116,2
RUS,KWT,04,20131017,2
SAU,KWT,10,20150209,1
SAU,KWT,03,20130730,6
SAU,KWT,05,20110822,3
SAU,KWT,04,20111218,1
SAU,KWT,05,20141019,2
SAU,KWT,03,20020407,7
SAU,KWT,04,20070923,2
SAU,KWT,05,20000518,2
SAU,KWT,11,20111017,20
SAU,KWT,05,20061202,1
SAU,KWT,04,20111119,1
SAU,KWT,01,20081128,10
SDN,KWT,04,20131025,6
SLE,KWT,11,20080812,3
SYR,KWT,19,20140214,8
THA,KWT,06,20060614,2
USA,KWT,04,20070424,1
USA,KWT,04,20141026,4
USA,KWT,05,20090914,5
USA,KWT,07,20031224,1
USA,KWT,01,20060116,1
USA,KWT,03,20111124,2
USA,KWT,01,20040511,4
USA,KWT,06,20021009,2
USA,KWT,19,20030312,1
VAT,KWT,05,20131026,7
YEM,KWT,03,20110106,2
YEM,KWT,04,20120110,3
ECU,LAM,04,20050610,9
CHN,LAO,06,20001109,2
CHN,LAO,04,20061018,4
CHN,LAO,07,20131127,1
DNK,LAO,08,20061209,4
EUR,LAO,01,20140522,10
GBR,LAO,08,20090507,3
GNQ,LAO,05,20080415,2
IRQ,LAO,08,20090109,10
KHM,LAO,03,20060719,2
KHM,LAO,04,20111208,26
KHM,LAO,04,20130128,6
LAO,LAO,08,20131016,2
MMR,LAO,03,20131210,8
MMR,LAO,03,20131213,4
MMR,LAO,04,20140721,2
MMR,LAO,04,20030621,1
MNG,LAO,04,20020819,11
MYS,LAO,03,20081120,1
PRK,LAO,04,20120520,2
THA,LAO,17,20141109,10
THA,LAO,03,20090715,4
THA,LAO,16,20081002,6
THA,LAO,04,20090325,4
THA,LAO,04,20101015,1
THA,LAO,03,20000523,20
THA,LAO,05,20000706,2
THA,LAO,07,20120404,3
USA,LAO,17,20090402,2
USA,LAO,19,20090611,7
USA,LAO,19,20130915,2
VNM,LAO,04,20130831,8
VNM,LAO,05,20060727,2
VNM,LAO,04,20000327,1
VNM,LAO,04,20010215,1
VNM,LAO,04,20141123,10
VNM,LAO,04,20140209,4
VNM,LAO,03,20100608,3
VNM,LAO,06,20131226,4
AFG,LBN,18,20140313,6
AFG,LBN,19,20071210,4
AFR,LBN,03,20130825,4
ARE,LBN,06,20091204,6
ARE,LBN,04,20120112,2
ARE,LBN,04,20141123,4
ARE,LBN,11,20090511,1
ARG,LBN,01,20051110,1
ARM,LBN,04,20101005,5
ARM,LBN,14,20101125,8
AUS,LBN,04,20120118,1
BGR,LBN,17,20061102,4
BGR,LBN,11,20130224,4
BHR,LBN,04,20120626,3
BHR,LBN,04,20150111,2
BHR,LBN,04,20100825,4
BLR,LBN,04,20010620,9
CAN,LBN,04,20130402,2
CHE,LBN,17,20120307,2
CHE,LBN,13,20120802,10
CHN,LBN,06,20070809,10
CHN,LBN,03,20090216,2
CHN,LBN,04,20090827,5
CYP,LBN,16,20060718,7
CYP,LBN,17,20130729,1
CZE,LBN,03,20060912,2
CZE,LBN,01,20081106,1
DEU,LBN,04,20080214,4
DEU,LBN,04,20080511,4
DEU,LBN,17,20140116,2
DZA,LBN,05,20120226,4
DZA,LBN,09,20051026,1
DZA,LBN,06,20060810,7
EGY,LBN,04,20000209,1
EGY,LBN,04,20000229,3
EGY,LBN,03,20110718,8
EGY,LBN,05,20140730,2
EGY,LBN,03,20080515,2
EGY,LBN,04,20021105,2
EGY,LBN,04,20110208,2
EGY,LBN,04,20060622,2
EGY,LBN,05,20110227,9
EGY,LBN,01,20150122,3
EUR,LBN,05,20111027,13
EUR,LBN,04,20020530,4
EUR,LBN,04,20141022,2
FRA,LBN,01,20070123,2
FRA,LBN,04,20100203,5
FRA,LBN,01,20111013,10
FRA,LBN,04,20011229,1
FRA,LBN,01,20110122,4
FRA,LBN,05,20111114,4
FRA,LBN,05,20100218,1
FRA,LBN,01,20100128,4
GBR,LBN,04,20030610,2
GBR,LBN,04,20090402,7
GBR,LBN,05,20090822,5
GBR,LBN,03,20130829,1
GBR,LBN,06,20141112,2
GBR,LBN,18,20060720,9
HUN,LBN,04,20040316,2
IRL,LBN,15,20000729,13
IRN,LBN,01,20120719,4
IRN,LBN,05,20121015,4
IRN,LBN,04,20021207,2
IRN,LBN,04,20080922,2
IRN,LBN,07,20081124,4
IRN,LBN,09,20101129,2
IRN,LBN,07,20140805,10
IRN,LBN,03,20140614,36
IRN,LBN,04,20080509,6
IRN,LBN,11,20080215,4
IRN,LBN,04,20060825,6
IRN,LBN,07,20070807,4
IRN,LBN,04,20101014,15
IRN,LBN,04,20100809,4
IRN,LBN,04,20140520,1
IRN,LBN,07,20150119,4
IRN,LBN,11,20140222,31
IRN,LBN,11,20060924,2
IRN,LBN,19,20101207,7
IRN,LBN,03,20121110,16
IRN,LBN,05,20061112,4
IRN,LBN,11,20110112,2
IRN,LBN,09,20090511,3
IRN,LBN,04,20011001,7
IRN,LBN,04,20130220,2
IRN,LBN,04,20140928,2
IRQ,LBN,04,20051230,5
IRQ,LBN,08,20120721,3
IRQ,LBN,12,20000224,2
IRQ,LBN,01,20000209,7
IRQ,LBN,04,20130620,6
IRQ,LBN,04,20101017,2
ISR,LBN,01,20060802,8
ISR,LBN,04,20100406,9
ISR,LBN,04,20080712,3
ISR,LBN,19,20100813,1
ISR,LBN,01,20000609,12
ISR,LBN,19,20130828,4
ISR,LBN,04,20071123,1
ISR,LBN,04,20060831,25
ISR,LBN,04,20090512,4
ISR,LBN,19,20110331,2
ISR,LBN,17,20050825,18
ISR,LBN,08,20000505,12
ISR,LBN,09,20140418,3
ISR,LBN,08,20070609,5
ISR,LBN,19,20050111,5
ISR,LBN,19,20071225,1
ISR,LBN,11,20130312,3
ISR,LBN,19,20111204,14
ISR,LBN,13,20100819,7
ISR,LBN,19,20000115,2
ISR,LBN,04,20060828,10
ISR,LBN,17,20001011,3
ISR,LBN,15,20010703,1
ISR,LBN,13,20060819,6
ISR,LBN,11,20110226,1
ISR,LBN,02,20101012,6
ISR,LBN,01,20000528,4
ISR,LBN,19,20040901,3
ISR,LBN,02,20061121,1
ISR,LBN,04,20061023,9
ISR,LBN,05,20141210,2
ISR,LBN,15,20080319,1
ISR,LBN,11,20021205,2
ISR,LBN,01,20061002,5
ISR,LBN,19,20060813,4
ISR,LBN,04,20140423,5
ISR,LBN,17,20071106,8
ISR,LBN,19,20080616,4
ISR,LBN,11,20110417,1
ISR,LBN,04,20070206,10
ISR,LBN,03,20150115,4
ISR,LBN,13,20091027,6
ISR,LBN,20,20060730,5
ISR,LBN,04,20060804,9
ISR,LBN,04,20130830,1
ISR,LBN,01,20100915,15
ISR,LBN,17,20060829,4
ISR,LBN,05,20080714,4
ISR,LBN,19,20060719,39
ISR,LBN,19,20000505,40
ISR,LBN,04,20000922,2
ISR,LBN,19,20061205,8
ITA,LBN,04,20130318,8
ITA,LBN,04,20060831,15
ITA,LBN,02,20060720,4
ITA,LBN,04,20070202,1
ITA,LBN,04,20060715,1
ITA,LBN,01,20131212,4
JOR,LBN,01,20071031,4
JOR,LBN,04,20091221,5
JOR,LBN,14,20121022,4
JOR,LBN,13,20131006,4
JOR,LBN,06,20060804,9
JOR,LBN,05,20080525,4
JOR,LBN,19,20130826,3
JOR,LBN,01,20140410,3
JOR,LBN,05,20100119,8
JOR,LBN,03,20070111,8
JOR,LBN,04,20110607,5
JOR,LBN,01,20070918,2
JOR,LBN,04,20001226,6
KWT,LBN,01,20140131,6
KWT,LBN,04,20130125,2
LAO,LBN,04,20140911,6
LBN,LBN,11,20071005,1
LBN,LBN,04,20060922,2
LBN,LBN,01,20131124,12
LBN,LBN,19,20050906,2
LBN,LBN,10,20010702,5
LBN,LBN,19,20130928,24
LBN,LBN,18,20140115,1
LBN,LBN,03,20140101,8
LBN,LBN,08,20090430,3
LBN,LBN,12,20110608,3
LBN,LBN,01,20120731,2
LBN,LBN,17,20120116,41
LBN,LBN,12,20110618,1
LBN,LBN,13,20050319,2
LBN,LBN,01,20110803,5
LBN,LBN,01,20140906,4
LBN,LBN,12,20140413,2
LBN,LBN,04,20130805,2
LBN,LBN,01,20061122,4
LBN,LBN,02,20080815,1
LBN,LBN,08,20061210,36
LBN,LBN,15,20140131,2
LBN,LBN,01,20141007,8
LBN,LBN,01,20130810,15
LBN,LBN,04,20110405,2
LBN,LBN,09,20050302,2
LBN,LBN,01,20140618,1
LBN,LBN,19,20080127,1
LBN,LBN,01,20060731,2
LBN,LBN,09,20090109,1
LBN,LBN,04,20130522,1
LBN,LBN,02,20060805,5
LBN,LBN,19,20070522,2
LBN,LBN,18,20130803,4
LBN,LBN,02,20020327,1
LBN,LBN,04,20121126,10
LBN,LBN,09,20101008,2
LBN,LBN,19,20100109,6
LBN,LBN,02,20070709,1
LBN,LBN,02,20141215,6
LBN,LBN,02,20111202,2
LBN,LBN,02,20090908,9
LBN,LBN,11,20100915,4
LBN,LBN,03,20100118,2
LBN,LBN,03,20051212,5
LBN,LBN,12,20141020,2
LBN,LBN,10,20131219,3
LBN,LBN,12,20110922,4
LBN,LBN,02,20140714,4
LBN,LBN,01,20141001,2
LBN,LBN,04,20060523,5
LBN,LBN,12,20120722,4
LBN,LBN,01,20010310,1
LBN,LBN,08,20140111,1
LBN,LBN,17,20141023,2
LBN,LBN,19,20140117,6
LBN,LBN,05,20130910,12
LBN,LBN,03,20120525,2
LBN,LBN,05,20141202,7
LBN,LBN,01,20140217,8
LBN,LBN,17,20100812,2
LBN,LBN,19,20130710,4
LBN,LBN,02,20070531,10
LBN,LBN,17,20150215,8
LBN,LBN,07,20100803,30
LBN,LBN,08,20080524,2
LBN,LBN,02,20101209,2
LBN,LBN,02,20091028,22
LBN,LBN,11,20130614,1
LBN,LBN,03,20140308,18
LBN,LBN,08,20120423,3
LBN,LBN,12,20110603,1
LBN,LBN,01,20140316,1
LBN,LBN,10,20071123,2
LBN,LBN,17,20100221,4
LBN,LBN,13,20120827,2
LBN,LBN,01,20070422,1
LBR,LBN,05,20130429,2
LBR,LBN,04,20060831,5
LBR,LBN,04,20150112,5
LBY,LBN,02,20120606,3
LBY,LBN,04,20001120,1
LBY,LBN,04,20070906,4
LBY,LBN,13,20111102,4
LBY,LBN,05,20120211,1
LBY,LBN,19,20120513,16
MAR,LBN,12,20121026,7
MAR,LBN,08,20090223,4
MAR,LBN,01,20001206,4
MAR,LBN,03,20140506,1
MCO,LBN,04,20140418,2
MEA,LBN,05,20060804,4
MEA,LBN,01,20080514,2
MEA,LBN,04,20080223,3
MEA,LBN,04,20000317,7
MEA,LBN,04,20010213,2
MYS,LBN,03,20060903,7
NGA,LBN,18,20061207,4
NGA,LBN,01,20130714,2
NOR,LBN,04,20111023,2
PAK,LBN,04,20060904,2
POL,LBN,11,20100520,2
POL,LBN,11,20141003,3
PSE,LBN,08,20121226,1
PSE,LBN,04,20050807,3
PSE,LBN,05,20140717,1
PSE,LBN,19,20071214,8
PSE,LBN,10,20110222,2
PSE,LBN,02,20120913,12
PSE,LBN,17,20070603,8
PSE,LBN,13,20111013,6
PSE,LBN,04,20020325,2
PSE,LBN,19,20090310,13
PSE,LBN,19,20071116,18
PSE,LBN,04,20090615,2
PSE,LBN,05,20090728,6
PSE,LBN,03,20020326,6
PSE,LBN,04,20090315,11
PSE,LBN,06,20100817,1
PSE,LBN,04,20011231,1
PSE,LBN,04,20040324,1
QAT,LBN,04,20120716,4
QAT,LBN,10,20140708,12
QAT,LBN,04,20080521,7
QAT,LBN,19,20120327,3
QAT,LBN,03,20060904,6
QAT,LBN,03,20090814,2
QAT,LBN,04,20110120,4
QAT,LBN,05,20080701,4
QAT,LBN,04,20080518,1
RUS,LBN,04,20130306,4
RUS,LBN,04,20130116,10
RUS,LBN,19,20060907,9
RUS,LBN,04,20021030,5
RUS,LBN,03,20130122,22
SAU,LBN,04,20020518,8
SAU,LBN,04,20070305,1
SAU,LBN,19,20150106,3
SAU,LBN,19,20000506,4
SAU,LBN,04,20130312,6
SAU,LBN,01,20120704,4
SAU,LBN,04,20061102,7
SAU,LBN,17,20120102,2
SAU,LBN,03,20110116,2
SAU,LBN,04,20080531,1
SAU,LBN,01,20070211,5
SAU,LBN,04,20130220,1
SAU,LBN,04,20140403,1
SAU,LBN,04,20140506,3
SAU,LBN,08,20140514,1
SYR,LBN,06,20131215,6
SYR,LBN,04,20140403,33
SYR,LBN,01,20060501,2
SYR,LBN,13,20140601,8
SYR,LBN,01,20131029,23
SYR,LBN,15,20040921,4
SYR,LBN,05,20100423,6
SYR,LBN,17,20141203,3
SYR,LBN,19,20140706,10
SYR,LBN,18,20120318,125
SYR,LBN,08,20130929,6
SYR,LBN,19,20140911,8
SYR,LBN,11,20131227,26
SYR,LBN,03,20100824,4
SYR,LBN,04,20110324,1
SYR,LBN,09,20000325,1
SYR,LBN,01,20121106,2
SYR,LBN,18,20070423,3
SYR,LBN,12,20130424,5
SYR,LBN,18,20121214,1
SYR,LBN,02,20140911,8
SYR,LBN,07,20060817,7
SYR,LBN,19,20130612,21
SYR,LBN,01,20000117,5
SYR,LBN,11,20070919,36
SYR,LBN,16,20080112,1
SYR,LBN,05,20040229,4
SYR,LBN,08,20130907,1
SYR,LBN,17,20131028,3
SYR,LBN,04,20131127,9
SYR,LBN,03,20050529,9
SYR,LBN,02,20130923,6
SYR,LBN,04,20000218,3
SYR,LBN,12,20130604,1
SYR,LBN,04,20060922,1
SYR,LBN,06,20120927,8
SYR,LBN,11,20080102,3
SYR,LBN,19,20071023,3
SYR,LBN,08,20130410,2
SYR,LBN,19,20050904,6
SYR,LBN,10,20140129,6
SYR,LBN,07,20131008,1
SYR,LBN,12,20041130,7
SYR,LBN,04,20121005,1
SYR,LBN,06,20110520,1
SYR,LBN,04,20131117,1
SYR,LBN,07,20080605,4
SYR,LBN,04,20100125,6
SYR,LBN,17,20100522,25
SYR,LBN,19,20080306,1
SYR,LBN,17,20110809,12
SYR,LBN,06,20051012,8
SYR,LBN,08,20140201,6
SYR,LBN,05,20140328,21
SYR,LBN,08,20111226,2
SYR,LBN,01,20130301,6
SYR,LBN,10,20120108,3
SYR,LBN,01,20041023,5
SYR,LBN,04,20031012,2
SYR,LBN,04,20100422,2
SYR,LBN,02,20130111,2
SYR,LBN,02,20061019,3
SYR,LBN,12,20041129,5
SYR,LBN,02,20001003,6
SYR,LBN,05,20070806,1
SYR,LBN,04,20101210,2
SYR,LBN,19,20120307,42
SYR,LBN,18,20120926,228
SYR,LBN,05,20090318,1
SYR,LBN,05,20060802,8
SYR,LBN,13,20120813,1
SYR,LBN,01,20000407,1
SYR,LBN,19,20130320,10
SYR,LBN,04,20080827,6
SYR,LBN,11,20061109,1
SYR,LBN,04,20030503,4
SYR,LBN,02,20030417,1
SYR,LBN,04,20070407,4
SYR,LBN,11,20000408,18
SYR,LBN,04,20080720,4
SYR,LBN,04,20000127,2
SYR,LBN,18,20070215,5
SYR,LBN,04,20140530,2
SYR,LBN,17,20090624,2
SYR,LBN,08,20120709,2
SYR,LBN,19,20110630,2
SYR,LBN,04,20091220,12
SYR,LBN,12,20010420,1
SYR,LBN,17,20120917,4
SYR,LBN,08,20120604,24
SYR,LBN,04,20010425,7
SYR,LBN,11,20090824,1
SYR,LBN,01,20120713,2
SYR,LBN,19,20031006,5
SYR,LBN,17,20050428,10
SYR,LBN,05,20101003,14
SYR,LBN,12,20080526,9
SYR,LBN,06,20120207,1
SYR,LBN,01,20111107,2
SYR,LBN,19,20141023,4
SYR,LBN,04,20140515,2
SYR,LBN,05,20070402,9
SYR,LBN,19,20140408,2
THA,LBN,17,20110818,8
TUN,LBN,04,20111002,1
TUR,LBN,03,20061128,1
TUR,LBN,04,20110116,4
TUR,LBN,18,20120826,8
TUR,LBN,05,20040513,8
TUR,LBN,01,20131019,30
TUR,LBN,07,20060831,2
TUR,LBN,07,20101102,9
TUR,LBN,02,20101125,5
UKR,LBN,04,20111207,10
USA,LBN,07,20131215,23
USA,LBN,04,20060830,7
USA,LBN,05,20110108,12
USA,LBN,11,20140529,2
USA,LBN,18,20110107,3
USA,LBN,17,20130224,2
USA,LBN,19,20141203,3
USA,LBN,05,20130615,8
USA,LBN,05,20060809,1
USA,LBN,17,20120429,5
USA,LBN,07,20140126,4
USA,LBN,17,20110821,4
USA,LBN,12,20140313,5
USA,LBN,11,20131025,2
USA,LBN,04,20111207,4
USA,LBN,07,20071106,9
USA,LBN,02,20080418,1
USA,LBN,05,20060810,1
USA,LBN,02,20060530,2
USA,LBN,01,20110810,7
USA,LBN,02,20100731,1
USA,LBN,05,20071214,1
USA,LBN,11,20101230,2
USA,LBN,01,20101124,9
USA,LBN,02,20130802,6
USA,LBN,04,20111124,1
USA,LBN,04,20111207,6
USA,LBN,05,20150201,1
USA,LBN,06,20141110,2
USA,LBN,03,20090924,2
USA,LBN,02,20140802,2
USA,LBN,07,20150103,39
USA,LBN,04,20111220,3
USA,LBN,03,20130831,5
USA,LBN,04,20140311,18
USA,LBN,05,20090728,4
USA,LBN,05,20111012,2
USA,LBN,03,20110403,4
USA,LBN,07,20140112,2
USA,LBN,12,20060801,7
USA,LBN,05,20100310,1
USA,LBN,07,20060803,6
USA,LBN,17,20110825,2
VAT,LBN,04,20141224,30
YEM,LBN,01,20130719,5
YEM,LBN,08,20110111,2
YEM,LBN,19,20110811,5
YEM,LBN,02,20110923,2
YEM,LBN,03,20120125,6
AFR,LBR,08,20030721,1
AFR,LBR,05,20141020,6
AFR,LBR,05,20070414,9
AFR,LBR,03,20030512,3
AFR,LBR,17,20120516,12
ARE,LBR,04,20131123,2
BEL,LBR,04,20141007,4
CHN,LBR,02,20080205,3
CHN,LBR,07,20100608,1
CIV,LBR,08,20121019,12
CIV,LBR,03,20110815,2
DEU,LBR,05,20110524,7
EUR,LBR,10,20030825,7
FRA,LBR,04,20001127,9
FSM,LBR,01,20010921,6
GBR,LBR,05,20070507,2
GBR,LBR,04,20140625,3
GIN,LBR,11,20000911,1
GIN,LBR,04,20130706,2
GIN,LBR,06,20141025,4
GIN,LBR,04,20020520,6
JPN,LBR,04,20141203,6
KEN,LBR,03,20090727,14
KEN,LBR,03,20140820,10
KEN,LBR,03,20090806,12
LBN,LBR,17,20071206,4
LBR,LBR,08,20131111,4
LBR,LBR,01,20010618,8
LBR,LBR,04,20020427,5
LBR,LBR,08,20141226,6
LBR,LBR,17,20130805,1
LBR,LBR,02,20111025,3
LBR,LBR,18,20030613,2
LBR,LBR,01,20110516,2
LBR,LBR,04,20150217,20
LBR,LBR,01,20060223,4
LBR,LBR,11,20120109,2
LBR,LBR,02,20140916,10
LBR,LBR,02,20150108,8
LBR,LBR,04,20041202,2
LBR,LBR,11,20020111,2
LBR,LBR,17,20120812,2
MAR,LBR,11,20120305,1
MUS,LBR,05,20090802,1
NGA,LBR,04,20060316,1
NGA,LBR,07,20030815,4
NGA,LBR,01,20030811,3
NGA,LBR,04,20060317,2
NGA,LBR,07,20030728,1
NGA,LBR,02,20030706,1
NPL,LBR,04,20141029,8
NZL,LBR,03,20140829,10
RWA,LBR,04,20080112,2
SLE,LBR,06,20061215,5
SLE,LBR,04,20140904,28
SLE,LBR,04,20140728,12
SLE,LBR,04,20141017,33
SLE,LBR,04,20080401,2
SLE,LBR,11,20010911,8
SLE,LBR,03,20080328,9
SLE,LBR,04,20101223,4
TGO,LBR,01,20071210,5
TZA,LBR,04,20080223,5
USA,LBR,03,20140930,5
USA,LBR,01,20051021,7
USA,LBR,07,20120705,8
USA,LBR,01,20100924,1
USA,LBR,06,20141003,1
USA,LBR,03,20141120,1
USA,LBR,04,20120612,8
USA,LBR,07,20140908,127
USA,LBR,17,20130702,8
USA,LBR,04,20020701,2
USA,LBR,07,20130906,2
USA,LBR,03,20141002,8
USA,LBR,04,20141002,10
USA,LBR,07,20150126,20
USA,LBR,01,20060422,2
USA,LBR,04,20140731,1
USA,LBR,04,20140806,67
USA,LBR,04,20120306,2
USA,LBR,11,20141217,16
USA,LBR,04,20041012,2
USA,LBR,06,20110623,1
USA,LBR,16,20140828,2
WAF,LBR,03,20111102,1
WAF,LBR,03,20051119,4
WAF,LBR,04,20110415,9
WAF,LBR,05,20030606,7
ZAF,LBR,11,20110615,2
AFG,LBY,04,20140111,1
AFG,LBY,04,20140320,3
AFG,LBY,02,20130906,4
AFG,LBY,19,20140613,1
AFG,LBY,19,20110322,2
AFR,LBY,04,20120327,2
AFR,LBY,04,20140808,24
AFR,LBY,03,20030831,7
AFR,LBY,04,20001107,1
AFR,LBY,03,20021009,1
AFR,LBY,04,20090620,4
AFR,LBY,03,20110630,2
AFR,LBY,19,20110328,5
AFR,LBY,11,20120112,6
AFR,LBY,07,20110317,1
ARE,LBY,03,20110629,4
ARE,LBY,17,20140911,6
ARE,LBY,17,20010908,5
AUT,LBY,02,20110630,2
AZE,LBY,04,20100302,8
AZE,LBY,01,20110310,2
BEL,LBY,04,20140927,6
BEL,LBY,16,20110221,2
BGD,LBY,16,20110307,2
BGR,LBY,04,20030423,6
BGR,LBY,17,20010430,1
BGR,LBY,03,20020917,4
BGR,LBY,11,20071215,20
BGR,LBY,01,20031220,1
CAN,LBY,19,20140226,2
CAN,LBY,19,20110323,7
CAN,LBY,13,20110225,2
CAN,LBY,05,20110913,98
CHE,LBY,07,20110617,207
CHE,LBY,05,20100112,4
CHE,LBY,09,20080723,3
CHE,LBY,04,20150124,2
CHN,LBY,16,20110704,9
CHN,LBY,04,20110904,4
CHN,LBY,08,20080717,1
CHN,LBY,04,20120207,4
CHN,LBY,01,20110227,3
CUB,LBY,04,20100629,45
CYP,LBY,19,20140317,2
DEU,LBY,04,20110613,4
DEU,LBY,05,20041016,4
DEU,LBY,16,20130126,4
DEU,LBY,03,20110307,2
DNK,LBY,02,20110811,1
DZA,LBY,02,20110906,2
DZA,LBY,04,20120625,2
DZA,LBY,07,20111207,6
DZA,LBY,04,20110325,2
EGY,LBY,18,20140405,2
EGY,LBY,04,20150217,18
EGY,LBY,17,20141223,10
EGY,LBY,06,20101110,2
EGY,LBY,09,20141015,6
EGY,LBY,01,20150215,7
EGY,LBY,04,20110921,1
EGY,LBY,04,20130329,2
EGY,LBY,06,20150113,3
EGY,LBY,05,20000606,3
EGY,LBY,06,20110613,8
EGY,LBY,11,20120804,2
EGY,LBY,06,20121003,6
EGY,LBY,04,20010327,4
ESP,LBY,11,20110703,2
ESP,LBY,05,20040324,1
EUR,LBY,01,20110315,28
EUR,LBY,05,20110222,9
EUR,LBY,11,20130821,4
EUR,LBY,13,20080711,6
EUR,LBY,04,20140722,30
FIN,LBY,05,20110223,2
FIN,LBY,09,20110331,3
FRA,LBY,07,20071011,8
FRA,LBY,03,20031011,10
FRA,LBY,05,20110505,141
FRA,LBY,03,20110618,10
FRA,LBY,19,20110326,34
FRA,LBY,17,20030813,2
FRA,LBY,03,20070724,5
FRA,LBY,01,20110906,16
FRA,LBY,16,20080712,1
FRA,LBY,04,20110527,5
FRA,LBY,15,20110711,9
FRA,LBY,02,20000830,2
FRA,LBY,02,20111120,34
FRA,LBY,03,20021025,1
FRA,LBY,08,20061219,1
FSM,LBY,04,20140522,10
GBR,LBY,13,20110622,3
GBR,LBY,04,20110918,3
GBR,LBY,17,20110904,5
GBR,LBY,04,20140304,1
GBR,LBY,11,20090822,1
GBR,LBY,02,20120316,3
GBR,LBY,02,20110131,4
GBR,LBY,19,20110503,2
GBR,LBY,19,20040224,3
GBR,LBY,01,20110905,11
GBR,LBY,13,20100824,1
GBR,LBY,03,20120811,2
GBR,LBY,13,20110321,12
GBR,LBY,16,20111218,4
GBR,LBY,10,20020314,2
GBR,LBY,08,20120520,428
GBR,LBY,17,20131221,8
GBR,LBY,01,20140728,4
GBR,LBY,16,20111019,1
GHA,LBY,03,20010619,5
GRC,LBY,04,20110404,1
GRC,LBY,01,20110424,10
IRL,LBY,07,20110422,3
IRL,LBY,17,20140504,12
IRN,LBY,06,20040217,2
IRQ,LBY,17,20111115,6
IRQ,LBY,04,20111006,2
ISR,LBY,11,20120213,2
ISR,LBY,04,20140519,2
ITA,LBY,04,20060822,5
ITA,LBY,02,20110413,3
ITA,LBY,04,20090611,9
ITA,LBY,08,20110831,63
ITA,LBY,11,20110414,42
ITA,LBY,03,20090610,12
ITA,LBY,10,20111023,3
ITA,LBY,02,20100217,6
ITA,LBY,04,20110313,4
ITA,LBY,04,20100830,51
JOR,LBY,17,20140513,36
KAZ,LBY,04,20110822,6
KEN,LBY,06,20080424,3
KEN,LBY,05,20070904,9
KOR,LBY,03,20100706,2
KWT,LBY,04,20030202,8
LBN,LBY,02,20150210,20
LBN,LBY,09,20090706,9
LBN,LBY,11,20120307,9
LBN,LBY,04,20090116,2
LBN,LBY,19,20080110,8
LBN,LBY,06,20140714,12
LBY,LBY,08,20111121,1
LBY,LBY,18,20130614,8
LBY,LBY,11,20070225,6
LBY,LBY,10,20110307,9
LBY,LBY,06,20110823,1
LBY,LBY,17,20131217,1
LBY,LBY,05,20110527,180
LBY,LBY,01,20140208,1
LBY,LBY,01,20110804,4
LBY,LBY,17,20040421,9
LBY,LBY,08,20130604,8
LBY,LBY,19,20140323,3
LBY,LBY,01,20140908,12
LBY,LBY,08,20060824,1
LBY,LBY,12,20110825,3
LBY,LBY,01,20131222,2
LBY,LBY,11,20100921,2
LBY,LBY,01,20120915,10
LBY,LBY,17,20121012,2
LBY,LBY,04,20110830,5
LBY,LBY,13,20110617,8
LBY,LBY,03,20110305,25
LBY,LBY,01,20111026,4
LBY,LBY,04,20080907,18
LBY,LBY,01,20110919,28
LBY,LBY,03,20120303,2
LBY,LBY,07,20110225,7
LBY,LBY,07,20081009,5
LBY,LBY,04,20121111,2
LBY,LBY,19,20111225,4
LBY,LBY,07,20110427,5
LBY,LBY,08,20130916,1
LBY,LBY,12,20110930,2
LBY,LBY,13,20110322,5
LBY,LBY,11,20150205,28
LBY,LBY,12,20150217,2
LBY,LBY,04,20020619,2
LBY,LBY,19,20130110,32
LBY,LBY,02,20140116,1
LBY,LBY,17,20140925,2
LBY,LBY,03,20110712,1
LBY,LBY,18,20150126,1
LBY,LBY,17,20020214,1
LBY,LBY,12,20110316,3
LBY,LBY,03,20120321,12
LBY,LBY,04,20131214,2
LBY,LBY,18,20110729,1
LBY,LBY,16,20030424,6
LBY,LBY,13,20110405,8
LBY,LBY,03,20110816,3
LBY,LBY,04,20090504,9
LBY,LBY,07,20130917,10
LBY,LBY,06,20111210,4
LBY,LBY,05,20110719,13
LKA,LBY,02,20110307,7
MAR,LBY,02,20091123,6
MAR,LBY,05,20120731,2
MEA,LBY,04,20030331,6
MEA,LBY,01,20110414,6
MEA,LBY,05,20111114,4
MEX,LBY,04,20120126,3
MLT,LBY,03,20110404,2
MLT,LBY,06,20010131,2
MRT,LBY,01,20120703,6
NAM,LBY,08,20001229,1
NER,LBY,19,20111119,14
NER,LBY,04,20110906,17
NER,LBY,04,20120505,5
NER,LBY,17,20111003,6
NER,LBY,04,20111020,2
NGA,LBY,17,20000215,2
NIC,LBY,04,20111217,4
NLD,LBY,09,20110228,2
NLD,LBY,08,20111207,1
NOR,LBY,19,20110722,1
PAK,LBY,11,20130329,6
PAK,LBY,11,20080621,12
PAK,LBY,04,20110301,2
PHL,LBY,07,20110821,5
PHL,LBY,16,20110227,5
PRK,LBY,04,20110410,5
PRK,LBY,05,20050610,1
PRT,LBY,04,20120319,1
PRT,LBY,16,20110222,16
PSE,LBY,20,20141226,6
QAT,LBY,02,20120629,6
QAT,LBY,05,20110825,1
QAT,LBY,04,20010208,5
RUS,LBY,04,20080422,5
RUS,LBY,12,20120313,10
RUS,LBY,03,20110227,8
RUS,LBY,02,20120921,13
RUS,LBY,04,20080417,8
RUS,LBY,16,20110227,2
RUS,LBY,06,20080731,1
RUS,LBY,03,20080416,5
SAU,LBY,11,20110318,6
SAU,LBY,02,20050808,1
SAU,LBY,11,20131014,10
SDN,LBY,04,20000309,4
SDN,LBY,17,20080827,2
SDN,LBY,03,20070904,5
SEA,LBY,04,20000618,7
SEA,LBY,05,20000511,5
SOM,LBY,01,20110928,5
SRB,LBY,04,20100902,12
SYR,LBY,11,20130803,2
SYR,LBY,12,20131011,3
SYR,LBY,19,20121202,8
SYR,LBY,19,20140927,8
SYR,LBY,14,20111209,1
TCD,LBY,08,20010208,4
TCD,LBY,19,20111011,1
TUN,LBY,03,20010529,6
TUN,LBY,05,20110503,6
TUN,LBY,04,20130706,12
TUN,LBY,19,20110331,2
TUN,LBY,08,20120102,6
TUN,LBY,05,20130924,10
TUN,LBY,04,20110227,1
TUN,LBY,08,20120523,5
TUN,LBY,07,20110318,42
TUN,LBY,02,20120628,9
TUN,LBY,04,20110301,6
TUN,LBY,17,20141120,20
TUN,LBY,17,20110518,7
TUR,LBY,05,20140313,3
TUR,LBY,04,20100803,1
TUR,LBY,02,20110504,8
TUR,LBY,19,20150107,4
UKR,LBY,16,20110505,1
USA,LBY,11,20040126,4
USA,LBY,04,20110307,6
USA,LBY,14,20130222,2
USA,LBY,04,20130224,20
USA,LBY,12,20080401,2
USA,LBY,11,20121017,20
USA,LBY,18,20121116,2
USA,LBY,19,20110910,15
USA,LBY,04,20140922,4
USA,LBY,01,20140402,3
USA,LBY,12,20140501,10
USA,LBY,05,20081122,16
USA,LBY,09,20131013,2
USA,LBY,01,20130731,20
USA,LBY,11,20130104,8
USA,LBY,19,20090820,1
USA,LBY,11,20030913,2
USA,LBY,07,20090925,2
USA,LBY,19,20000830,1
USA,LBY,09,20140324,2
USA,LBY,04,20110518,8
USA,LBY,19,20140619,3
USA,LBY,01,20111119,2
USA,LBY,19,20141018,10
USA,LBY,01,20131206,6
USA,LBY,19,20090822,3
USA,LBY,04,20121003,8
USA,LBY,11,20140621,32
USA,LBY,08,20110823,4
USA,LBY,09,20110331,6
USA,LBY,12,20121002,10
USA,LBY,09,20110905,12
USA,LBY,07,20110618,7
USA,LBY,17,20130625,2
USA,LBY,01,20110308,141
USA,LBY,04,20121101,1
USA,LBY,19,20110220,6
USA,LBY,14,20110829,9
USA,LBY,19,20110407,2
USA,LBY,09,20110826,1
USA,LBY,04,20110303,9
USA,LBY,18,20131010,4
USA,LBY,08,20110418,1
USA,LBY,04,20130205,4
USA,LBY,11,20120925,5
USA,LBY,08,20110711,27
USA,LBY,01,20120329,10
USA,LBY,02,20121023,1
USA,LBY,03,20100310,9
USA,LBY,11,20130806,2
USA,LBY,07,20110722,24
USA,LBY,17,20111120,2
USA,LBY,04,20110610,2
USA,LBY,02,20140710,3
USA,LBY,04,20140608,2
USA,LBY,10,20110527,1
USA,LBY,08,20110318,63
USA,LBY,13,20130716,2
USA,LBY,13,20131030,5
USA,LBY,03,20090821,5
VEN,LBY,03,20090927,1
VEN,LBY,14,20110824,26
WST,LBY,03,20110709,4
WST,LBY,01,20110326,4
WST,LBY,19,20110801,3
WST,LBY,19,20120503,16
WST,LBY,05,20111102,1
WST,LBY,02,20110622,1
WST,LBY,19,20110514,9
WST,LBY,18,20111228,8
WST,LBY,07,20111114,2
WST,LBY,09,20110609,9
WST,LBY,04,20111031,32
YEM,LBY,01,20120916,8
YEM,LBY,04,20111128,2
YEM,LBY,01,20110301,1
ZAF,LBY,04,20110410,9
ZAF,LBY,03,20110822,2
ZAF,LBY,08,20131206,1
ATG,LCA,04,20040513,2
ATG,LCA,01,20131231,8
FRA,LCA,11,20140108,1
USA,LCA,10,20140520,8
USA,LCA,09,20150101,2
USA,LCA,07,20141202,2
AUT,LIE,04,20100116,2
CHE,LIE,03,20141116,6
DEU,LIE,01,20130918,8
AFG,LKA,17,20140920,5
AFG,LKA,04,20140305,4
ASA,LKA,07,20110417,2
ASA,LKA,03,20140301,2
AUS,LKA,11,20140630,2
AUS,LKA,19,20101108,2
AUS,LKA,02,20130617,22
AUS,LKA,17,20111107,4
AUS,LKA,04,20091023,2
AUS,LKA,04,20120223,4
AUS,LKA,04,20101114,4
AUT,LKA,04,20050304,2
BGD,LKA,05,20110418,5
BHR,LKA,04,20031209,2
BLR,LKA,01,20090616,8
BRA,LKA,04,20141127,12
CAN,LKA,03,20090611,6
CAN,LKA,04,20130227,4
CAN,LKA,11,20110713,1
CAN,LKA,16,20130319,8
CHE,LKA,04,20140324,2
CHN,LKA,01,20141229,6
CHN,LKA,04,20120107,4
CHN,LKA,04,20130325,7
CHN,LKA,08,20101211,1
CUB,LKA,03,20120304,2
CZE,LKA,17,20061109,2
ETH,LKA,04,20030115,2
EUR,LKA,19,20140325,8
EUR,LKA,03,20140630,6
FRA,LKA,03,20030804,5
FRA,LKA,11,20070625,2
GAB,LKA,05,20140616,2
GBR,LKA,02,20140209,2
GBR,LKA,04,20121122,8
GBR,LKA,04,20120206,4
GBR,LKA,02,20080114,2
IDN,LKA,08,20070110,2
IDN,LKA,02,20140805,2
IND,LKA,02,20130227,2
IND,LKA,04,20100116,2
IND,LKA,04,20110920,2
IND,LKA,02,20140624,2
IND,LKA,05,20120812,4
IND,LKA,13,20101101,2
IND,LKA,04,20071122,1
IND,LKA,01,20131107,3
IND,LKA,10,20110521,2
IND,LKA,08,20140115,1
IND,LKA,05,20150216,104
IND,LKA,03,20120731,2
IRN,LKA,04,20081025,1
IRQ,LKA,03,20140104,10
ITA,LKA,14,20101003,5
JOR,LKA,01,20101122,77
JPN,LKA,03,20110823,9
JPN,LKA,07,20090108,6
JPN,LKA,07,20050729,7
JPN,LKA,04,20140901,60
KAZ,LKA,17,20000218,8
KGZ,LKA,04,20120215,1
KHM,LKA,05,20090309,8
KOR,LKA,04,20110117,1
KOR,LKA,03,20140729,2
LKA,LKA,04,20090327,9
LKA,LKA,11,20131015,8
LKA,LKA,03,20130706,8
LKA,LKA,19,20061017,4
LKA,LKA,03,20130905,1
LKA,LKA,02,20050813,5
LKA,LKA,04,20090102,2
LKA,LKA,04,20150124,1
LKA,LKA,19,20080114,9
LKA,LKA,03,20040629,9
LKA,LKA,01,20100127,4
LKA,LKA,04,20080112,3
LKA,LKA,11,20110502,4
LKA,LKA,04,20110106,5
LKA,LKA,03,20140523,1
LKA,LKA,05,20070121,2
LKA,LKA,18,20081228,5
LKA,LKA,05,20120204,7
LKA,LKA,01,20101223,2
LKA,LKA,05,20140312,1
LKA,LKA,14,20140628,10
LKA,LKA,01,20140203,1
LKA,LKA,01,20111003,9
LKA,LKA,11,20100129,6
LKA,LKA,04,20141129,2
LKA,LKA,11,20080310,5
LKA,LKA,18,20140726,12
LKA,LKA,02,20100830,9
LKA,LKA,17,20120127,2
LKA,LKA,02,20130819,18
LKA,LKA,04,20120920,4
LKA,LKA,08,20110106,2
LKA,LKA,08,20120710,4
LKA,LKA,18,20130217,4
LKA,LKA,09,20080107,36
LKA,LKA,08,20110629,5
LKA,LKA,02,20100103,9
LKA,LKA,10,20100802,2
LKA,LKA,07,20101218,4
LKA,LKA,03,20130917,2
LKA,LKA,04,20140405,5
LKA,LKA,08,20111031,3
LKA,LKA,19,20090805,2
LKA,LKA,17,20141101,10
LKA,LKA,04,20140429,8
LKA,LKA,04,20060615,2
LKA,LKA,02,20001225,9
LKA,LKA,17,20141012,2
LKA,LKA,02,20090304,8
LKA,LKA,17,20120412,16
LKA,LKA,01,20140425,10
LKA,LKA,04,20071116,2
LKA,LKA,08,20031203,5
LKA,LKA,05,20120914,2
LKA,LKA,04,20100531,5
LKA,LKA,10,20150212,2
LKA,LKA,09,20061114,5
LKA,LKA,04,20140225,4
LKA,LKA,04,20100430,2
LKA,LKA,04,20031113,1
LKA,LKA,07,20130724,6
LKA,LKA,04,20090529,2
LKA,LKA,19,20080204,18
LKA,LKA,02,20140408,4
LKA,LKA,14,20131226,4
LKA,LKA,02,20140930,2
LKA,LKA,17,20140202,18
LKA,LKA,19,20090510,9
LKA,LKA,06,20080323,8
MMR,LKA,03,20090620,2
MMR,LKA,02,20080604,2
MMR,LKA,06,20080509,5
MMR,LKA,04,20091111,4
NLD,LKA,04,20090930,9
NOR,LKA,05,20020104,1
NZL,LKA,04,20140211,2
NZL,LKA,04,20080414,2
PAK,LKA,04,20020801,3
PAK,LKA,06,20100430,1
PAK,LKA,04,20020724,2
PAK,LKA,04,20141010,10
PAK,LKA,07,20131125,6
PHL,LKA,04,20150114,77
PHL,LKA,04,20150114,126
POL,LKA,04,20120216,9
PRT,LKA,02,20090525,1
QAT,LKA,05,20120319,9
QAT,LKA,04,20120115,6
RUS,LKA,04,20141119,2
RUS,LKA,04,20141125,1
SAS,LKA,04,20041122,8
SAU,LKA,04,20120809,38
SAU,LKA,01,20100209,4
SGP,LKA,01,20070405,8
SWE,LKA,16,20090428,90
SWE,LKA,05,20120404,5
SYC,LKA,05,20140629,8
SYR,LKA,04,20090824,1
THA,LKA,05,20090804,4
TUR,LKA,17,20141122,3
UKR,LKA,05,20100708,6
USA,LKA,04,20100616,10
USA,LKA,05,20070322,6
USA,LKA,04,20000530,4
USA,LKA,08,20090519,18
USA,LKA,01,20111210,9
USA,LKA,13,20121205,2
USA,LKA,04,20150112,2
USA,LKA,04,20110909,9
USA,LKA,04,20000524,6
USA,LKA,17,20150205,42
USA,LKA,04,20070511,8
USA,LKA,02,20140918,20
USA,LKA,05,20031110,1
USA,LKA,05,20131012,3
USA,LKA,05,20120323,4
USA,LKA,17,20091014,9
VNM,LKA,01,20111220,6
VNM,LKA,04,20110102,6
AFR,LSO,02,20140916,4
AFR,LSO,04,20140918,8
DZA,LSO,04,20041003,3
LSO,LSO,04,20141219,4
LSO,LSO,01,20140921,3
LSO,LSO,04,20140902,7
MWI,LSO,04,20150102,4
NAM,LSO,11,20140411,3
TZA,LSO,04,20070324,2
ZAF,LSO,17,20100717,2
ZMB,LSO,03,20120530,9
ZMB,LSO,04,20131023,4
ARM,LTU,01,20111121,2
ARM,LTU,05,20131230,2
ARM,LTU,01,20130227,6
AZE,LTU,03,20130906,10
AZE,LTU,05,20110428,9
BEL,LTU,04,20131219,3
BEL,LTU,01,20030227,2
BEL,LTU,04,20070706,7
BLR,LTU,04,20040224,9
CAN,LTU,02,20080301,2
CHN,LTU,04,20120124,3
CHN,LTU,04,20131029,32
CZE,LTU,04,20021123,1
EST,LTU,03,20061207,9
EST,LTU,04,20080608,3
EST,LTU,04,20000313,1
EST,LTU,03,20080617,2
EUR,LTU,05,20110315,1
EUR,LTU,04,20111206,6
EUR,LTU,07,20140706,10
EUR,LTU,03,20131002,3
EUR,LTU,08,20120229,4
FIN,LTU,03,20111114,2
GBR,LTU,17,20130821,2
HUN,LTU,05,20090928,2
ITA,LTU,01,20150213,10
ITA,LTU,19,20130222,6
ITA,LTU,04,20140921,8
KAZ,LTU,04,20140710,10
KGZ,LTU,12,20110302,2
LTU,LTU,03,20140717,40
LTU,LTU,04,20010112,4
LTU,LTU,04,20100111,5
LTU,LTU,10,20011123,8
LTU,LTU,03,20080306,1
LTU,LTU,11,20150105,2
LTU,LTU,03,20101117,1
LTU,LTU,11,20141214,2
LTU,LTU,02,20130706,1
LTU,LTU,01,20010413,2
LVA,LTU,05,20101207,6
MLT,LTU,12,20120112,9
POL,LTU,03,20090619,6
POL,LTU,04,20071002,3
RUS,LTU,10,20031024,18
RUS,LTU,04,20100311,2
RUS,LTU,05,20070716,7
RUS,LTU,09,20120112,1
RUS,LTU,10,20141221,4
RUS,LTU,05,20130704,8
SVK,LTU,05,20080318,2
SWE,LTU,04,20070515,10
TUR,LTU,04,20141008,2
UKR,LTU,05,20111005,9
UKR,LTU,04,20131126,12
USA,LTU,17,20130814,14
USA,LTU,04,20100108,1
USA,LTU,04,20040126,4
USA,LTU,04,20140309,438
USA,LTU,04,20140320,2
USA,LTU,05,20140428,12
USA,LTU,03,20140320,2
USA,LTU,11,20010925,12
USA,LTU,03,20140604,2
UZB,LTU,17,20121120,4
BEL,LUX,04,20120220,92
BEL,LUX,07,20100119,1
BEL,LUX,05,20101213,6
BGR,LUX,04,20131008,8
CZE,LUX,04,20130123,3
CZE,LUX,06,20110529,8
DNK,LUX,04,20091026,15
EUR,LUX,03,20110713,4
EUR,LUX,03,20010726,13
EUR,LUX,09,20150215,30
EUR,LUX,02,20141021,6
EUR,LUX,11,20140715,16
EUR,LUX,04,20140307,2
FRA,LUX,13,20120426,2
FRA,LUX,17,20061011,1
FRA,LUX,12,20090320,3
GBR,LUX,04,20140608,4
HUN,LUX,04,20110411,6
IRL,LUX,01,20080717,2
ITA,LUX,05,20121012,2
LUX,LUX,02,20070620,9
LUX,LUX,08,20090310,15
LUX,LUX,04,20110602,77
LUX,LUX,04,20100511,7
NLD,LUX,04,20060601,4
NLD,LUX,07,20100902,17
NOR,LUX,05,20050603,1
POL,LUX,05,20031006,2
SWE,LUX,16,20100121,2
USA,LUX,01,20090130,2
AFG,LVA,04,20120503,1
BGR,LVA,05,20020327,4
BRA,LVA,04,20110712,4
DEU,LVA,01,20100617,1
DEU,LVA,04,20000628,7
DEU,LVA,04,20100120,1
ESP,LVA,04,20141107,6
EST,LVA,03,20100910,3
EST,LVA,04,20121114,4
EUR,LVA,03,20131119,8
EUR,LVA,04,20150108,5
GBR,LVA,04,20000106,4
GRC,LVA,06,20141004,8
HRV,LVA,04,20040414,3
HUN,LVA,05,20130625,20
HUN,LVA,09,20131003,44
ISR,LVA,04,20130317,8
LTU,LVA,03,20140820,16
LTU,LVA,03,20020816,2
LTU,LVA,03,20140319,15
LVA,LVA,04,20020916,4
LVA,LVA,04,20011107,2
LVA,LVA,04,20140224,2
LVA,LVA,03,20140516,2
LVA,LVA,01,20120522,2
LVA,LVA,03,20011006,4
NOR,LVA,07,20090415,3
POL,LVA,04,20140422,2
POL,LVA,10,20120602,4
RUS,LVA,04,20010201,5
RUS,LVA,05,20000425,5
RUS,LVA,11,20000218,1
RUS,LVA,06,20010102,2
RUS,LVA,08,20040428,8
RUS,LVA,08,20061007,1
RUS,LVA,03,20110406,1
RUS,LVA,09,20141117,6
SVK,LVA,04,20000204,6
SWE,LVA,03,20140304,4
TKM,LVA,08,20150214,6
USA,LVA,19,20111111,2
USA,LVA,05,20130806,6
USA,LVA,04,20130923,2
UZB,LVA,04,20140602,2
VAT,LVA,05,20140115,2
WST,LVA,03,20061004,5
WST,LVA,03,20061129,6
WST,LVA,11,20100717,3
CHN,MAC,04,20090309,4
CHN,MAC,04,20120430,1
CHN,MAC,03,20020204,6
AFR,MAR,04,20040614,2
AFR,MAR,03,20140118,4
AFR,MAR,06,20140506,6
AFR,MAR,05,20010305,22
ARG,MAR,04,20031006,2
AUS,MAR,05,20100307,2
AUS,MAR,06,20120709,2
AUS,MAR,03,20100510,4
BLR,MAR,04,20110925,3
BRA,MAR,04,20141007,3
CHL,MAR,05,20090704,1
COG,MAR,04,20120306,8
CUB,MAR,19,20061116,1
DZA,MAR,04,20090922,2
DZA,MAR,12,20110729,2
DZA,MAR,11,20080330,8
DZA,MAR,04,20040120,4
DZA,MAR,04,20030512,2
DZA,MAR,02,20031025,3
DZA,MAR,05,20060411,1
DZA,MAR,05,20121021,1
DZA,MAR,04,20040319,2
EGY,MAR,03,20120522,1
ESP,MAR,04,20110509,5
ESP,MAR,04,20140221,2
ESP,MAR,04,20140826,8
ESP,MAR,04,20130911,4
ESP,MAR,04,20140710,10
ESP,MAR,04,20061205,4
ESP,MAR,03,20020718,1
ESP,MAR,11,20101116,9
EUR,MAR,01,20141005,2
EUR,MAR,04,20000927,8
FRA,MAR,01,20071119,1
FRA,MAR,04,20000116,1
FRA,MAR,04,20101013,8
FRA,MAR,02,20090221,2
GBR,MAR,04,20090602,1
GBR,MAR,02,20140924,6
GBR,MAR,01,20130730,20
GBR,MAR,03,20121126,3
GBR,MAR,04,20150103,2
GBR,MAR,04,20060909,3
IDN,MAR,09,20100817,1
IRN,MAR,04,20150125,3
IRQ,MAR,04,20090930,1
ISR,MAR,04,20130402,8
ITA,MAR,17,20030124,6
JOR,MAR,04,20111121,4
JOR,MAR,17,20040308,1
KWT,MAR,04,20010901,3
LBN,MAR,02,20090622,3
LBN,MAR,01,20070709,1
LBY,MAR,14,20110119,8
MAR,MAR,17,20061110,3
MAR,MAR,04,20001017,5
MAR,MAR,04,20020520,4
MAR,MAR,04,20120812,8
MAR,MAR,18,20130913,9
MAR,MAR,01,20030410,16
MAR,MAR,18,20130813,2
MAR,MAR,04,20121031,20
MAR,MAR,03,20060425,2
MAR,MAR,02,20070224,4
MAR,MAR,03,20141116,8
MDV,MAR,11,20131209,8
MRT,MAR,04,20120313,16
MYS,MAR,03,20011112,4
PAK,MAR,04,20140116,24
POL,MAR,04,20051105,1
PSE,MAR,04,20130930,2
PSE,MAR,04,20120903,2
QAT,MAR,03,20000904,20
QAT,MAR,01,20121213,1
RUS,MAR,06,20110311,24
RUS,MAR,05,20030801,2
SAU,MAR,04,20020204,4
SAU,MAR,04,20041211,3
TUR,MAR,04,20111116,9
USA,MAR,04,20090418,6
USA,MAR,04,20100106,1
USA,MAR,05,20070626,2
ZMB,MAR,11,20101207,2
ARG,MCO,04,20111114,9
ARG,MCO,18,20120410,4
AUS,MCO,01,20100919,4
AUS,MCO,12,20100421,2
AUS,MCO,04,20130315,1
BEL,MCO,02,20071219,3
CAN,MCO,04,20140526,10
ESP,MCO,01,20100726,3
ESP,MCO,04,20140416,4
EUR,MCO,04,20150130,2
FJI,MCO,04,20131010,2
FRA,MCO,02,20000622,9
FRA,MCO,02,20131014,2
GBR,MCO,04,20101206,12
GBR,MCO,03,20140906,10
GHA,MCO,19,20141205,2
HUN,MCO,01,20120127,4
IDN,MCO,04,20141001,2
IRQ,MCO,04,20101006,2
NGA,MCO,17,20030120,2
NGA,MCO,01,20010408,2
PAK,MCO,04,20131229,2
PAK,MCO,01,20100223,2
PHL,MCO,04,20130107,8
POL,MCO,05,20140628,1
RUS,MCO,04,20001202,2
SGP,MCO,05,20120916,2
USA,MCO,04,20120115,5
USA,MCO,04,20141004,1
USA,MCO,17,20101006,2
USA,MCO,01,20130821,2
USA,MCO,07,20050401,5
USA,MCO,04,20131209,6
USA,MCO,17,20130204,4
USA,MCO,17,20121222,2
USA,MCO,04,20140722,5
USA,MCO,19,20140619,4
USA,MCO,03,20070601,4
USA,MCO,11,20120913,6
USA,MCO,04,20121025,2
USA,MCO,17,20090929,2
USA,MCO,05,20100804,7
USA,MCO,04,20121029,2
USA,MCO,05,20140421,4
USA,MCO,05,20130824,2
USA,MCO,03,20100704,8
USA,MCO,04,20140630,8
YEM,MCO,04,20140907,12
ARM,MDA,04,20120319,3
AZE,MDA,04,20090928,3
BEL,MDA,04,20130617,8
BLR,MDA,05,20120418,1
BLR,MDA,04,20130131,10
CHN,MDA,03,20020827,2
DEU,MDA,17,20120823,12
DEU,MDA,04,20110519,4
EUR,MDA,04,20110304,1
EUR,MDA,05,20140717,4
EUR,MDA,04,20060314,7
EUR,MDA,04,20140522,2
EUR,MDA,03,20140303,4
EUR,MDA,08,20000606,1
FRA,MDA,02,20101221,6
FRA,MDA,05,20140415,6
MDA,MDA,17,20010905,5
MDA,MDA,04,20090411,2
MDA,MDA,02,20141201,5
MDA,MDA,01,20130129,8
MDA,MDA,04,20141120,6
MDA,MDA,04,20030226,10
MDA,MDA,01,20110304,4
MDA,MDA,01,20091007,7
MDA,MDA,16,20031125,5
MDA,MDA,13,20091015,2
MDA,MDA,01,20051207,3
MDA,MDA,01,20030530,5
MDA,MDA,05,20110606,1
POL,MDA,04,20101117,5
RUS,MDA,02,20050120,3
RUS,MDA,01,20100615,1
RUS,MDA,04,20011005,3
RUS,MDA,04,20011207,4
RUS,MDA,03,20010118,9
RUS,MDA,05,20131125,2
RUS,MDA,04,20011205,4
RUS,MDA,11,20140807,8
RUS,MDA,16,20140710,4
RUS,MDA,14,20090408,1
RUS,MDA,08,20140918,2
RUS,MDA,05,20140325,21
SVK,MDA,04,20070620,1
SVK,MDA,04,20090116,70
SVK,MDA,06,20050818,9
TJK,MDA,03,20010405,4
TUR,MDA,04,20121112,6
UKR,MDA,03,20010709,4
UKR,MDA,04,20110708,1
UKR,MDA,10,20040923,1
UKR,MDA,04,20090514,1
USA,MDA,05,20140710,12
USA,MDA,05,20140417,2
WSM,MDA,04,20120302,2
AFR,MDG,03,20090317,3
AFR,MDG,04,20141014,10
EUR,MDG,10,20090315,5
FRA,MDG,01,20110513,6
HRV,MDG,08,20001213,7
KOR,MDG,04,20091209,1
MDG,MDG,04,20090226,10
MDG,MDG,08,20020614,9
MDG,MDG,05,20050613,2
MDG,MDG,08,20090926,40
MDG,MDG,14,20090217,4
MDG,MDG,04,20120606,5
PHL,MDG,08,20121012,2
SEN,MDG,05,20031024,18
SRB,MDG,04,20000430,4
USA,MDG,04,20120726,2
ZAF,MDG,03,20050816,3
AFG,MDV,19,20100216,14
AFG,MDV,12,20080929,20
AFG,MDV,03,20121102,2
AFR,MDV,16,20110828,4
AUS,MDV,05,20120517,18
AUS,MDV,13,20071002,4
AUT,MDV,10,20080421,6
CAN,MDV,19,20090705,6
CAN,MDV,02,20101226,5
CHN,MDV,03,20120228,4
CHN,MDV,06,20090908,2
CHN,MDV,19,20130305,2
CHN,MDV,04,20130912,16
CZE,MDV,04,20070806,5
DNK,MDV,17,20141127,5
FRA,MDV,12,20140509,4
FRA,MDV,01,20140226,10
GBR,MDV,07,20130105,4
GBR,MDV,01,20140614,8
GBR,MDV,04,20140109,2
GBR,MDV,17,20120925,4
HND,MDV,01,20090603,2
IDN,MDV,04,20110915,16
IND,MDV,02,20120512,2
ISR,MDV,17,20120626,4
ITA,MDV,11,20130128,12
JOR,MDV,01,20130710,2
JPN,MDV,01,20130506,4
KWT,MDV,11,20120522,9
MDV,MDV,19,20111108,1
MDV,MDV,10,20131017,5
MDV,MDV,16,20110929,9
MDV,MDV,05,20140424,1
MDV,MDV,02,20140213,10
MDV,MDV,06,20040702,4
MDV,MDV,01,20141229,2
MEX,MDV,02,20120414,4
NZL,MDV,12,20141201,7
NZL,MDV,01,20090505,2
OMN,MDV,03,20110312,2
PAK,MDV,03,20111126,4
PSE,MDV,08,20110505,4
RUS,MDV,02,20080302,9
SAU,MDV,12,20011231,9
SAU,MDV,04,20130906,3
SWE,MDV,01,20040306,5
UGA,MDV,12,20041214,4
USA,MDV,04,20131022,6
USA,MDV,19,20110814,18
USA,MDV,17,20140226,8
USA,MDV,01,20140106,4
USA,MDV,04,20120924,6
USA,MDV,18,20140919,8
USA,MDV,11,20150116,4
USA,MDV,01,20120418,9
USA,MDV,01,20070904,8
USA,MDV,04,20120823,2
USA,MDV,13,20120923,7
USA,MDV,04,20120716,3
USA,MDV,19,20090530,6
USA,MDV,04,20140214,4
USA,MDV,01,20110107,2
USA,MDV,19,20121129,1
USA,MDV,12,20120411,12
USA,MDV,09,20110612,9
USA,MDV,01,20140321,4
USA,MDV,08,20141226,6
USA,MDV,01,20140128,12
USA,MDV,01,20130910,4
USA,MDV,18,20120524,2
USA,MDV,19,20110123,4
USA,MDV,09,20111021,4
USA,MDV,17,20070810,2
USA,MDV,05,20090413,1
USA,MDV,11,20140413,4
USA,MDV,18,20150129,10
USA,MDV,18,20120116,2
YEM,MDV,02,20111210,14
CHE,MEA,04,20130104,2
CHE,MEA,04,20130729,4
DEU,MEA,03,20120213,3
DZA,MEA,04,20131229,6
EGY,MEA,04,20080730,2
EGY,MEA,04,20090906,1
EGY,MEA,03,20040303,2
EGY,MEA,04,20130511,2
EGY,MEA,04,20100705,1
EGY,MEA,03,20110828,2
EGY,MEA,16,20121106,4
EGY,MEA,03,20030226,1
EGY,MEA,03,20020315,2
EUR,MEA,03,20030222,5
FRA,MEA,06,20111116,42
FRA,MEA,04,20150112,8
FRA,MEA,12,20111228,7
IND,MEA,17,20101204,6
IND,MEA,04,20090123,1
IRN,MEA,04,20090305,8
IRN,MEA,19,20130908,10
IRN,MEA,03,20110810,2
IRN,MEA,04,20030827,1
IRQ,MEA,04,20110110,3
IRQ,MEA,03,20110414,2
IRQ,MEA,11,20030813,9
IRQ,MEA,04,20060421,8
ISR,MEA,19,20100326,16
JOR,MEA,04,20111109,4
KWT,MEA,17,20080106,13
LBN,MEA,04,20020327,6
LBN,MEA,04,20061204,1
LBN,MEA,16,20111216,5
LBN,MEA,04,20080429,10
LBN,MEA,02,20130307,1
LBY,MEA,05,20110223,1
PAK,MEA,01,20090823,4
PSE,MEA,04,20040410,4
QAT,MEA,01,20120107,18
QAT,MEA,01,20120905,6
QAT,MEA,03,20011001,4
RUS,MEA,11,20111115,4
SAU,MEA,02,20131230,4
SDN,MEA,04,20130211,4
SDN,MEA,02,20060328,5
SOM,MEA,04,20120106,6
SYR,MEA,04,20111228,2
SYR,MEA,04,20140130,20
SYR,MEA,03,20111223,9
SYR,MEA,02,20120101,6
SYR,MEA,11,20111127,8
SYR,MEA,04,20110912,3
SYR,MEA,04,20121019,2
SYR,MEA,10,20111219,4
SYR,MEA,02,20111102,1
TUN,MEA,05,20110119,2
TUN,MEA,04,20011219,3
USA,MEA,04,20120130,2
USA,MEA,04,20120122,3
USA,MEA,04,20040517,5
USA,MEA,04,20090510,2
YEM,MEA,04,20081124,2
AFR,MEX,02,20120709,4
AFR,MEX,04,20140409,2
ARG,MEX,11,20020707,1
ARG,MEX,04,20040218,2
AUT,MEX,06,20141014,10
AUT,MEX,04,20121025,4
BOL,MEX,01,20071226,6
BOL,MEX,03,20020913,2
BRA,MEX,05,20140728,30
BRA,MEX,05,20111104,31
CAN,MEX,04,20140911,10
CAN,MEX,11,20120918,2
CAN,MEX,11,20091203,4
CAN,MEX,03,20100203,12
CAN,MEX,04,20120919,8
CAN,MEX,03,20121007,2
CAN,MEX,04,20131024,4
CAN,MEX,04,20071122,10
CAN,MEX,04,20140219,8
CAN,MEX,01,20110920,4
CAN,MEX,04,20100112,1
CAN,MEX,04,20090428,20
CHE,MEX,06,20120627,4
CHL,MEX,05,20100112,8
CHL,MEX,03,20130724,1
CHN,MEX,06,20140711,2
CHN,MEX,04,20130902,1
CHN,MEX,06,20130604,4
CHN,MEX,03,20090427,6
COL,MEX,07,20101113,1
COL,MEX,04,20101008,2
COL,MEX,03,20000116,2
CRI,MEX,04,20100907,2
CUB,MEX,04,20141228,8
CUB,MEX,03,20040527,1
CUB,MEX,04,20050203,3
DEU,MEX,13,20050904,3
DEU,MEX,01,20080827,8
ECU,MEX,17,20030304,1
EGY,MEX,04,20110903,2
EGY,MEX,05,20140711,2
EGY,MEX,04,20130129,2
ESP,MEX,05,20020518,4
ESP,MEX,04,20131015,8
ESP,MEX,04,20121010,1
ESP,MEX,09,20140910,10
ESP,MEX,09,20140213,10
ESP,MEX,04,20090219,6
EUR,MEX,01,20101211,4
EUR,MEX,01,20060906,6
EUR,MEX,05,20010301,1
FRA,MEX,04,20120324,4
FRA,MEX,04,20090510,6
FRA,MEX,19,20090201,5
FRA,MEX,04,20080807,4
FRA,MEX,17,20090430,13
FRA,MEX,19,20110114,9
GBR,MEX,04,20090503,11
GBR,MEX,02,20090831,3
GHA,MEX,04,20120310,2
GTM,MEX,03,20111117,1
GTM,MEX,16,20000309,2
GTM,MEX,04,20111231,120
GTM,MEX,02,20131007,3
GUY,MEX,06,20140404,20
HND,MEX,17,20091215,1
HND,MEX,04,20141004,2
HTI,MEX,04,20100114,1
IRL,MEX,01,20090710,1
IRL,MEX,04,20120116,16
IRL,MEX,04,20001001,3
IRL,MEX,19,20141228,8
IRL,MEX,03,20101111,8
IRN,MEX,11,20121216,4
ISR,MEX,04,20131128,6
ITA,MEX,11,20110623,2
JAM,MEX,01,20141002,8
JAM,MEX,04,20070818,1
JPN,MEX,03,20111103,8
JPN,MEX,04,20070114,2
JPN,MEX,16,20090428,32
KEN,MEX,04,20140705,5
MEX,MEX,03,20140422,16
MEX,MEX,08,20110407,5
MEX,MEX,02,20050922,2
MEX,MEX,18,20101029,4
MEX,MEX,04,20060201,2
MEX,MEX,11,20090803,11
MEX,MEX,06,20120104,9
MEX,MEX,07,20111218,4
MEX,MEX,19,20081222,5
MEX,MEX,04,20080901,1
MEX,MEX,03,20040125,6
MEX,MEX,02,20080901,2
MEX,MEX,08,20091221,16
MEX,MEX,04,20140916,2
MEX,MEX,12,20040902,5
MEX,MEX,01,20140820,4
MEX,MEX,17,20110718,1
MEX,MEX,15,20081222,2
MEX,MEX,04,20110216,115
MEX,MEX,10,20061103,2
MEX,MEX,04,20141015,2
MEX,MEX,02,20080801,5
MEX,MEX,11,20100919,2
MEX,MEX,10,20130817,4
MEX,MEX,17,20140714,1
MEX,MEX,04,20130202,15
MEX,MEX,11,20131015,2
MEX,MEX,11,20141209,5
MEX,MEX,02,20110923,2
MEX,MEX,01,20110504,1
MEX,MEX,11,20100118,10
MEX,MEX,04,20060703,4
MEX,MEX,03,20081201,1
MEX,MEX,01,20080307,18
MEX,MEX,04,20110819,13
MEX,MEX,11,20120422,60
MEX,MEX,11,20140109,4
MEX,MEX,10,20110901,1
MEX,MEX,04,20101211,7
MEX,MEX,10,20130614,1
MEX,MEX,03,20090325,18
MEX,MEX,04,20110622,7
MEX,MEX,17,20110301,3
MEX,MEX,19,20140720,1
MEX,MEX,03,20061108,1
MEX,MEX,03,20070821,1
MEX,MEX,17,20100218,1
MEX,MEX,15,20141011,2
MEX,MEX,11,20131103,2
MEX,MEX,04,20131119,8
MEX,MEX,11,20100826,6
MEX,MEX,14,20141106,2
MEX,MEX,04,20110827,2
MEX,MEX,02,20090505,5
MEX,MEX,02,20101031,2
MEX,MEX,04,20120221,1
MEX,MEX,02,20130910,14
MEX,MEX,01,20130124,42
MEX,MEX,11,20090909,3
MEX,MEX,02,20140316,20
MEX,MEX,04,20100805,9
MEX,MEX,11,20141002,23
MEX,MEX,04,20140826,4
MEX,MEX,19,20121023,39
MEX,MEX,04,20080703,87
MEX,MEX,03,20090407,4
NIC,MEX,03,20080506,5
NLD,MEX,01,20130826,4
NLD,MEX,04,20090516,7
NLD,MEX,07,20130125,2
NLD,MEX,11,20120126,2
NMR,MEX,04,20090810,1
NZL,MEX,04,20090429,12
OMN,MEX,19,20131104,10
PAN,MEX,04,20071204,3
PER,MEX,17,20120818,32
PHL,MEX,04,20040423,18
PHL,MEX,12,20140310,2
POL,MEX,09,20120408,1
PRK,MEX,01,20140907,10
RUS,MEX,04,20110403,12
RUS,MEX,13,20130131,16
SLV,MEX,02,20090613,1
SLV,MEX,03,20000619,3
SLV,MEX,04,20100131,6
SVK,MEX,17,20090430,4
SYR,MEX,04,20120606,1
TUR,MEX,04,20100831,1
TUR,MEX,03,20031024,3
TUR,MEX,04,20120618,1
URY,MEX,04,20140114,4
USA,MEX,11,20071017,23
USA,MEX,08,20090615,2
USA,MEX,04,20131129,3
USA,MEX,12,20110722,5
USA,MEX,04,20090208,1
USA,MEX,05,20111030,1
USA,MEX,02,20140425,2
USA,MEX,11,20140115,1
USA,MEX,19,20120719,8
USA,MEX,11,20110505,4
USA,MEX,09,20130219,1
USA,MEX,04,20020111,3
USA,MEX,02,20131221,4
USA,MEX,04,20110805,1
USA,MEX,08,20100714,5
USA,MEX,11,20130117,20
USA,MEX,04,20090111,4
USA,MEX,06,20110304,5
USA,MEX,17,20091015,20
USA,MEX,17,20070724,4
USA,MEX,04,20090809,15
USA,MEX,05,20030826,5
USA,MEX,11,20140909,2
USA,MEX,04,20091201,5
USA,MEX,03,20140424,70
USA,MEX,09,20141005,30
USA,MEX,01,20090216,1
USA,MEX,03,20080529,4
USA,MEX,03,20131030,2
USA,MEX,07,20100604,15
USA,MEX,11,20050428,2
USA,MEX,02,20100317,4
USA,MEX,04,20131214,16
USA,MEX,04,20140430,25
USA,MEX,17,20130118,2
USA,MEX,03,20130730,8
USA,MEX,04,20060130,8
USA,MEX,01,20030710,1
USA,MEX,04,20130826,10
USA,MEX,01,20080718,2
USA,MEX,04,20091022,1
USA,MEX,03,20110307,9
USA,MEX,01,20040414,2
USA,MEX,19,20020815,1
USA,MEX,17,20100917,4
USA,MEX,19,20090225,21
USA,MEX,01,20120214,3
USA,MEX,18,20110517,7
USA,MEX,04,20140222,40
USA,MEX,05,20010810,2
USA,MEX,07,20111210,6
USA,MEX,08,20010803,1
USA,MEX,04,20100718,4
USA,MEX,07,20101214,8
USA,MEX,11,20100825,1
USA,MEX,01,20100926,2
USA,MEX,17,20110810,2
USA,MEX,07,20120426,4
USA,MEX,17,20070425,6
USA,MEX,01,20120503,245
USA,MEX,19,20130328,2
USA,MEX,01,20121228,3
USA,MEX,01,20120424,3
USA,MEX,04,20140714,12
USA,MEX,13,20120225,18
USA,MEX,04,20080104,12
USA,MEX,03,20001030,25
USA,MEX,09,20100809,9
USA,MEX,01,20140911,2
USA,MEX,04,20091005,6
USA,MEX,04,20140529,2
USA,MEX,04,20121023,3
USA,MEX,13,20090608,1
USA,MEX,17,20140206,4
USA,MEX,04,20110914,7
USA,MEX,11,20110202,4
USA,MEX,12,20110122,2
USA,MEX,07,20110210,2
USA,MEX,04,20150215,40
USA,MEX,04,20141215,4
USA,MEX,04,20140309,1
USA,MEX,04,20080707,14
USA,MEX,06,20111118,10
USA,MEX,08,20140312,8
USA,MEX,02,20120717,6
USA,MEX,04,20101108,24
USA,MEX,17,20120113,7
USA,MEX,04,20110224,16
USA,MEX,04,20050407,2
USA,MEX,01,20130804,6
USA,MEX,01,20091026,4
USA,MEX,04,20140110,8
USA,MEX,17,20140122,20
USA,MEX,01,20140523,4
USA,MEX,17,20020527,2
USA,MEX,02,20081226,4
USA,MEX,11,20130530,24
USA,MEX,19,20140801,8
USA,MEX,04,20101020,6
USA,MEX,01,20141106,6
USA,MEX,01,20070629,5
USA,MEX,06,20130925,4
USA,MEX,09,20100319,5
USA,MEX,03,20141120,6
USA,MEX,17,20100722,2
USA,MEX,05,20140917,4
USA,MEX,17,20130217,5
USA,MEX,01,20140729,50
USA,MEX,17,20131130,10
USA,MEX,08,20111116,2
USA,MEX,05,20100325,6
USA,MEX,19,20120516,28
USA,MEX,03,20110906,4
USA,MEX,03,20140504,20
VEN,MEX,03,20120210,3
VEN,MEX,05,20010804,1
VEN,MEX,11,20060311,2
VEN,MEX,19,20131210,2
VNM,MEX,04,20101005,6
VNM,MEX,01,20120114,2
CAN,MHL,04,20090714,1
EUR,MHL,10,20100118,3
KIR,MHL,03,20070313,2
MHL,MHL,04,20111019,7
NLD,MHL,04,20140727,10
USA,MHL,11,20150207,10
ALB,MKD,19,20071015,1
ALB,MKD,06,20010806,1
ALB,MKD,01,20080201,9
ALB,MKD,04,20040607,8
ALB,MKD,01,20080113,5
ALB,MKD,19,20010604,4
ALB,MKD,04,20020806,12
ALB,MKD,04,20091214,2
ALB,MKD,05,20000527,9
ALB,MKD,05,20040116,4
AUS,MKD,11,20100316,1
AUS,MKD,07,20150218,5
BEL,MKD,07,20021030,7
BEL,MKD,03,20041222,3
BGR,MKD,17,20141006,5
BGR,MKD,04,20040618,1
BGR,MKD,03,20041122,3
BGR,MKD,04,20121219,10
BGR,MKD,05,20091220,7
BGR,MKD,04,20150116,24
BGR,MKD,02,20000324,2
CHN,MKD,04,20060829,1
DEU,MKD,12,20101210,1
DEU,MKD,11,20120516,6
DEU,MKD,01,20010324,5
DEU,MKD,01,20031204,1
DEU,MKD,05,20080417,2
DEU,MKD,04,20140901,2
ESP,MKD,04,20110211,9
EUR,MKD,02,20011106,2
EUR,MKD,03,20050302,2
EUR,MKD,05,20040205,4
GRC,MKD,12,20080424,4
GRC,MKD,07,20110402,2
GRC,MKD,12,20041105,4
GRC,MKD,04,20130925,1
HRV,MKD,05,20031029,4
HUN,MKD,04,20110512,6
ITA,MKD,12,20090831,3
ITA,MKD,04,20100526,1
KAZ,MKD,03,20120702,3
MKD,MKD,02,20040623,4
MKD,MKD,02,20030420,4
MKD,MKD,04,20120321,1
MKD,MKD,01,20010507,2
MKD,MKD,06,20021214,9
MKD,MKD,01,20090815,2
MKD,MKD,03,20140731,2
MKD,MKD,08,20060427,6
MKD,MKD,04,20010901,1
MKD,MKD,10,20090428,10
MKD,MKD,11,20010817,6
MKD,MKD,03,20090310,2
MKD,MKD,01,20110815,10
MKD,MKD,19,20100903,5
MKD,MKD,04,20040122,8
MKD,MKD,06,20121108,248
MKD,MKD,11,20020918,2
MKD,MKD,19,20040510,5
MKD,MKD,04,20040206,6
MKD,MKD,02,20101020,1
MKD,MKD,20,20100118,1
MKD,MKD,03,20101225,1
MKD,MKD,01,20040305,3
MKD,MKD,04,20080118,2
MYS,MKD,04,20120309,5
POL,MKD,05,20130911,2
QAT,MKD,04,20050321,6
QAT,MKD,04,20111017,7
RUS,MKD,01,20130624,6
SRB,MKD,19,20010317,1
SWE,MKD,04,20010321,5
TUR,MKD,05,20130410,2
TUR,MKD,03,20120202,2
TUR,MKD,06,20091206,5
USA,MKD,04,20010503,3
USA,MKD,03,20031016,3
USA,MKD,10,20030906,4
WST,MKD,04,20040527,9
WST,MKD,03,20101007,2
WST,MKD,19,20010814,9
AFR,MLI,04,20011104,7
AFR,MLI,05,20120406,9
AFR,MLI,19,20141111,4
AFR,MLI,19,20121111,18
AFR,MLI,04,20140220,10
AUS,MLI,19,20130116,4
BEL,MLI,04,20130124,7
BFA,MLI,04,20100927,7
BFA,MLI,04,20090903,6
BFA,MLI,04,20121103,160
BFA,MLI,04,20130118,6
CAN,MLI,13,20121011,10
CAN,MLI,16,20130128,2
CHE,MLI,02,20130306,2
CIV,MLI,01,20120328,12
CIV,MLI,04,20120527,1
CIV,MLI,04,20120329,5
CMR,MLI,04,20131027,8
DZA,MLI,19,20111220,2
EGY,MLI,12,20130125,1
EUR,MLI,13,20130210,6
EUR,MLI,04,20130702,8
FIN,MLI,17,20090507,9
FRA,MLI,06,20140719,4
FRA,MLI,13,20130115,16
FRA,MLI,04,20141217,32
FRA,MLI,05,20130128,23
FRA,MLI,01,20091203,2
FRA,MLI,15,20130115,22
FRA,MLI,18,20131030,14
FRA,MLI,01,20131030,33
FRA,MLI,03,20130211,1
GBR,MLI,02,20130113,6
GBR,MLI,04,20111012,2
GHA,MLI,17,20000104,1
GIN,MLI,04,20141125,6
GMB,MLI,04,20030403,1
IDN,MLI,17,20121211,18
IRL,MLI,08,20140524,4
IRQ,MLI,17,20150106,6
KHM,MLI,07,20140611,8
LBY,MLI,01,20140928,32
MAR,MLI,17,20040325,5
MAR,MLI,05,20140409,2
MLI,MLI,03,20110503,5
MLI,MLI,19,20130131,2
MLI,MLI,04,20140920,2
MLI,MLI,01,20100726,12
MRT,MLI,04,20130328,4
MRT,MLI,17,20130321,10
NER,MLI,07,20120601,3
NER,MLI,07,20121101,1
NER,MLI,06,20140726,2
NGA,MLI,04,20000927,4
NGA,MLI,04,20061122,2
RUS,MLI,11,20120702,27
SLE,MLI,05,20110405,2
SLE,MLI,04,20040908,8
TCD,MLI,04,20130116,80
TCD,MLI,08,20130416,1
TCD,MLI,04,20090810,18
TCD,MLI,01,20131114,2
TGO,MLI,02,20120409,2
THA,MLI,01,20150120,8
UGA,MLI,03,20110913,2
WAF,MLI,01,20120713,10
ZAF,MLI,19,20131017,1
ZWE,MLI,04,20090820,9
AFR,MLT,17,20090124,3
BEL,MLT,04,20110413,2
CAN,MLT,03,20130922,8
CHN,MLT,04,20110225,3
DOM,MLT,05,20130115,8
EGY,MLT,08,20110212,7
ESP,MLT,04,20111019,2
EST,MLT,04,20010403,6
EUR,MLT,04,20000418,1
EUR,MLT,05,20090930,18
EUR,MLT,04,20101025,9
EUR,MLT,04,20140926,2
EUR,MLT,02,20150216,2
GBR,MLT,04,20101121,5
GBR,MLT,04,20140921,8
GBR,MLT,12,20140918,22
GHA,MLT,04,20110508,20
GRC,MLT,12,20101115,3
ISR,MLT,09,20100222,9
ITA,MLT,04,20090816,9
ITA,MLT,03,20041005,2
ITA,MLT,15,20140715,4
LBY,MLT,19,20110307,2
LBY,MLT,04,20110604,8
LVA,MLT,04,20010629,5
MLT,MLT,05,20120818,4
MLT,MLT,17,20121126,4
MLT,MLT,05,20110925,4
MLT,MLT,05,20140608,2
MLT,MLT,03,20100823,6
MLT,MLT,05,20100122,4
MLT,MLT,11,20130917,10
MLT,MLT,16,20110301,1
MLT,MLT,05,20141219,2
PHL,MLT,04,20141011,4
PHL,MLT,04,20140425,6
PRT,MLT,04,20101220,2
PSE,MLT,05,20140829,5
RUS,MLT,02,20090814,7
RUS,MLT,09,20090817,9
SYR,MLT,19,20140601,2
TUR,MLT,07,20090420,6
UGA,MLT,04,20051126,1
USA,MLT,04,20121203,2
USA,MLT,01,20131025,6
USA,MLT,03,20090714,4
USA,MLT,19,20100502,1
AFG,MMR,19,20090221,2
AFG,MMR,19,20130710,1
AUS,MMR,05,20131126,8
AUS,MMR,01,20120325,1
AUS,MMR,11,20131119,2
BGD,MMR,05,20091214,7
BGD,MMR,06,20141023,6
BGD,MMR,05,20140904,2
BGD,MMR,04,20080526,4
BGD,MMR,01,20140620,4
BGD,MMR,09,20120620,2
BGD,MMR,17,20100211,2
BRA,MMR,03,20031103,2
BTN,MMR,03,20140301,2
CHN,MMR,04,20140609,6
CHN,MMR,06,20130323,8
CHN,MMR,04,20130119,6
CHN,MMR,01,20011213,1
CHN,MMR,04,20021124,3
CHN,MMR,04,20050703,2
CHN,MMR,12,20080508,2
CHN,MMR,04,20100511,6
CHN,MMR,08,20130913,4
CHN,MMR,06,20070919,1
DEU,MMR,08,20120427,7
DNK,MMR,01,20080507,8
EGY,MMR,04,20121105,10
EGY,MMR,03,20130928,10
ESP,MMR,01,20070926,5
EUR,MMR,08,20081025,4
EUR,MMR,02,20141024,6
EUR,MMR,04,20090515,15
EUR,MMR,02,20070928,12
EUR,MMR,07,20070407,10
FRA,MMR,10,20090901,5
FRA,MMR,01,20100428,12
FRA,MMR,04,20120115,2
GBR,MMR,01,20100326,36
GBR,MMR,17,20111118,5
GBR,MMR,04,20120415,2
GBR,MMR,10,20131023,9
GBR,MMR,02,20120402,3
GBR,MMR,05,20120402,1
GBR,MMR,11,20080116,9
GBR,MMR,04,20080619,6
GMB,MMR,19,20110304,2
HTI,MMR,11,20071103,4
IDN,MMR,04,20130714,6
IDN,MMR,01,20071106,4
IDN,MMR,05,20131106,4
IDN,MMR,04,20090511,6
IDN,MMR,02,20040627,4
IDN,MMR,11,20130311,1
IDN,MMR,04,20140828,1
IDN,MMR,05,20060301,4
IND,MMR,03,20141114,4
IND,MMR,03,20031022,4
IND,MMR,03,20120525,2
IND,MMR,04,20140116,1
IRN,MMR,09,20090821,9
IRN,MMR,06,20070322,10
IRQ,MMR,04,20090609,2
ISR,MMR,19,20100430,9
JPN,MMR,05,20100924,3
JPN,MMR,01,20121212,1
JPN,MMR,03,20120525,2
JPN,MMR,04,20101015,2
JPN,MMR,07,20121118,10
JPN,MMR,04,20140528,3
JPN,MMR,04,20031013,2
JPN,MMR,04,20111221,4
KHM,MMR,11,20111123,6
KHM,MMR,04,20081003,3
LAO,MMR,04,20111206,1
LAO,MMR,05,20010824,4
LAO,MMR,04,20140129,2
LAO,MMR,04,20091121,2
LAO,MMR,04,20071107,4
LKA,MMR,04,20091113,4
MMR,MMR,18,20140429,2
MMR,MMR,04,20110828,1
MMR,MMR,17,20090817,2
MMR,MMR,08,20090724,16
MMR,MMR,12,20080520,4
MMR,MMR,07,20080517,42
MMR,MMR,04,20120211,20
MMR,MMR,03,20120227,19
MMR,MMR,02,20080719,2
MMR,MMR,03,20091012,2
MMR,MMR,01,20110721,3
MMR,MMR,04,20080511,2
MMR,MMR,19,20110630,6
MMR,MMR,06,20120322,5
MMR,MMR,10,20131002,6
MMR,MMR,03,20121218,8
MMR,MMR,14,20130304,4
MMR,MMR,01,20130316,1
MMR,MMR,04,20091224,1
MMR,MMR,19,20130323,2
MMR,MMR,07,20130102,4
MMR,MMR,03,20140827,3
MMR,MMR,04,20130305,16
MMR,MMR,07,20120229,8
MMR,MMR,08,20080923,13
MMR,MMR,01,20000212,2
MMR,MMR,19,20110112,4
MMR,MMR,19,20150217,80
MMR,MMR,04,20100623,1
MMR,MMR,01,20110217,3
MMR,MMR,19,20130729,16
MMR,MMR,11,20141106,2
MMR,MMR,04,20110527,10
MMR,MMR,03,20100819,2
MMR,MMR,17,20081114,2
MMR,MMR,03,20010904,2
MMR,MMR,05,20070925,84
MMR,MMR,04,20140820,10
MMR,MMR,03,20110629,36
MMR,MMR,03,20090810,5
MMR,MMR,08,20101210,2
MMR,MMR,03,20120410,23
MMR,MMR,05,20120713,3
MYS,MMR,19,20141227,6
MYS,MMR,04,20141111,3
MYS,MMR,04,20071015,4
MYS,MMR,03,20021003,3
MYS,MMR,11,20131128,4
NOR,MMR,04,20120418,34
NRU,MMR,04,20131213,15
NZL,MMR,05,20130918,40
PHL,MMR,11,20080529,2
PHL,MMR,04,20050224,2
POL,MMR,01,20000831,9
PRK,MMR,04,20090724,1
PRK,MMR,04,20060821,12
PRK,MMR,01,20090708,1
RUS,MMR,04,20131114,9
RUS,MMR,03,20140829,10
SEA,MMR,01,20140810,6
SEA,MMR,04,20040609,9
SEA,MMR,06,20110329,18
SEA,MMR,08,20090515,1
SGP,MMR,01,20080519,8
SGP,MMR,05,20010110,2
SGP,MMR,04,20090301,2
SGP,MMR,11,20070928,4
SGP,MMR,05,20110505,1
SGP,MMR,04,20120130,16
SOM,MMR,02,20080716,14
SOM,MMR,10,20090416,4
THA,MMR,05,20010606,2
THA,MMR,04,20101106,8
THA,MMR,02,20130617,1
THA,MMR,03,20090719,3
THA,MMR,01,20090213,4
THA,MMR,07,20020206,4
THA,MMR,01,20141204,10
THA,MMR,03,20010907,3
THA,MMR,04,20030516,6
THA,MMR,07,20120302,6
THA,MMR,05,20090517,15
THA,MMR,04,20140315,4
THA,MMR,19,20140915,2
THA,MMR,05,20121202,8
THA,MMR,03,20121004,5
THA,MMR,05,20100210,1
THA,MMR,05,20101012,5
THA,MMR,04,20000229,6
THA,MMR,02,20150210,10
USA,MMR,04,20090923,20
USA,MMR,01,20101211,15
USA,MMR,17,20070926,2
USA,MMR,11,20130923,40
USA,MMR,04,20120530,9
USA,MMR,05,20150102,30
USA,MMR,02,20140904,2
USA,MMR,12,20090811,4
USA,MMR,02,20110725,4
USA,MMR,04,20020705,2
USA,MMR,01,20091003,7
USA,MMR,04,20120803,2
USA,MMR,04,20090214,2
USA,MMR,01,20000414,1
USA,MMR,16,20120202,7
USA,MMR,04,20131001,4
USA,MMR,04,20111119,18
USA,MMR,04,20130325,2
USA,MMR,07,20140516,16
USA,MMR,06,20121019,5
USA,MMR,04,20140618,12
USA,MMR,04,20091104,65
USA,MMR,04,20071020,1
USA,MMR,04,20111118,8
VNM,MMR,07,20131126,2
VNM,MMR,01,20090528,2
VNM,MMR,01,20100720,6
VNM,MMR,01,20101116,3
ZWE,MMR,08,20090218,9
AUS,MNG,03,20070613,1
CHN,MNG,11,20110701,3
CHN,MNG,04,20120903,10
CHN,MNG,01,20140905,4
CHN,MNG,01,20140604,1
CHN,MNG,04,20030522,2
CHN,MNG,05,20100826,4
DEU,MNG,04,20091012,3
HUN,MNG,04,20010514,12
IND,MNG,04,20141108,2
JPN,MNG,02,20100501,6
JPN,MNG,05,20010216,2
JPN,MNG,03,20140723,10
JPN,MNG,06,20130723,1
JPN,MNG,04,20101116,2
KGZ,MNG,04,20040826,1
MNG,MNG,03,20080928,9
MNG,MNG,05,20090909,4
MYS,MNG,04,20140718,2
PRK,MNG,04,20080627,7
PRK,MNG,04,20081016,6
RUS,MNG,05,20011218,1
RUS,MNG,05,20140903,18
RUS,MNG,05,20131005,24
RUS,MNG,01,20140904,12
RUS,MNG,04,20021001,1
RUS,MNG,04,20020429,4
SEA,MNG,04,20101208,9
SGP,MNG,04,20010227,1
USA,MNG,04,20110805,1
USA,MNG,03,20040715,1
VNM,MNG,04,20040711,2
ZAF,MNG,17,20150128,2
AFR,MOZ,06,20010723,4
AFR,MOZ,17,20100210,1
AFR,MOZ,18,20080526,14
AFR,MOZ,03,20141130,16
AFR,MOZ,05,20140412,2
AFR,MOZ,04,20140130,10
AFR,MOZ,19,20121113,10
AFR,MOZ,16,20130620,6
AFR,MOZ,04,20060801,2
AGO,MOZ,05,20080612,7
AGO,MOZ,04,20110818,3
BWA,MOZ,04,20020828,6
BWA,MOZ,01,20130215,2
COG,MOZ,03,20100821,2
ERI,MOZ,06,20081010,2
EUR,MOZ,04,20120423,7
FRA,MOZ,07,20090417,20
GBR,MOZ,04,20131001,2
MDG,MOZ,04,20090919,7
MOZ,MOZ,17,20040525,4
MOZ,MOZ,02,20030519,2
MOZ,MOZ,04,20030206,1
MOZ,MOZ,11,20110920,6
MOZ,MOZ,12,20031016,1
MOZ,MOZ,03,20120920,10
MOZ,MOZ,10,20000104,18
MOZ,MOZ,01,20030509,5
MOZ,MOZ,04,20101109,2
MOZ,MOZ,17,20101126,4
MOZ,MOZ,04,20051101,1
MOZ,MOZ,01,20000921,7
MOZ,MOZ,16,20001022,4
MOZ,MOZ,12,20000210,1
MOZ,MOZ,13,20010224,4
MOZ,MOZ,01,20040930,3
MOZ,MOZ,03,20100826,4
MOZ,MOZ,03,20110314,7
MOZ,MOZ,07,20121004,2
MWI,MOZ,04,20070621,8
MWI,MOZ,04,20090831,1
MYS,MOZ,03,20060525,3
PRT,MOZ,19,20061215,2
QAT,MOZ,06,20120621,1
RWA,MOZ,05,20140911,2
SAF,MOZ,04,20020113,2
SAF,MOZ,01,20130623,8
SWE,MOZ,04,20131007,10
SWZ,MOZ,03,20020729,7
UGA,MOZ,04,20001017,1
UGA,MOZ,04,20000116,3
USA,MOZ,07,20070510,1
ZAF,MOZ,11,20010611,3
ZMB,MOZ,04,20100926,9
ZMB,MOZ,03,20130326,2
ZWE,MOZ,18,20121222,8
ZWE,MOZ,17,20130121,4
ZWE,MOZ,10,20120830,2
ZWE,MOZ,06,20041109,4
ZWE,MOZ,05,20030618,4
ZWE,MOZ,19,20000519,2
ZWE,MOZ,04,20060720,1
ZWE,MOZ,06,20100224,2
CHN,MRT,04,20110919,5
ESP,MRT,04,20091209,9
ESP,MRT,18,20091130,8
FRA,MRT,11,20080104,6
ISR,MRT,04,20010523,7
JPN,MRT,05,20111108,3
MAR,MRT,04,20130425,1
MAR,MRT,01,20050810,4
MAR,MRT,04,20000426,15
MEA,MRT,04,20020422,12
MLI,MRT,04,20130129,2
MLI,MRT,01,20120314,5
MLI,MRT,07,20101117,3
MLI,MRT,03,20120225,2
MLI,MRT,08,20120404,2
MLI,MRT,04,20100914,8
MLI,MRT,02,20120615,7
MRT,MRT,04,20030521,1
MRT,MRT,06,20101006,4
MRT,MRT,01,20141023,2
MRT,MRT,04,20110306,21
MRT,MRT,04,20110605,2
MRT,MRT,03,20110405,10
MUS,MRT,02,20121014,1
SDN,MRT,03,20091222,12
SDN,MRT,01,20130924,2
SDN,MRT,04,20121003,6
SDN,MRT,04,20060221,5
SEN,MRT,02,20100901,1
USA,MRT,01,20121110,8
ZAF,MRT,04,20110220,2
AFR,MUS,04,20130617,25
BGD,MUS,04,20110114,2
CHN,MUS,04,20110812,24
COM,MUS,03,20120219,9
ESP,MUS,05,20130614,2
FRA,MUS,02,20140211,10
GBR,MUS,04,20091205,1
GBR,MUS,10,20130321,2
GRD,MUS,14,20110910,10
MDV,MUS,05,20130227,8
MRT,MUS,05,20090122,3
MRT,MUS,04,20110531,6
MUS,MUS,04,20030501,2
MUS,MUS,01,20140424,1
OMN,MUS,05,20131127,8
PAK,MUS,01,20141110,4
SYC,MUS,05,20100107,3
USA,MUS,11,20140703,2
AFR,MWI,04,20090430,9
AFR,MWI,19,20121101,6
AGO,MWI,04,20110803,7
BWA,MWI,05,20110508,3
GBR,MWI,07,20120717,26
GBR,MWI,11,20140811,2
GBR,MWI,16,20110715,6
GBR,MWI,10,20110427,4
GBR,MWI,04,20130315,4
GBR,MWI,16,20110714,8
GBR,MWI,01,20110714,63
JOR,MWI,04,20051228,2
LBN,MWI,06,20091123,3
LBR,MWI,04,20140131,6
MOZ,MWI,04,20101018,9
MWI,MWI,06,20120615,1
MWI,MWI,04,20060522,4
MWI,MWI,11,20120515,9
MWI,MWI,01,20121015,6
MWI,MWI,04,20010725,3
MWI,MWI,08,20150130,5
MWI,MWI,11,20010622,1
MWI,MWI,01,20060103,1
NAM,MWI,11,20020724,2
NOR,MWI,03,20140702,6
RWA,MWI,04,20131129,6
UGA,MWI,04,20141003,2
ZMB,MWI,04,20110923,6
ZMB,MWI,01,20130123,8
ZWE,MWI,03,20111116,3
ZWE,MWI,04,20001109,6
ARE,MYS,06,20070811,1
ARE,MYS,04,20140830,2
ARE,MYS,04,20110601,10
ARE,MYS,04,20111221,8
ARG,MYS,05,20140821,2
AUS,MYS,09,20150129,8
AUS,MYS,04,20110907,12
AUS,MYS,07,20110820,3
AUS,MYS,11,20021106,4
AUS,MYS,12,20140321,2
AUS,MYS,06,20150107,12
AUS,MYS,04,20090730,5
AUS,MYS,01,20141021,6
AUS,MYS,05,20120704,8
AUS,MYS,04,20101216,4
AUS,MYS,08,20070908,5
AUS,MYS,05,20140512,6
AUS,MYS,04,20150209,6
AUS,MYS,04,20110507,5
AUS,MYS,04,20130616,7
AUS,MYS,12,20140321,10
AUS,MYS,05,20140421,110
AUS,MYS,04,20140402,20
AUS,MYS,16,20150208,10
AUS,MYS,09,20140320,155
AZE,MYS,05,20140915,4
BGD,MYS,04,20121127,1
BGD,MYS,14,20140517,10
BGD,MYS,01,20091130,2
BGD,MYS,04,20110117,2
BHR,MYS,05,20090524,9
BRN,MYS,04,20030707,7
BRN,MYS,06,20011001,4
BRN,MYS,04,20150208,2
BRN,MYS,11,20140826,21
CAN,MYS,03,20140929,10
CHE,MYS,07,20041012,2
CHE,MYS,01,20140824,8
CHN,MYS,16,20141228,4
CHN,MYS,01,20131006,5
CHN,MYS,04,20140628,2
CHN,MYS,06,20110511,1
CHN,MYS,13,20040113,1
CHN,MYS,04,20140411,14
CHN,MYS,01,20121201,8
CHN,MYS,17,20090824,4
CHN,MYS,02,20040528,5
CHN,MYS,08,20140318,10
CHN,MYS,09,20141019,1
CHN,MYS,02,20090530,2
CHN,MYS,05,20090429,2
CHN,MYS,05,20090323,6
CHN,MYS,15,20140316,2
CHN,MYS,04,20001125,5
CHN,MYS,01,20140502,4
CHN,MYS,04,20110826,2
CHN,MYS,04,20130326,4
CHN,MYS,04,20141019,20
CHN,MYS,06,20140611,6
CHN,MYS,02,20140308,50
CHN,MYS,11,20140316,8
CHN,MYS,02,20110503,2
CHN,MYS,01,20140113,96
CHN,MYS,02,20140311,1
CHN,MYS,01,20140324,9
CHN,MYS,13,20140310,12
CHN,MYS,03,20130529,2
CHN,MYS,04,20121110,4
CHN,MYS,03,20100118,3
CHN,MYS,17,20100623,9
CHN,MYS,04,20141023,5
CHN,MYS,05,20141009,7
CHN,MYS,05,20050901,3
CHN,MYS,04,20140307,5
CUB,MYS,03,20101124,1
CYM,MYS,14,20130918,4
CYM,MYS,04,20120907,4
DEU,MYS,05,20100224,1
DEU,MYS,03,20030316,3
DEU,MYS,03,20130125,8
EGY,MYS,04,20120602,4
EGY,MYS,04,20000618,3
EGY,MYS,17,20140201,2
EGY,MYS,04,20130826,4
EGY,MYS,02,20140522,2
EUR,MYS,04,20121105,2
FIN,MYS,04,20000903,2
FRA,MYS,02,20130605,1
FRA,MYS,11,20140928,1
FRA,MYS,04,20081218,3
FRA,MYS,19,20140322,2
FRA,MYS,04,20120207,2
GBR,MYS,01,20110815,9
GBR,MYS,05,20101110,18
GBR,MYS,08,20090928,4
GBR,MYS,03,20140404,4
GBR,MYS,02,20140504,3
GBR,MYS,18,20120218,4
GBR,MYS,03,20131007,4
GBR,MYS,04,20110118,1
GBR,MYS,18,20130209,4
GRC,MYS,05,20140703,10
GRC,MYS,13,20100208,2
IDN,MYS,01,20020219,4
IDN,MYS,19,20130303,10
IDN,MYS,08,20090607,3
IDN,MYS,03,20090421,2
IDN,MYS,04,20030217,2
IDN,MYS,05,20100120,2
IDN,MYS,03,20100414,2
IDN,MYS,05,20140313,4
IDN,MYS,17,20140821,2
IDN,MYS,04,20020228,14
IDN,MYS,04,20000328,4
IDN,MYS,04,20050118,2
IDN,MYS,08,20090910,2
IDN,MYS,06,20130116,1
IDN,MYS,12,20121002,5
IDN,MYS,03,20110324,3
IDN,MYS,12,20100923,1
IDN,MYS,04,20020810,1
IDN,MYS,18,20140927,2
IDN,MYS,04,20090406,1
IDN,MYS,03,20080107,2
IDN,MYS,03,20080819,2
IDN,MYS,03,20121005,10
IDN,MYS,04,20140706,6
IDN,MYS,07,20101108,4
IDN,MYS,04,20060420,7
IDN,MYS,01,20070223,6
IDN,MYS,03,20010627,1
IDN,MYS,01,20020219,13
IDN,MYS,03,20130425,8
IND,MYS,01,20141020,4
IND,MYS,08,20140823,8
IND,MYS,17,20120213,2
IND,MYS,04,20140411,3
IRL,MYS,01,20140719,6
IRN,MYS,04,20020722,8
IRN,MYS,04,20031019,3
IRN,MYS,11,20070912,2
IRN,MYS,04,20001221,2
IRN,MYS,05,20011030,10
IRN,MYS,13,20091102,7
IRN,MYS,04,20060529,8
IRN,MYS,17,20120215,1
IRQ,MYS,17,20141016,1
IRQ,MYS,08,20081106,1
IRQ,MYS,08,20090101,1
IRQ,MYS,19,20140429,10
ISR,MYS,13,20100110,7
ITA,MYS,06,20120111,6
ITA,MYS,05,20140415,2
ITA,MYS,04,20120115,1
JOR,MYS,04,20080516,10
JPN,MYS,04,20140226,2
JPN,MYS,04,20120725,10
JPN,MYS,04,20070227,1
JPN,MYS,04,20060302,4
JPN,MYS,06,20091005,1
JPN,MYS,01,20140423,4
JPN,MYS,03,20091209,18
JPN,MYS,04,20110207,1
JPN,MYS,06,20070812,7
KAZ,MYS,01,20120417,1
KAZ,MYS,04,20120417,1
KEN,MYS,01,20120627,2
KEN,MYS,17,20140728,6
KOR,MYS,04,20131212,3
KOR,MYS,16,20110918,9
KWT,MYS,08,20000814,5
KWT,MYS,11,20121209,4
KWT,MYS,05,20140805,2
KWT,MYS,05,20121114,2
KWT,MYS,01,20131120,25
LBY,MYS,19,20140823,8
LKA,MYS,07,20091027,2
MDV,MYS,01,20121029,1
MDV,MYS,09,20140319,5
MEX,MYS,05,20140927,10
MEX,MYS,04,20110827,1
MEX,MYS,03,20130125,2
MMR,MYS,08,20030615,2
MMR,MYS,04,20030703,1
MMR,MYS,04,20020817,5
MYS,MYS,08,20080318,2
MYS,MYS,10,20120925,4
MYS,MYS,11,20050719,1
MYS,MYS,07,20141214,6
MYS,MYS,02,20031218,2
MYS,MYS,05,20081022,9
MYS,MYS,02,20141225,5
MYS,MYS,04,20130214,6
MYS,MYS,11,20140411,3
MYS,MYS,06,20110306,18
MYS,MYS,05,20060110,9
MYS,MYS,11,20090807,4
MYS,MYS,04,20080907,2
MYS,MYS,17,20090409,9
MYS,MYS,09,20100211,2
MYS,MYS,04,20131030,4
MYS,MYS,09,20100222,9
MYS,MYS,04,20050428,3
MYS,MYS,07,20100920,9
MYS,MYS,01,20140423,10
MYS,MYS,04,20100904,2
MYS,MYS,05,20071112,2
MYS,MYS,03,20100420,2
MYS,MYS,03,20121208,4
MYS,MYS,17,20101205,3
MYS,MYS,19,20140725,8
MYS,MYS,04,20140109,2
MYS,MYS,02,20141029,4
MYS,MYS,08,20050215,1
MYS,MYS,04,20101223,3
MYS,MYS,17,20140918,2
MYS,MYS,02,20131107,6
MYS,MYS,05,20150217,5
MYS,MYS,02,20120705,4
MYS,MYS,11,20090227,24
MYS,MYS,04,20110619,2
MYS,MYS,05,20100927,9
MYS,MYS,14,20000306,1
MYS,MYS,01,20100205,5
MYS,MYS,03,20091231,2
MYS,MYS,04,20090310,1
MYS,MYS,06,20140729,12
MYS,MYS,01,20111014,2
MYS,MYS,11,20100905,2
MYS,MYS,07,20120930,1
MYS,MYS,01,20100621,3
MYS,MYS,12,20110317,8
MYS,MYS,01,20140315,68
MYS,MYS,01,20090514,1
MYS,MYS,01,20120929,6
MYS,MYS,19,20130122,1
MYS,MYS,02,20110415,3
MYS,MYS,11,20091126,7
MYS,MYS,11,20140401,3
MYS,MYS,07,20140519,4
MYS,MYS,04,20010514,2
MYS,MYS,17,20100915,6
MYS,MYS,05,20140706,1
MYS,MYS,04,20130905,6
MYS,MYS,02,20130924,10
MYS,MYS,03,20141228,2
MYS,MYS,05,20130326,12
MYS,MYS,09,20130909,12
MYS,MYS,10,20140705,2
MYS,MYS,03,20120213,2
MYS,MYS,04,20120413,5
MYS,MYS,01,20140505,12
MYS,MYS,05,20090425,2
MYS,MYS,08,20140103,4
MYS,MYS,11,20100318,3
MYS,MYS,17,20130919,15
MYS,MYS,02,20121113,4
MYS,MYS,11,20060830,3
MYS,MYS,06,20110206,8
MYS,MYS,17,20140514,4
MYS,MYS,02,20140808,40
MYS,MYS,17,20041213,3
MYS,MYS,17,20090715,2
MYS,MYS,10,20101031,5
MYS,MYS,01,20140325,79
MYS,MYS,14,20091101,1
MYS,MYS,17,20140304,6
MYS,MYS,17,20090310,6
MYS,MYS,04,20090328,2
NGA,MYS,04,20120824,1
NLD,MYS,19,20140904,4
NLD,MYS,09,20140730,8
NLD,MYS,19,20140726,2
NOR,MYS,01,20140520,3
NPL,MYS,12,20081216,2
NPL,MYS,04,20090124,5
NZL,MYS,17,20140705,2
NZL,MYS,05,20140806,2
NZL,MYS,04,20120210,8
NZL,MYS,09,20140318,40
OMN,MYS,04,20120605,2
PAK,MYS,04,20130628,8
PAK,MYS,11,20090211,1
PAK,MYS,17,20100721,8
PAK,MYS,19,20090818,2
PHL,MYS,01,20111229,2
PHL,MYS,04,20140925,6
PHL,MYS,18,20130302,4
PHL,MYS,05,20130221,8
PHL,MYS,17,20130319,2
PHL,MYS,14,20020826,1
PHL,MYS,04,20080624,18
PHL,MYS,17,20110602,12
PHL,MYS,01,20130621,2
PHL,MYS,05,20140127,3
PHL,MYS,03,20130217,2
PHL,MYS,06,20010622,5
PHL,MYS,03,20100622,2
QAT,MYS,04,20030922,5
RUS,MYS,04,20110610,1
RUS,MYS,04,20141112,2
RUS,MYS,07,20140721,3
RUS,MYS,04,20101117,12
RUS,MYS,04,20121207,6
RUS,MYS,19,20140731,10
SAU,MYS,08,20060214,2
SAU,MYS,03,20070621,2
SAU,MYS,01,20090305,2
SAU,MYS,18,20140611,3
SAU,MYS,01,20040526,6
SAU,MYS,02,20080522,4
SAU,MYS,04,20060803,1
SAU,MYS,04,20060422,1
SAU,MYS,04,20081113,9
SAU,MYS,08,20080914,1
SAU,MYS,01,20080408,4
SAU,MYS,04,20000718,5
SAU,MYS,03,20130908,2
SAU,MYS,04,20090425,5
SAU,MYS,01,20110228,2
SDN,MYS,01,20050508,9
SDN,MYS,04,20020424,3
SEA,MYS,04,20090616,2
SEA,MYS,04,20071005,10
SEA,MYS,04,20140221,20
SEA,MYS,11,20101220,2
SEA,MYS,03,20121019,2
SEA,MYS,07,20091204,9
SEA,MYS,04,20010514,1
SEA,MYS,04,20110210,1
SEA,MYS,04,20131023,6
SEA,MYS,07,20091121,1
SGP,MYS,04,20140519,30
SGP,MYS,06,20001031,3
SGP,MYS,05,20031021,8
SGP,MYS,04,20090306,6
SGP,MYS,15,20110519,8
SGP,MYS,06,20120225,36
SGP,MYS,01,20080121,3
SGP,MYS,02,20021226,9
SGP,MYS,05,20071106,2
SGP,MYS,01,20111022,6
SGP,MYS,04,20130224,1
SGP,MYS,04,20041213,2
SVK,MYS,04,20140331,12
SYR,MYS,04,20090108,2
SYR,MYS,16,20140216,3
SYR,MYS,02,20141124,8
THA,MYS,19,20051010,9
THA,MYS,04,20090119,12
THA,MYS,01,20040209,5
THA,MYS,06,20140702,2
THA,MYS,04,20140308,2
THA,MYS,03,20090121,3
THA,MYS,10,20131223,118
THA,MYS,01,20110510,3
THA,MYS,17,20120816,2
THA,MYS,04,20141021,2
THA,MYS,03,20110916,1
THA,MYS,04,20141216,6
TMP,MYS,12,20060531,1
TUR,MYS,01,20130820,20
TUR,MYS,01,20091222,2
TUR,MYS,03,20110222,10
TUR,MYS,07,20110414,4
TUR,MYS,04,20070515,9
UGA,MYS,05,20031224,3
UGA,MYS,19,20100530,2
UKR,MYS,09,20140522,1
UKR,MYS,03,20011218,1
UKR,MYS,09,20140722,3
UKR,MYS,11,20141203,16
UKR,MYS,19,20140808,15
UKR,MYS,03,20140312,70
USA,MYS,01,20110830,2
USA,MYS,04,20141030,1
USA,MYS,17,20100926,4
USA,MYS,07,20131105,7
USA,MYS,04,20140714,3
USA,MYS,19,20140917,10
USA,MYS,04,20141203,16
USA,MYS,04,20130720,2
USA,MYS,01,20110308,5
USA,MYS,04,20110615,9
USA,MYS,04,20110920,2
USA,MYS,19,20141020,2
USA,MYS,06,20091028,4
USA,MYS,04,20060928,5
USA,MYS,19,20140919,4
USA,MYS,05,20141219,5
USA,MYS,02,20140319,6
USA,MYS,02,20100218,4
USA,MYS,19,20150206,4
USA,MYS,14,20120916,1
USA,MYS,11,20140322,6
USA,MYS,05,20070804,9
USA,MYS,03,20080409,7
USA,MYS,04,20100825,4
USA,MYS,07,20130330,1
USA,MYS,09,20141021,4
USA,MYS,09,20140718,8
USA,MYS,07,20111220,6
USA,MYS,04,20100810,1
UZB,MYS,17,20131108,3
VEN,MYS,05,20100906,4
VNM,MYS,06,20150206,3
VNM,MYS,05,20071128,6
VNM,MYS,17,20100908,1
VNM,MYS,09,20140309,4
VNM,MYS,09,20140318,2
VNM,MYS,04,20130727,1
WSM,MYS,04,20130706,4
YEM,MYS,03,20010813,1
MAR,NAF,05,20010516,2
AFR,NAM,04,20031106,2
AFR,NAM,03,20120420,9
AFR,NAM,17,20140611,2
AFR,NAM,04,20070130,4
AFR,NAM,05,20090604,1
AFR,NAM,04,20090409,1
AFR,NAM,04,20070206,16
AGO,NAM,13,20100917,3
AGO,NAM,03,20010422,1
AGO,NAM,05,20001114,9
BLR,NAM,05,20140321,1
BWA,NAM,03,20060221,1
BWA,NAM,01,20010918,5
CAN,NAM,06,20110317,3
CHE,NAM,04,20111124,2
CHN,NAM,07,20141016,2
CHN,NAM,16,20010621,2
CHN,NAM,19,20070801,3
CHN,NAM,04,20051117,8
CMR,NAM,03,20020426,1
DEU,NAM,04,20140924,4
DEU,NAM,19,20071014,11
DEU,NAM,04,20040810,4
DEU,NAM,04,20120201,2
EUR,NAM,01,20141124,2
GBR,NAM,05,20051027,2
JAM,NAM,07,20040908,9
NAM,NAM,01,20080324,6
NAM,NAM,08,20090403,4
NAM,NAM,11,20121017,6
NAM,NAM,01,20041116,1
NAM,NAM,03,20140212,3
NAM,NAM,02,20130624,8
NAM,NAM,19,20110727,10
NAM,NAM,18,20020916,1
NAM,NAM,06,20141208,1
NAM,NAM,07,20120717,40
NAM,NAM,02,20130924,2
NAM,NAM,19,20021114,2
NAM,NAM,02,20031024,1
NAM,NAM,04,20150202,3
NAM,NAM,05,20070912,2
NAM,NAM,06,20111108,2
NIC,NAM,04,20101005,2
NZL,NAM,13,20120408,4
USA,NAM,04,20130212,1
USA,NAM,04,20091127,18
ZAF,NAM,02,20010212,4
ZAF,NAM,17,20130308,1
ZWE,NAM,19,20010305,4
ZWE,NAM,05,20080120,9
AFR,NER,02,20101108,54
CHE,NER,08,20090424,2
FRA,NER,15,20100311,2
FRA,NER,01,20100922,11
FRA,NER,19,20110108,20
GIN,NER,04,20110729,18
GNB,NER,16,20140628,4
IRN,NER,01,20150117,8
LBY,NER,01,20110910,4
LBY,NER,03,20000113,7
MLI,NER,17,20090604,2
MLI,NER,13,20111016,2
MLI,NER,04,20091110,10
MLI,NER,07,20130122,3
NER,NER,01,20100521,9
NER,NER,03,20140412,1
NER,NER,04,20140527,20
NER,NER,16,20141124,68
NER,NER,08,20110310,5
NGA,NER,17,20010815,3
NGA,NER,04,20120114,10
NGA,NER,11,20141110,1
NGA,NER,05,20141228,10
TCD,NER,04,20140714,2
TCD,NER,15,20140724,8
TCD,NER,04,20131010,4
TCD,NER,04,20140724,4
TGO,NER,08,20110225,4
TGO,NER,01,20080314,2
TUR,NER,11,20110630,6
USA,NER,06,20130222,2
USA,NER,02,20110907,10
WAF,NER,06,20121001,2
AFR,NGA,01,20100131,2
AFR,NGA,11,20110913,1
AFR,NGA,03,20130203,2
AFR,NGA,03,20070206,2
AFR,NGA,17,20140916,20
AFR,NGA,01,20061114,5
AFR,NGA,03,20130129,6
AFR,NGA,02,20141009,34
AFR,NGA,04,20130224,20
AFR,NGA,05,20150102,4
AFR,NGA,01,20030311,4
AFR,NGA,03,20031204,4
AFR,NGA,03,20120724,4
AFR,NGA,04,20031209,3
AFR,NGA,11,20110914,4
AFR,NGA,08,20150210,1
AFR,NGA,17,20130117,8
AFR,NGA,05,20141002,6
AFR,NGA,06,20140617,10
AFR,NGA,01,20001002,1
AFR,NGA,05,20140416,6
AFR,NGA,05,20100203,5
AFR,NGA,07,20130115,16
AFR,NGA,02,20150208,8
AGO,NGA,08,20121214,10
AGO,NGA,05,20131207,12
ARE,NGA,01,20091226,5
AUS,NGA,04,20120321,4
BEN,NGA,04,20130914,1
BEN,NGA,10,20150121,20
BEN,NGA,04,20120314,3
BEN,NGA,03,20130305,1
BRA,NGA,07,20070729,25
BRA,NGA,01,20040315,2
CAF,NGA,05,20140421,8
CAN,NGA,06,20100203,16
CHE,NGA,04,20000423,2
CHE,NGA,04,20121210,1
CHN,NGA,06,20140510,16
CHN,NGA,05,20090814,2
CHN,NGA,04,20141020,8
CHN,NGA,06,20110531,1
CHN,NGA,19,20131129,1
CHN,NGA,11,20070118,6
CIV,NGA,04,20130719,2
CIV,NGA,04,20110312,1
CMR,NGA,19,20140921,2
CMR,NGA,19,20141229,24
CMR,NGA,03,20130318,6
CMR,NGA,07,20141113,1
CMR,NGA,01,20101008,6
CMR,NGA,06,20150202,1
CMR,NGA,11,20140825,2
CMR,NGA,05,20060615,7
CMR,NGA,10,20120810,6
CMR,NGA,03,20141013,20
COG,NGA,05,20140226,4
DEU,NGA,03,20040114,1
DEU,NGA,04,20040318,5
DZA,NGA,03,20041008,6
EGY,NGA,04,20131031,12
EGY,NGA,04,20121122,10
EGY,NGA,01,20030911,7
EGY,NGA,02,20101126,4
ESP,NGA,03,20041216,6
ESP,NGA,04,20090623,7
EUR,NGA,02,20020316,4
EUR,NGA,04,20130206,4
FRA,NGA,04,20011115,9
FRA,NGA,05,20140416,6
FRA,NGA,16,20130222,6
FRA,NGA,03,20120327,9
FRA,NGA,07,20070301,1
FRA,NGA,17,20131117,12
FRA,NGA,08,20140517,6
FRA,NGA,18,20130309,24
FRA,NGA,04,20070208,6
GBR,NGA,07,20140510,7
GBR,NGA,01,20050509,4
GBR,NGA,03,20130711,2
GBR,NGA,11,20140427,4
GBR,NGA,05,20090420,4
GBR,NGA,04,20040902,1
GBR,NGA,06,20150104,8
GBR,NGA,01,20081126,5
GBR,NGA,01,20150202,10
GBR,NGA,04,20130908,1
GBR,NGA,07,20131213,2
GBR,NGA,05,20140602,6
GBR,NGA,19,20011128,1
GBR,NGA,13,20120409,7
GBR,NGA,02,20140702,4
GBR,NGA,01,20090613,4
GBR,NGA,01,20001101,1
GBR,NGA,06,20081215,2
GBR,NGA,14,20080717,9
GHA,NGA,02,20071201,1
GHA,NGA,09,20100424,7
GHA,NGA,04,20120905,2
GHA,NGA,04,20140710,2
GHA,NGA,02,20140729,4
GIN,NGA,04,20011220,8
GNB,NGA,04,20010614,9
GNQ,NGA,17,20080215,2
IND,NGA,04,20041102,3
IND,NGA,17,20120101,2
IRL,NGA,02,20081224,2
IRL,NGA,03,20041021,1
IRN,NGA,09,20110512,7
ITA,NGA,08,20061227,1
JOR,NGA,01,20060726,2
JOR,NGA,08,20141101,6
JOR,NGA,08,20140707,3
JPN,NGA,04,20140925,6
KEN,NGA,05,20150126,3
KEN,NGA,03,20130906,7
KEN,NGA,05,20130716,30
KEN,NGA,17,20120625,5
KOR,NGA,04,20120524,2
KOR,NGA,03,20140803,2
KWT,NGA,13,20120130,6
KWT,NGA,17,20100409,9
LBN,NGA,01,20150216,2
LBR,NGA,01,20140725,1
LBY,NGA,01,20030308,3
MLI,NGA,17,20040315,1
MWI,NGA,04,20120130,2
MYS,NGA,01,20001003,2
MYS,NGA,04,20060223,7
NER,NGA,13,20110921,4
NER,NGA,04,20150208,34
NER,NGA,04,20140916,16
NER,NGA,01,20080723,2
NER,NGA,04,20130516,4
NER,NGA,05,20010122,6
NER,NGA,03,20110408,1
NER,NGA,19,20041001,2
NGA,NGA,01,20140513,12
NGA,NGA,01,20120922,2
NGA,NGA,08,20150126,10
NGA,NGA,01,20131105,5
NGA,NGA,04,20110131,2
NGA,NGA,13,20040209,2
NGA,NGA,12,20111117,9
NGA,NGA,01,20140516,8
NGA,NGA,02,20090114,5
NGA,NGA,19,20020508,3
NGA,NGA,11,20141211,40
NGA,NGA,01,20060317,2
NGA,NGA,03,20100921,1
NGA,NGA,01,20140415,27
NGA,NGA,04,20140716,1
NGA,NGA,05,20140722,6
NGA,NGA,15,20060308,1
NGA,NGA,16,20090215,2
NGA,NGA,11,20120124,9
NGA,NGA,08,20110618,3
NGA,NGA,14,20000419,2
NGA,NGA,11,20110203,3
NGA,NGA,07,20120111,4
NGA,NGA,03,20110102,3
NGA,NGA,06,20150104,4
NGA,NGA,08,20091025,8
NGA,NGA,09,20140616,4
NGA,NGA,04,20100211,4
NGA,NGA,04,20130821,4
NGA,NGA,19,20021012,1
NGA,NGA,08,20021110,1
NGA,NGA,18,20141202,4
NGA,NGA,05,20120706,1
NGA,NGA,05,20001126,2
NGA,NGA,17,20041216,1
NGA,NGA,17,20140515,18
NGA,NGA,05,20140914,8
NGA,NGA,11,20120910,4
NGA,NGA,07,20141128,4
NGA,NGA,11,20120321,3
NGA,NGA,02,20121228,2
NGA,NGA,18,20121210,54
NGA,NGA,03,20091122,9
NGA,NGA,06,20021210,1
NGA,NGA,02,20140126,8
NGA,NGA,05,20111223,4
NGA,NGA,12,20130107,3
NGA,NGA,01,20000824,7
NGA,NGA,02,20070430,2
NGA,NGA,04,20030425,27
NGA,NGA,01,20140804,5
NGA,NGA,13,20081006,2
NGA,NGA,07,20140909,3
NGA,NGA,14,20031203,2
NGA,NGA,02,20140616,4
NGA,NGA,06,20140430,4
NGA,NGA,11,20121028,2
NGA,NGA,06,20140515,2
NGA,NGA,17,20150119,1
NGA,NGA,16,20110227,5
NGA,NGA,01,20101213,2
NGA,NGA,02,20000215,4
NGA,NGA,11,20090621,2
NGA,NGA,10,20090123,2
NGA,NGA,02,20130221,4
NGA,NGA,04,20070503,2
NGA,NGA,10,20101022,2
NGA,NGA,04,20131009,2
NGA,NGA,03,20010529,7
NGA,NGA,02,20111029,2
NGA,NGA,03,20140925,6
NGA,NGA,01,20020731,1
NGA,NGA,10,20030904,1
NGA,NGA,01,20030522,3
NGA,NGA,18,20050801,1
NGA,NGA,02,20111209,3
NGA,NGA,18,20141225,5
NGA,NGA,03,20130703,2
NGA,NGA,10,20060329,3
NGA,NGA,17,20130219,4
NGA,NGA,10,20130827,4
NGA,NGA,02,20150218,6
NGA,NGA,19,20141107,4
NGA,NGA,03,20120516,5
NGA,NGA,01,20130120,6
NGA,NGA,01,20150115,44
NGA,NGA,14,20051204,4
NGA,NGA,11,20030429,21
NGA,NGA,06,20040809,7
NGA,NGA,09,20140912,1
NGA,NGA,04,20121001,2
NGA,NGA,19,20120806,16
NGA,NGA,17,20120101,2
NGA,NGA,11,20110116,1
NGA,NGA,04,20120205,3
NGA,NGA,08,20130111,6
NGA,NGA,11,20030502,1
NGA,NGA,04,20131115,5
NGA,NGA,17,20040422,3
NGA,NGA,04,20140419,4
NGA,NGA,12,20020909,1
NGA,NGA,04,20051127,3
NGA,NGA,03,20020102,7
NGA,NGA,17,20130729,8
NGA,NGA,03,20131216,1
NGA,NGA,01,20141205,18
NGA,NGA,11,20130711,16
NGA,NGA,01,20030923,3
NGA,NGA,02,20120520,2
NGA,NGA,04,20121013,1
NGA,NGA,02,20130309,8
NGA,NGA,08,20141019,2
NGA,NGA,12,20011112,1
NGA,NGA,04,20121214,7
NGA,NGA,04,20140624,4
NGA,NGA,01,20050217,2
NGA,NGA,01,20060122,1
NGA,NGA,04,20080420,2
NGA,NGA,11,20140827,3
NGA,NGA,01,20140103,4
NGA,NGA,01,20081118,1
NGA,NGA,11,20040913,1
NGA,NGA,05,20150210,10
NGA,NGA,15,20121121,6
NGA,NGA,10,20140219,1
NGA,NGA,08,20130314,2
NGA,NGA,11,20121221,2
NGA,NGA,18,20140212,2
NGA,NGA,02,20120120,2
NGA,NGA,03,20120514,5
NGA,NGA,09,20110105,3
NGA,NGA,02,20070712,2
NGA,NGA,01,20090130,2
NGA,NGA,04,20030531,3
NGA,NGA,05,20050830,5
NGA,NGA,01,20130831,1
NGA,NGA,01,20141005,8
NGA,NGA,17,20060509,3
NGA,NGA,13,20150210,2
NGA,NGA,08,20030518,3
NGA,NGA,05,20120418,1
NGA,NGA,03,20140618,2
NGA,NGA,17,20110608,4
NGA,NGA,08,20140417,4
NGA,NGA,02,20120606,2
NGA,NGA,19,20110815,1
NGA,NGA,04,20141028,3
NLD,NGA,17,20131015,36
NZL,NGA,02,20130731,4
PAK,NGA,03,20070718,5
PHL,NGA,18,20071001,1
PHL,NGA,08,20101003,4
PHL,NGA,01,20070209,3
RUS,NGA,04,20110925,2
RUS,NGA,01,20090714,5
RUS,NGA,04,20150202,6
RUS,NGA,18,20131005,1
RWA,NGA,19,20120710,6
SAU,NGA,12,20141221,2
SAU,NGA,04,20041221,2
SAU,NGA,04,20131018,16
SAU,NGA,04,20131205,8
SDN,NGA,04,20040916,1
SDN,NGA,04,20071008,5
SDN,NGA,03,20050417,7
SDN,NGA,05,20140502,18
SDN,NGA,04,20011101,5
SEN,NGA,04,20080508,10
SEN,NGA,17,20020117,4
SLE,NGA,04,20000511,23
SWE,NGA,04,20020218,8
SYR,NGA,18,20140703,2
TCD,NGA,19,20150206,12
TCD,NGA,13,20150203,2
TCD,NGA,03,20150207,8
TCD,NGA,04,20101213,2
TCD,NGA,15,20150123,10
TCD,NGA,04,20150130,7
TUR,NGA,04,20110203,1
UGA,NGA,04,20080828,5
UGA,NGA,04,20050324,1
UKR,NGA,19,20140221,5
UKR,NGA,04,20090621,9
UKR,NGA,18,20140813,8
USA,NGA,13,20121130,2
USA,NGA,05,20090730,15
USA,NGA,11,20140821,2
USA,NGA,08,20120228,2
USA,NGA,16,20131114,10
USA,NGA,02,20140603,16
USA,NGA,06,20040604,2
USA,NGA,02,20130829,1
USA,NGA,04,20090623,4
USA,NGA,13,20130326,6
USA,NGA,03,20110829,2
USA,NGA,07,20101127,7
USA,NGA,04,20110812,18
USA,NGA,13,20140730,8
USA,NGA,04,20091227,5
USA,NGA,04,20010418,9
USA,NGA,19,20140415,5
USA,NGA,19,20120612,5
USA,NGA,11,20140521,6
USA,NGA,19,20131027,10
USA,NGA,05,20140912,5
USA,NGA,04,20060809,8
USA,NGA,07,20130724,10
USA,NGA,03,20030703,8
USA,NGA,08,20141018,3
USA,NGA,02,20080615,1
USA,NGA,05,20111102,4
USA,NGA,13,20120420,8
USA,NGA,11,20070331,4
USA,NGA,07,20130320,2
USA,NGA,10,20140514,12
USA,NGA,04,20110626,1
USA,NGA,01,20121024,6
USA,NGA,05,20091130,3
USA,NGA,07,20100310,3
USA,NGA,03,20070721,4
USA,NGA,01,20091226,3
USA,NGA,01,20130314,4
USA,NGA,04,20120515,2
USA,NGA,01,20060717,2
USA,NGA,04,20090325,2
USA,NGA,12,20111118,4
USA,NGA,17,20100910,2
USA,NGA,19,20110913,3
USA,NGA,11,20140417,71
USA,NGA,03,20000211,3
UZB,NGA,17,20141120,2
VAT,NGA,07,20130107,6
VEN,NGA,05,20130905,5
WAF,NGA,04,20041130,2
WAF,NGA,02,20100120,4
WAF,NGA,03,20120330,2
WAF,NGA,08,20050512,9
YEM,NGA,11,20100204,12
ZAF,NGA,13,20120208,2
ZMB,NGA,10,20140416,2
ZMB,NGA,05,20110425,8
BEL,NIC,04,20131222,16
BOL,NIC,05,20130710,54
CAN,NIC,05,20030523,2
CHN,NIC,04,20070324,4
COL,NIC,09,20131213,3
CRI,NIC,17,20011205,2
CRI,NIC,05,20110225,2
CUB,NIC,01,20090122,2
DOM,NIC,04,20040821,7
ECU,NIC,04,20130731,6
ECU,NIC,04,20140304,2
ESP,NIC,04,20101206,4
HND,NIC,04,20090630,6
IRN,NIC,04,20070111,2
MEX,NIC,03,20010804,2
MEX,NIC,14,20140801,2
NIC,NIC,06,20060429,5
NIC,NIC,17,20131227,2
NIC,NIC,03,20110905,5
NIC,NIC,17,20031209,4
NIC,NIC,02,20070902,4
NIC,NIC,01,20090918,2
NIC,NIC,03,20141011,2
NIC,NIC,17,20060615,3
PRY,NIC,01,20090329,9
PRY,NIC,18,20121005,6
RUS,NIC,03,20130410,4
RUS,NIC,04,20100215,7
SLV,NIC,04,20090709,1
SLV,NIC,04,20010726,1
SLV,NIC,04,20110621,2
SLV,NIC,03,20091209,1
THA,NIC,19,20091124,2
UKR,NIC,11,20061231,1
USA,NIC,07,20110720,5
USA,NIC,03,20061109,1
USA,NIC,11,20130201,6
USA,NIC,01,20081218,2
VEN,NIC,07,20130710,6
ABW,NLD,12,20050701,2
ABW,NLD,17,20110528,1
AFG,NLD,13,20071027,3
AFG,NLD,04,20110127,132
AFG,NLD,19,20110912,7
AFG,NLD,19,20060825,2
AFG,NLD,04,20060401,7
AFG,NLD,11,20080329,2
AFG,NLD,08,20080423,2
AFR,NLD,04,20140907,4
AFR,NLD,17,20131019,6
ALB,NLD,08,20050308,2
ARE,NLD,04,20140622,5
AUS,NLD,04,20130214,6
AUS,NLD,05,20121223,2
AUT,NLD,01,20001118,1
AUT,NLD,03,20121120,8
AUT,NLD,03,20120213,3
AUT,NLD,04,20140410,3
AZE,NLD,04,20140426,2
BEL,NLD,17,20140429,4
BEL,NLD,05,20070327,2
BEL,NLD,01,20070921,1
BEL,NLD,17,20061006,1
BEL,NLD,01,20070612,3
BEL,NLD,05,20070115,12
BGR,NLD,01,20111020,4
BMU,NLD,04,20140620,6
BRA,NLD,06,20020324,3
CAN,NLD,04,20060901,5
CAN,NLD,04,20140908,2
CHN,NLD,17,20010511,4
CIV,NLD,11,20140210,2
COL,NLD,07,20030629,9
CPV,NLD,04,20080812,4
CZE,NLD,05,20051118,2
DEU,NLD,14,20111028,7
DEU,NLD,04,20100106,8
DEU,NLD,01,20121024,2
DEU,NLD,13,20130718,1
DEU,NLD,14,20030310,3
DEU,NLD,03,20140722,2
DEU,NLD,04,20130207,3
DEU,NLD,05,20001024,2
DEU,NLD,05,20071009,1
DEU,NLD,08,20071109,2
DEU,NLD,04,20120418,5
DNK,NLD,05,20000317,11
EGY,NLD,04,20141230,6
EGY,NLD,05,20111124,31
ESP,NLD,04,20011023,1
ESP,NLD,04,20100119,5
ESP,NLD,09,20140728,7
EST,NLD,04,20141105,5
EUR,NLD,02,20090406,1
EUR,NLD,01,20020221,2
EUR,NLD,10,20010207,4
EUR,NLD,04,20131110,12
EUR,NLD,04,20081211,2
EUR,NLD,04,20131030,8
EUR,NLD,04,20091204,2
EUR,NLD,04,20140628,4
EUR,NLD,16,20140722,2
EUR,NLD,04,20150122,5
FIN,NLD,01,20140828,12
FRA,NLD,11,20130923,6
FRA,NLD,04,20120629,3
FRA,NLD,04,20140625,18
FRA,NLD,04,20140617,4
FRA,NLD,01,20150120,2
FRA,NLD,03,20140815,6
FRA,NLD,08,20131011,8
FRA,NLD,19,20081006,6
FRA,NLD,07,20100223,1
FRA,NLD,05,20000112,1
FRA,NLD,07,20141007,10
FRA,NLD,04,20070515,2
FRA,NLD,05,20090319,8
GBR,NLD,11,20110410,14
GBR,NLD,05,20130711,9
GBR,NLD,06,20130729,4
GBR,NLD,12,20110814,9
GBR,NLD,03,20140319,4
GBR,NLD,04,20150108,4
GBR,NLD,17,20011214,4
GBR,NLD,18,20130101,1
GBR,NLD,04,20140226,6
GBR,NLD,04,20010426,2
GBR,NLD,09,20120513,30
GBR,NLD,11,20070822,15
GBR,NLD,04,20080224,14
GBR,NLD,17,20100920,16
GBR,NLD,02,20140622,4
GRC,NLD,03,20120209,4
HRV,NLD,03,20140108,8
HRV,NLD,03,20010629,1
IDN,NLD,04,20011120,5
IDN,NLD,16,20150118,13
IND,NLD,03,20060106,4
IND,NLD,05,20130220,2
IND,NLD,17,20110817,4
IRN,NLD,01,20070115,20
IRN,NLD,04,20131218,10
IRQ,NLD,19,20050507,2
IRQ,NLD,04,20140405,44
IRQ,NLD,08,20070618,7
ISL,NLD,12,20100309,8
ISR,NLD,04,20110420,2
ISR,NLD,04,20140520,1
ITA,NLD,04,20120702,4
ITA,NLD,11,20110726,6
JOR,NLD,04,20130223,3
JPN,NLD,02,20131205,8
JPN,NLD,05,20001003,4
JPN,NLD,17,20001215,3
JPN,NLD,05,20101207,9
KEN,NLD,13,20111027,7
KEN,NLD,12,20121124,2
KOR,NLD,05,20010116,1
KOR,NLD,17,20110824,241
KOR,NLD,06,20130624,2
KOR,NLD,17,20111023,4
KOR,NLD,02,20140623,8
KOR,NLD,04,20140321,12
LBN,NLD,04,20140907,10
LBY,NLD,11,20120410,1
LBY,NLD,04,20090918,2
LBY,NLD,01,20110517,25
LKA,NLD,17,20140307,2
LVA,NLD,06,20110519,2
LVA,NLD,05,20030318,1
MAR,NLD,09,20100401,18
MEX,NLD,19,20090113,9
MEX,NLD,05,20091104,8
MKD,NLD,04,20131102,2
MLI,NLD,02,20131101,8
MLT,NLD,04,20130117,5
MRT,NLD,14,20110309,18
MYS,NLD,04,20140718,97
MYS,NLD,04,20141209,40
NGA,NLD,01,20140506,1
NGA,NLD,10,20140515,10
NGA,NLD,04,20140505,8
NLD,NLD,19,20090225,8
NLD,NLD,05,20050424,5
NLD,NLD,03,20110624,2
NLD,NLD,01,20011003,3
NLD,NLD,08,20000313,3
NLD,NLD,08,20140626,4
NLD,NLD,04,20100208,5
NLD,NLD,09,20140617,4
NLD,NLD,11,20150124,3
NLD,NLD,10,20120615,18
NLD,NLD,17,20050623,2
NLD,NLD,06,20150124,2
NLD,NLD,08,20120628,1
NLD,NLD,08,20110629,8
NLD,NLD,17,20110305,7
NLD,NLD,04,20110730,2
NLD,NLD,12,20091209,6
NLD,NLD,01,20131220,1
NLD,NLD,04,20140224,2
NLD,NLD,04,20011121,1
NLD,NLD,04,20120613,1
NLD,NLD,11,20100220,29
NLD,NLD,04,20090611,10
NLD,NLD,01,20101104,18
NLD,NLD,04,20041124,2
NLD,NLD,13,20130727,6
NLD,NLD,02,20090320,2
NLD,NLD,04,20120521,2
NLD,NLD,17,20140113,4
NLD,NLD,05,20141208,10
NLD,NLD,09,20140617,2
NLD,NLD,16,20000510,2
NLD,NLD,04,20101117,7
NLD,NLD,02,20090401,4
NLD,NLD,01,20070711,7
NLD,NLD,07,20100221,5
NLD,NLD,17,20080730,1
NLD,NLD,07,20140812,2
NLD,NLD,03,20130221,6
NLD,NLD,02,20140719,18
NLD,NLD,16,20040405,2
NMR,NLD,08,20140604,3
NOR,NLD,05,20020426,2
NOR,NLD,05,20110906,2
NPL,NLD,08,20141120,2
NZL,NLD,08,20120120,12
OMN,NLD,05,20120111,7
PAK,NLD,04,20081008,5
PAK,NLD,04,20090623,2
PER,NLD,17,20100601,2
PHL,NLD,04,20110329,4
POL,NLD,04,20120721,1
POL,NLD,06,20001127,1
POL,NLD,19,20120116,3
PSE,NLD,01,20040224,7
RUS,NLD,04,20131018,6
RUS,NLD,04,20060311,3
RUS,NLD,05,20060224,7
RUS,NLD,11,20131016,6
RUS,NLD,02,20050315,5
RUS,NLD,04,20020116,2
RUS,NLD,13,20131008,18
RUS,NLD,01,20051102,1
RWA,NLD,02,20111207,5
RWA,NLD,04,20150125,6
RWA,NLD,17,20130302,6
SAU,NLD,04,20060203,2
SRB,NLD,08,20071023,1
SRB,NLD,05,20090309,3
SRB,NLD,05,20070131,9
STP,NLD,07,20000115,1
SVK,NLD,11,20070507,1
SWE,NLD,03,20100919,8
SWE,NLD,04,20100617,7
SWE,NLD,12,20130923,24
SWE,NLD,03,20060331,5
SYR,NLD,04,20131009,3
SYR,NLD,04,20061212,1
THA,NLD,04,20100420,2
TUR,NLD,01,20030217,2
UGA,NLD,04,20141003,10
USA,NLD,07,20140919,1
USA,NLD,04,20071013,2
USA,NLD,04,20120619,9
USA,NLD,01,20100904,3
USA,NLD,01,20130805,3
USA,NLD,04,20091221,1
USA,NLD,08,20140507,8
USA,NLD,04,20130830,2
USA,NLD,17,20121006,11
USA,NLD,06,20120320,2
USA,NLD,08,20091204,2
USA,NLD,07,20150217,1
USA,NLD,12,20140102,3
USA,NLD,17,20140903,8
USA,NLD,04,20050614,2
USA,NLD,07,20140220,4
USA,NLD,01,20091124,1
USA,NLD,17,20120315,5
USA,NLD,02,20110908,1
USA,NLD,04,20080518,3
USA,NLD,19,20140524,2
USA,NLD,06,20081208,2
USA,NLD,01,20140305,10
USA,NLD,19,20140730,2
USA,NLD,04,20000825,4
USA,NLD,04,20140109,4
USA,NLD,04,20130217,2
USA,NLD,04,20080812,9
USA,NLD,04,20100821,1
USA,NLD,03,20120508,3
USA,NLD,02,20111026,12
USA,NLD,02,20131215,1
USA,NLD,04,20140221,2
USA,NLD,05,20110926,9
VNM,NLD,14,20140713,2
VNM,NLD,04,20140325,6
WST,NLD,06,20000901,16
YEM,NLD,06,20120312,2
ZMB,NLD,05,20050415,1
ZWE,NLD,01,20131020,6
AUS,NMR,03,20090616,9
BMU,NMR,19,20140219,4
CAN,NMR,04,20090324,1
CAN,NMR,03,20140320,8
CAN,NMR,13,20080417,17
CAN,NMR,04,20110724,63
CAN,NMR,07,20110624,2
CAN,NMR,02,20141223,6
CHN,NMR,03,20131122,6
CHN,NMR,04,20100228,1
CHN,NMR,03,20110721,9
CHN,NMR,12,20140522,7
EUR,NMR,04,20110228,10
EUR,NMR,05,20031205,2
EUR,NMR,01,20070911,3
EUR,NMR,02,20131108,2
FIN,NMR,11,20100426,1
FRA,NMR,04,20111130,9
GBR,NMR,01,20140820,1
ISR,NMR,07,20140722,3
ISR,NMR,04,20100424,6
ITA,NMR,03,20101127,2
JPN,NMR,04,20150102,2
JPN,NMR,01,20100802,9
KOR,NMR,19,20140223,3
LBN,NMR,05,20130623,4
NLD,NMR,03,20120223,9
NMR,NMR,01,20101214,4
NOR,NMR,04,20090814,9
RUS,NMR,04,20121219,2
SEA,NMR,08,20101228,4
USA,NMR,19,20130723,6
USA,NMR,11,20140409,24
USA,NMR,05,20100813,2
USA,NMR,16,20140706,18
USA,NMR,04,20080808,8
USA,NMR,04,20110710,2
USA,NMR,04,20111026,1
USA,NMR,04,20140407,1
USA,NMR,04,20140806,2
USA,NMR,13,20071129,5
USA,NMR,04,20100213,9
USA,NMR,11,20080902,3
USA,NMR,05,20140822,1
USA,NMR,12,20140813,3
USA,NMR,12,20110613,6
USA,NMR,01,20141001,4
USA,NMR,05,20130116,3
USA,NMR,03,20100722,5
USA,NMR,01,20040401,4
USA,NMR,14,20090720,2
USA,NMR,11,20081003,4
USA,NMR,10,20140714,12
USA,NMR,06,20131108,4
USA,NMR,09,20141110,4
USA,NMR,04,20110207,2
USA,NMR,04,20091120,5
VEN,NMR,19,20091109,6
AFR,NOR,19,20120420,2
AGO,NOR,06,20140513,3
ARE,NOR,08,20130723,1
AUS,NOR,04,20111212,4
AUS,NOR,19,20120531,23
BEL,NOR,04,20000522,18
BRA,NOR,05,20061018,5
CAN,NOR,03,20140717,2
CAN,NOR,05,20141003,2
CHE,NOR,03,20120614,6
CHE,NOR,04,20120630,2
CHE,NOR,04,20060125,10
CHN,NOR,01,20111007,1
CHN,NOR,11,20101011,10
CHN,NOR,01,20130429,8
CHN,NOR,01,20131206,2
CHN,NOR,04,20091126,8
CHN,NOR,11,20100821,4
CHN,NOR,04,20040605,6
CHN,NOR,08,20101203,18
COD,NOR,09,20140219,16
CUB,NOR,05,20121017,67
CZE,NOR,04,20110726,2
DEU,NOR,05,20101206,6
DNK,NOR,07,20100903,2
DNK,NOR,19,20110722,7
DNK,NOR,04,20110324,1
EGY,NOR,04,20141003,6
ESP,NOR,05,20141215,5
EUR,NOR,01,20121109,5
EUR,NOR,19,20080603,5
EUR,NOR,04,20060429,11
FIN,NOR,06,20120502,1
FRA,NOR,06,20070329,3
FRA,NOR,03,20110323,3
FRA,NOR,11,20090320,4
GBR,NOR,07,20121001,10
GBR,NOR,04,20000422,12
GBR,NOR,03,20100815,3
GBR,NOR,09,20090130,10
GTM,NOR,04,20120911,8
HUN,NOR,04,20070402,1
IDN,NOR,04,20100527,5
IDN,NOR,05,20121123,14
IRL,NOR,11,20110725,4
IRL,NOR,03,20120621,2
IRN,NOR,04,20100914,39
IRQ,NOR,04,20040421,1
ISL,NOR,03,20090626,6
ISL,NOR,03,20031114,1
ISL,NOR,08,20070918,8
ISR,NOR,04,20000821,1
ISR,NOR,04,20051218,2
ISR,NOR,02,20110718,4
ISR,NOR,02,20140819,8
ISR,NOR,05,20030823,1
ISR,NOR,03,20090607,5
ISR,NOR,05,20011012,2
ISR,NOR,19,20110922,3
ITA,NOR,04,20101103,5
JPN,NOR,17,20021016,4
JPN,NOR,01,20120506,2
KNA,NOR,05,20051026,5
LBN,NOR,03,20150129,8
LKA,NOR,09,20020311,4
LKA,NOR,04,20081125,6
LTU,NOR,04,20141030,30
MDG,NOR,04,20130207,2
MYS,NOR,04,20091009,1
NOR,NOR,01,20120616,3
NOR,NOR,18,20110728,5
NOR,NOR,04,20041201,2
NOR,NOR,05,20140809,4
NOR,NOR,04,20120710,1
NOR,NOR,10,20090514,3
NOR,NOR,01,20110531,1
NOR,NOR,04,20060811,1
NOR,NOR,09,20140702,6
NOR,NOR,17,20140206,8
NOR,NOR,05,20050913,3
NOR,NOR,07,20141113,4
NOR,NOR,01,20010410,5
NOR,NOR,04,20021119,2
NOR,NOR,05,20141010,1
NOR,NOR,11,20110730,2
NOR,NOR,04,20141118,1
NOR,NOR,04,20090223,2
PAK,NOR,16,20060208,1
PHL,NOR,02,20040122,9
PSE,NOR,16,20110725,17
PSE,NOR,05,20081002,2
PSE,NOR,12,20040616,18
PSE,NOR,12,20040309,5
PSE,NOR,04,20110913,32
QAT,NOR,04,20130321,8
RUS,NOR,01,20100923,45
RUS,NOR,14,20130822,10
RUS,NOR,05,20111202,3
RUS,NOR,03,20030215,4
RUS,NOR,04,20030111,8
RUS,NOR,16,20140105,4
RUS,NOR,01,20090804,4
RUS,NOR,09,20010923,12
RUS,NOR,17,20090518,9
RUS,NOR,04,20140407,2
RUS,NOR,03,20051109,3
RUS,NOR,04,20101015,3
RWA,NOR,04,20000322,5
SVK,NOR,17,20150202,3
SVK,NOR,03,20100421,6
SWE,NOR,19,20090909,5
SWE,NOR,05,20130613,1
SWE,NOR,04,20141218,6
THA,NOR,19,20021030,2
TJK,NOR,04,20120901,3
TUR,NOR,04,20150203,1
TUR,NOR,09,20140211,2
USA,NOR,11,20080910,4
USA,NOR,17,20120616,1
USA,NOR,07,20110729,68
USA,NOR,04,20080622,2
USA,NOR,19,20140709,14
USA,NOR,10,20120717,2
USA,NOR,04,20110224,4
USA,NOR,03,20111017,4
USA,NOR,05,20100419,4
USA,NOR,03,20130809,2
USA,NOR,04,20130725,4
USA,NOR,03,20140718,2
USA,NOR,01,20000815,1
USA,NOR,04,20140513,3
USA,NOR,03,20080203,9
USA,NOR,01,20120419,5
USA,NOR,03,20130918,5
USA,NOR,01,20140303,3
USA,NOR,03,20060813,6
USA,NOR,04,20110820,12
WST,NOR,05,20131213,4
WST,NOR,05,20141118,3
YEM,NOR,04,20120913,1
ZAF,NOR,04,20020512,5
ZMB,NOR,05,20100223,2
ZWE,NOR,05,20020711,1
AFG,NPL,19,20101003,3
AFG,NPL,19,20090221,5
AFG,NPL,19,20110403,15
AFR,NPL,01,20140705,1
AFR,NPL,03,20140731,2
ARE,NPL,04,20110226,1
AUT,NPL,02,20080826,1
BTN,NPL,01,20010824,2
BTN,NPL,08,20111201,1
BTN,NPL,04,20050917,1
BTN,NPL,07,20040210,12
BTN,NPL,04,20080907,2
BTN,NPL,16,20080511,1
BTN,NPL,04,20100502,3
BTN,NPL,04,20030919,9
CAN,NPL,04,20120924,10
CHE,NPL,07,20050406,5
CHE,NPL,04,20110418,7
CHE,NPL,11,20101116,12
CHN,NPL,17,20121130,8
CHN,NPL,17,20071209,14
CHN,NPL,01,20060425,4
CHN,NPL,10,20110817,11
CHN,NPL,04,20010304,5
CHN,NPL,04,20111109,1
CHN,NPL,03,20140812,4
CHN,NPL,04,20130930,10
CHN,NPL,05,20150101,4
CHN,NPL,04,20140826,4
CHN,NPL,05,20141230,2
CHN,NPL,04,20090418,6
CHN,NPL,04,20140205,3
CHN,NPL,04,20140811,10
CZE,NPL,04,20150130,4
DEU,NPL,08,20021009,4
DEU,NPL,04,20090923,2
EUR,NPL,04,20091127,9
FRA,NPL,11,20100804,2
GBR,NPL,17,20000524,8
IND,NPL,11,20110421,2
IND,NPL,04,20080109,4
IND,NPL,03,20130829,2
IND,NPL,04,20000331,3
IND,NPL,04,20130802,6
IND,NPL,04,20130915,3
IND,NPL,17,20141028,9
IND,NPL,04,20130326,1
IND,NPL,04,20110828,6
IND,NPL,03,20130724,8
IND,NPL,04,20140311,20
IND,NPL,05,20080419,2
IRL,NPL,03,20111016,4
IRN,NPL,03,20140621,13
IRN,NPL,03,20120413,9
ISR,NPL,01,20090316,4
ISR,NPL,04,20141018,12
ITA,NPL,03,20090210,3
ITA,NPL,04,20130219,6
JOR,NPL,02,20111016,2
JPN,NPL,03,20130924,4
JPN,NPL,13,20100318,9
LKA,NPL,03,20141128,2
LKA,NPL,04,20010808,4
NOR,NPL,05,20090404,8
NOR,NPL,04,20090329,5
NOR,NPL,07,20120510,1
NPL,NPL,02,20080803,6
NPL,NPL,02,20110726,5
NPL,NPL,11,20090424,4
NPL,NPL,08,20041217,7
NPL,NPL,19,20120531,9
NPL,NPL,03,20090809,42
NPL,NPL,12,20100825,9
NPL,NPL,08,20090504,2
NPL,NPL,19,20140724,10
NPL,NPL,14,20110227,9
NPL,NPL,04,20121227,8
NPL,NPL,04,20150116,2
NPL,NPL,17,20130322,6
NPL,NPL,04,20130714,24
NPL,NPL,17,20040403,2
NPL,NPL,01,20110409,1
NPL,NPL,04,20140921,4
NPL,NPL,03,20120119,14
NPL,NPL,10,20090513,20
NPL,NPL,02,20140110,20
NPL,NPL,14,20060425,2
NPL,NPL,19,20051216,2
NPL,NPL,18,20080621,6
NPL,NPL,08,20110530,1
NPL,NPL,04,20140419,10
NPL,NPL,11,20110620,2
NPL,NPL,04,20140803,6
NPL,NPL,18,20041023,3
NPL,NPL,02,20080912,79
NZL,NPL,02,20080110,4
PAK,NPL,19,20040901,3
PAK,NPL,03,20110329,8
PHL,NPL,16,20030507,2
PRK,NPL,04,20080920,4
PRT,NPL,04,20070524,3
QAT,NPL,19,20111127,1
RUS,NPL,02,20131125,10
SAS,NPL,04,20140802,8
SAS,NPL,04,20141122,8
SAS,NPL,04,20030918,3
SAS,NPL,04,20020926,1
SAS,NPL,04,20140618,10
SAS,NPL,04,20000825,9
SAS,NPL,04,20141128,169
SYR,NPL,12,20120812,1
THA,NPL,05,20100521,1
THA,NPL,04,20120608,6
THA,NPL,01,20100521,1
THA,NPL,17,20140710,4
USA,NPL,07,20130725,5
USA,NPL,05,20141208,6
USA,NPL,11,20140714,18
USA,NPL,02,20141116,4
USA,NPL,14,20130904,1
USA,NPL,04,20120731,2
USA,NPL,05,20110704,11
USA,NPL,08,20110411,4
USA,NPL,05,20021022,4
USA,NPL,02,20101005,4
USA,NPL,12,20120112,1
USA,NPL,01,20080626,1
USA,NPL,17,20080208,21
USA,NPL,17,20120829,4
USA,NPL,04,20121111,10
USA,NPL,04,20090419,8
AFG,NRU,14,20031226,1
AUS,NRU,05,20110905,6
AUS,NRU,04,20130814,6
AUS,NRU,04,20100807,3
AUS,NRU,12,20130907,1
JPN,NRU,04,20121107,2
NRU,NRU,03,20010814,2
PNG,NRU,19,20140909,2
PNG,NRU,05,20130704,48
AFG,NZL,19,20110914,7
ARE,NZL,03,20141114,5
AUS,NZL,09,20100109,18
AUS,NZL,03,20130729,20
AUS,NZL,17,20111220,6
AUS,NZL,04,20080115,1
AUS,NZL,04,20130529,10
AUS,NZL,04,20090805,6
AUS,NZL,01,20061108,6
AUS,NZL,09,20130717,2
AUS,NZL,04,20100729,9
AUS,NZL,02,20140628,3
AUS,NZL,02,20140715,20
AUS,NZL,03,20130503,20
AUS,NZL,15,20060527,2
AUS,NZL,03,20120304,6
AUS,NZL,04,20121226,5
AUS,NZL,03,20120425,4
AUS,NZL,11,20101122,10
AUS,NZL,19,20090422,1
AUS,NZL,04,20110527,6
AUS,NZL,09,20101129,1
AUS,NZL,04,20071101,5
AUS,NZL,01,20070921,2
AUS,NZL,03,20140307,9
AUS,NZL,07,20140330,2
AUS,NZL,12,20110711,8
AUS,NZL,04,20111023,18
AUS,NZL,02,20120224,7
AUS,NZL,11,20111110,1
AUS,NZL,11,20111025,9
AUS,NZL,06,20101121,72
AUS,NZL,17,20140813,4
AUS,NZL,04,20140410,2
AUS,NZL,17,20090228,2
AUS,NZL,06,20081014,6
AUS,NZL,03,20091125,9
AUS,NZL,04,20150115,20
AUS,NZL,01,20070821,6
AUS,NZL,02,20091104,2
AUS,NZL,05,20030626,4
AUS,NZL,04,20131223,6
AUS,NZL,11,20141106,4
AUS,NZL,08,20130902,1
AUS,NZL,11,20101107,2
AUS,NZL,04,20070614,1
AUS,NZL,11,20081007,4
AUS,NZL,01,20070615,1
BLR,NZL,05,20140313,2
BMU,NZL,04,20101201,1
BMU,NZL,17,20120326,8
BRA,NZL,06,20140826,3
BRA,NZL,04,20090217,3
BRN,NZL,04,20110916,1
BRN,NZL,04,20130714,2
CAN,NZL,04,20131007,4
CAN,NZL,01,20101121,8
CAN,NZL,02,20121009,6
CAN,NZL,19,20141005,2
CAN,NZL,03,20090812,4
CAN,NZL,05,20110919,16
CHL,NZL,06,20140611,4
CHL,NZL,03,20140220,1
CHL,NZL,04,20110715,5
CHN,NZL,17,20140501,2
CHN,NZL,08,20070329,12
CHN,NZL,09,20090807,1
CHN,NZL,06,20141030,1
CHN,NZL,04,20130527,10
CHN,NZL,04,20140626,2
CHN,NZL,06,20140409,21
CHN,NZL,17,20031009,2
CHN,NZL,04,20140323,3
CHN,NZL,06,20140501,2
CHN,NZL,04,20110118,2
CHN,NZL,04,20140318,3
CHN,NZL,04,20081224,5
CHN,NZL,05,20140319,4
CHN,NZL,07,20140411,24
CHN,NZL,05,20140624,5
CHN,NZL,06,20120901,2
CHN,NZL,02,20090415,1
COK,NZL,03,20030318,24
DEU,NZL,13,20150126,5
DEU,NZL,05,20130609,6
DNK,NZL,04,20080308,7
ECU,NZL,02,20070622,15
ERI,NZL,07,20141110,6
FIN,NZL,04,20110831,3
FJI,NZL,11,20070912,2
FJI,NZL,04,20120416,1
FJI,NZL,03,20100809,8
FJI,NZL,04,20110118,2
FJI,NZL,04,20090410,16
FJI,NZL,03,20140820,3
FJI,NZL,03,20071112,2
FRA,NZL,04,20110904,14
FRA,NZL,01,20031003,2
FRA,NZL,04,20021202,3
FSM,NZL,05,20131203,2
GBR,NZL,04,20111204,2
GBR,NZL,01,20150127,2
GBR,NZL,01,20130427,2
GBR,NZL,04,20101103,3
GBR,NZL,08,20080820,9
GBR,NZL,05,20110205,18
GBR,NZL,01,20140102,4
GBR,NZL,01,20140416,8
GBR,NZL,04,20091123,4
GBR,NZL,19,20020707,6
GBR,NZL,04,20141203,2
GBR,NZL,18,20120312,5
GBR,NZL,01,20090112,1
GBR,NZL,13,20110223,5
GBR,NZL,11,20130422,4
GBR,NZL,01,20140924,6
GRC,NZL,04,20010515,7
HND,NZL,04,20131017,3
HUN,NZL,17,20090709,2
IDN,NZL,06,20131127,2
IDN,NZL,06,20031226,4
IRQ,NZL,19,20040510,2
ISR,NZL,05,20141026,5
ITA,NZL,08,20111229,2
JPN,NZL,11,20141105,2
JPN,NZL,04,20140820,1
JPN,NZL,05,20111003,8
JPN,NZL,04,20101031,2
KIR,NZL,05,20140428,20
KIR,NZL,01,20131017,3
KOR,NZL,04,20030221,2
KOR,NZL,06,20081002,1
KOR,NZL,04,20000720,8
KWT,NZL,06,20030220,8
LBY,NZL,17,20120719,10
LKA,NZL,04,20131114,6
LKA,NZL,01,20101027,1
LKA,NZL,04,20131110,10
MDV,NZL,19,20140316,4
MEX,NZL,19,20120619,2
NZL,NZL,10,20130715,4
NZL,NZL,03,20081103,2
NZL,NZL,01,20110307,9
NZL,NZL,18,20110711,3
NZL,NZL,04,20140319,10
NZL,NZL,08,20020727,9
NZL,NZL,01,20100722,4
NZL,NZL,17,20091122,2
NZL,NZL,01,20131105,10
NZL,NZL,03,20141016,2
NZL,NZL,02,20100827,8
NZL,NZL,02,20140915,4
NZL,NZL,01,20140613,20
NZL,NZL,03,20080731,2
NZL,NZL,19,20130721,2
NZL,NZL,01,20091002,2
NZL,NZL,04,20120205,9
NZL,NZL,05,20110202,4
NZL,NZL,17,20091012,3
NZL,NZL,05,20071024,2
NZL,NZL,01,20140116,4
NZL,NZL,03,20070709,4
NZL,NZL,04,20130905,25
NZL,NZL,12,20130822,2
NZL,NZL,02,20101202,10
NZL,NZL,02,20130809,4
NZL,NZL,04,20090120,2
NZL,NZL,02,20081221,1
NZL,NZL,06,20140925,10
NZL,NZL,04,20090421,2
NZL,NZL,02,20130325,10
NZL,NZL,05,20071025,3
NZL,NZL,01,20141023,4
NZL,NZL,12,20111126,10
NZL,NZL,04,20140428,5
NZL,NZL,06,20091028,2
NZL,NZL,11,20110509,2
NZL,NZL,11,20120815,2
NZL,NZL,05,20110418,9
NZL,NZL,01,20101215,9
NZL,NZL,01,20080128,3
NZL,NZL,06,20141203,2
NZL,NZL,03,20141005,2
NZL,NZL,11,20140220,12
NZL,NZL,04,20110629,2
PHL,NZL,05,20140312,1
PHL,NZL,06,20090709,1
PHL,NZL,03,20110428,1
PNG,NZL,03,20100114,7
PNG,NZL,19,20101028,9
PRT,NZL,03,20140527,6
PRT,NZL,02,20060526,4
RUS,NZL,16,20080222,4
RUS,NZL,03,20120614,2
RUS,NZL,05,20140807,2
SEA,NZL,04,20120418,14
SEA,NZL,08,20120704,10
SEA,NZL,04,20040904,5
SGP,NZL,08,20110705,4
SVK,NZL,04,20141107,4
SYC,NZL,05,20100718,6
THA,NZL,18,20110826,2
TMP,NZL,08,20060525,8
TON,NZL,04,20140729,10
TUR,NZL,04,20130425,2
URY,NZL,06,20140929,2
USA,NZL,11,20120927,36
USA,NZL,01,20100510,2
USA,NZL,07,20090209,12
USA,NZL,04,20090927,9
USA,NZL,04,20141007,16
USA,NZL,07,20090128,2
USA,NZL,17,20111126,3
USA,NZL,03,20070920,7
USA,NZL,04,20061106,1
USA,NZL,05,20040312,4
USA,NZL,17,20140620,4
USA,NZL,04,20141121,6
USA,NZL,04,20120120,2
USA,NZL,03,20140111,9
USA,NZL,04,20120622,14
USA,NZL,02,20110616,9
USA,NZL,07,20131210,6
USA,NZL,17,20050616,2
USA,NZL,04,20110509,1
USA,NZL,19,20130104,8
USA,NZL,19,20121207,10
USA,NZL,01,20080415,1
USA,NZL,04,20111112,48
VNM,NZL,06,20140619,2
VNM,NZL,01,20090912,3
VNM,NZL,05,20140813,2
VNM,NZL,04,20101027,4
VUT,NZL,03,20080211,10
WSM,NZL,19,20091001,14
WSM,NZL,19,20140205,6
ZAF,NZL,04,20020826,4
ZWE,NZL,11,20120528,2
AFR,OMN,03,20141124,4
AFR,OMN,04,20110925,4
ARE,OMN,04,20120514,10
ARE,OMN,04,20060522,6
ARE,OMN,06,20140617,8
ARE,OMN,04,20120514,13
ARE,OMN,03,20030929,6
BHR,OMN,05,20060525,2
CHE,OMN,04,20140218,4
CHN,OMN,03,20140714,12
DEU,OMN,01,20130803,2
DJI,OMN,04,20060815,3
EGY,OMN,05,20110928,2
GBR,OMN,01,20091121,1
GBR,OMN,06,20001109,4
GBR,OMN,04,20141124,2
GBR,OMN,04,20150204,1
IND,OMN,04,20140810,4
IRN,OMN,04,20120101,43
IRN,OMN,05,20131025,1
IRN,OMN,04,20010507,5
IRN,OMN,04,20101028,2
IRN,OMN,05,20040615,9
IRN,OMN,02,20141117,15
IRN,OMN,05,20140410,4
IRN,OMN,03,20141108,30
IRN,OMN,04,20110511,7
IRQ,OMN,03,20110425,1
ISR,OMN,04,20140319,10
ISR,OMN,04,20000111,1
JOR,OMN,02,20131129,4
JOR,OMN,03,20140312,2
JPN,OMN,01,20131001,14
KWT,OMN,05,20040426,1
KWT,OMN,04,20081108,18
KWT,OMN,04,20141212,6
KWT,OMN,04,20130205,6
LBY,OMN,04,20110301,5
MLT,OMN,04,20090528,9
MLT,OMN,04,20140909,10
MLT,OMN,10,20090502,1
MYS,OMN,04,20130207,2
NAM,OMN,04,20121229,4
NGA,OMN,03,20131005,4
NMR,OMN,03,20131209,16
OMN,OMN,01,20140501,2
OMN,OMN,03,20120322,9
OMN,OMN,04,20140625,4
OMN,OMN,07,20080423,4
OMN,OMN,17,20110227,8
OMN,OMN,07,20140602,8
OMN,OMN,02,20111003,10
OMN,OMN,01,20141205,2
OMN,OMN,05,20100203,2
OMN,OMN,05,20061205,1
OMN,OMN,01,20120511,9
OMN,OMN,05,20150114,28
OMN,OMN,12,20130506,2
OMN,OMN,03,20140301,10
PAK,OMN,11,20140211,6
PAK,OMN,17,20120104,7
PGS,OMN,04,20140310,4
QAT,OMN,04,20141112,8
QAT,OMN,04,20131203,4
QAT,OMN,04,20011206,2
RUS,OMN,06,20130325,2
SAU,OMN,04,20100127,2
SAU,OMN,04,20131107,10
SAU,OMN,01,20020730,2
SAU,OMN,06,20140425,1
SAU,OMN,04,20141222,4
SAU,OMN,04,20101126,2
SOM,OMN,10,20121226,1
SYC,OMN,04,20141005,2
TCD,OMN,06,20130907,6
TUR,OMN,04,20140520,4
TUR,OMN,19,20130130,5
TUR,OMN,04,20130223,2
USA,OMN,07,20110916,8
USA,OMN,04,20150126,8
USA,OMN,17,20120808,50
USA,OMN,04,20140424,4
USA,OMN,04,20110220,1
USA,OMN,17,20141008,1
USA,OMN,04,20120131,9
USA,OMN,04,20110411,5
USA,OMN,04,20110306,4
USA,OMN,01,20110727,1
AFG,PAK,11,20110712,5
AFG,PAK,05,20080614,16
AFG,PAK,17,20090916,4
AFG,PAK,05,20081224,1
AFG,PAK,11,20150214,30
AFG,PAK,11,20090408,2
AFG,PAK,10,20140122,6
AFG,PAK,04,20091116,6
AFG,PAK,18,20101115,1
AFG,PAK,06,20101105,1
AFG,PAK,11,20100501,2
AFG,PAK,01,20100220,1
AFG,PAK,11,20120303,2
AFG,PAK,11,20101207,5
AFG,PAK,01,20081216,1
AFG,PAK,09,20100826,8
AFG,PAK,02,20050720,7
AFG,PAK,05,20111030,18
AFG,PAK,19,20120124,3
AFG,PAK,04,20070518,2
AFG,PAK,02,20081101,6
AFG,PAK,04,20131108,14
AFG,PAK,01,20100328,2
AFG,PAK,01,20110113,28
AFG,PAK,05,20111013,3
AFG,PAK,01,20150212,5
AFG,PAK,04,20100102,2
AFG,PAK,04,20080304,6
AFG,PAK,04,20040303,1
AFG,PAK,04,20080214,2
AFG,PAK,11,20091004,2
AFG,PAK,18,20080312,14
AFG,PAK,08,20131031,3
AFG,PAK,05,20030908,1
AFG,PAK,05,20091107,4
AFG,PAK,04,20120520,112
AFG,PAK,19,20091219,4
AFG,PAK,16,20120809,8
AFG,PAK,05,20090524,17
AFG,PAK,18,20141220,8
AFG,PAK,04,20090601,5
AFG,PAK,11,20091220,2
AFG,PAK,07,20120801,18
AFG,PAK,01,20150115,1
AFG,PAK,12,20121001,4
AFG,PAK,03,20020818,2
AFG,PAK,01,20090911,22
AFG,PAK,11,20140802,1
AFG,PAK,18,20080425,4
AFG,PAK,13,20140404,2
AFG,PAK,07,20110308,24
AFG,PAK,13,20121018,2
AFG,PAK,19,20140918,8
AFG,PAK,17,20071102,1
AFG,PAK,05,20130102,10
AFG,PAK,08,20011009,2
AFG,PAK,01,20080303,5
AFG,PAK,04,20140329,5
AFG,PAK,12,20150121,10
AFG,PAK,04,20110108,18
AFG,PAK,08,20000914,6
AFG,PAK,04,20140606,2
AFG,PAK,04,20080716,6
AFG,PAK,01,20140415,10
AFG,PAK,19,20051210,7
AFG,PAK,19,20130531,1
AFG,PAK,11,20140317,2
AFG,PAK,01,20111106,3
AFG,PAK,04,20011014,1
AFG,PAK,02,20141028,1
AFG,PAK,18,20090116,7
AFG,PAK,12,20100818,4
AFG,PAK,02,20100503,3
AFG,PAK,19,20060720,1
AFG,PAK,19,20120612,1
AFG,PAK,04,20011220,4
AFG,PAK,04,20120326,3
AFG,PAK,13,20120211,2
AFG,PAK,17,20130402,5
AFG,PAK,19,20080909,4
AFG,PAK,17,20140701,4
AFG,PAK,04,20080719,5
AFG,PAK,04,20090808,1
AFG,PAK,03,20010921,1
AFG,PAK,04,20101230,8
AFG,PAK,05,20060906,1
AFG,PAK,02,20030719,9
AFG,PAK,04,20140724,2
AFG,PAK,04,20131024,4
AFG,PAK,06,20120208,2
AFG,PAK,01,20110710,20
AFG,PAK,11,20111012,2
AFG,PAK,11,20100730,24
AFG,PAK,01,20090221,7
AFG,PAK,04,20131008,7
AFG,PAK,08,20011229,6
AFG,PAK,06,20070721,9
AFG,PAK,07,20140111,6
AFG,PAK,04,20140428,15
AFG,PAK,19,20031007,2
AFG,PAK,10,20091219,1
AFG,PAK,08,20021231,2
AFG,PAK,03,20100104,1
AFG,PAK,02,20120217,13
AFG,PAK,19,20060519,7
AFG,PAK,19,20081122,1
AFG,PAK,09,20091226,2
AFG,PAK,08,20110628,20
AFG,PAK,10,20091124,4
AFG,PAK,09,20090503,2
AFG,PAK,08,20001224,7
AFG,PAK,04,20110106,2
AFG,PAK,11,20111128,9
AFG,PAK,05,20090530,18
AFG,PAK,02,20010327,8
AFG,PAK,04,20070312,9
AFG,PAK,06,20011102,5
AFG,PAK,02,20130910,14
AFG,PAK,03,20000325,2
AFG,PAK,11,20090126,12
AFG,PAK,03,20131030,10
AFG,PAK,17,20080519,2
AFG,PAK,01,20110920,48
AFG,PAK,19,20090929,3
AFG,PAK,03,20070517,1
AFG,PAK,17,20130408,2
AFG,PAK,11,20130718,5
AFG,PAK,01,20111019,8
AFG,PAK,04,20011119,1
AFG,PAK,01,20111028,20
AFG,PAK,05,20120519,12
AFG,PAK,04,20110712,6
AFG,PAK,04,20131226,4
AFG,PAK,04,20041103,3
AFG,PAK,19,20140708,6
AFG,PAK,17,20110303,2
AFG,PAK,19,20090608,1
AFG,PAK,04,20100319,2
AFG,PAK,07,20121009,8
AFG,PAK,19,20010122,2
AFG,PAK,04,20140620,13
AFG,PAK,09,20121208,7
AFG,PAK,04,20100901,7
AFG,PAK,19,20140715,3
AFG,PAK,17,20100507,7
AFG,PAK,02,20130915,4
AFG,PAK,10,20110505,1
AFG,PAK,04,20130205,18
ARE,PAK,02,20120416,4
ARE,PAK,04,20090713,1
ARE,PAK,11,20100212,1
ARE,PAK,04,20130326,8
ARE,PAK,17,20000419,7
ARE,PAK,05,20131125,2
ARG,PAK,11,20090315,1
ASA,PAK,01,20140717,1
AUS,PAK,17,20090516,5
AUS,PAK,06,20091120,2
AUS,PAK,08,20141023,2
AUS,PAK,05,20090917,5
AUS,PAK,19,20121019,6
AUS,PAK,06,20090417,3
AUT,PAK,04,20070531,2
AZE,PAK,04,20030717,1
BEL,PAK,10,20130214,2
BGD,PAK,01,20100221,4
BGD,PAK,07,20100718,2
BGD,PAK,18,20130814,12
BGD,PAK,04,20120719,4
BGD,PAK,03,20060512,6
BGD,PAK,04,20021213,4
BGD,PAK,01,20081224,9
BGD,PAK,17,20141114,2
BGD,PAK,11,20090815,2
BGD,PAK,04,20130228,8
BGD,PAK,19,20141012,1
BGD,PAK,04,20041103,2
BGD,PAK,08,20131116,2
BGD,PAK,19,20141102,1
BGD,PAK,04,20020726,7
BGD,PAK,05,20141025,4
BGR,PAK,03,20081125,2
BHR,PAK,03,20070804,6
BHR,PAK,05,20140319,1
BRN,PAK,04,20081110,1
BTN,PAK,05,20110628,1
CAN,PAK,04,20150131,28
CAN,PAK,04,20140505,2
CAN,PAK,04,20141120,1
CAN,PAK,05,20141217,6
CAN,PAK,01,20110527,4
CAN,PAK,01,20120702,12
CAS,PAK,03,20130816,2
CHE,PAK,03,20120130,9
CHN,PAK,05,20101216,8
CHN,PAK,02,20140609,4
CHN,PAK,14,20111229,8
CHN,PAK,02,20140906,20
CHN,PAK,01,20140715,1
CHN,PAK,05,20090911,1
CHN,PAK,01,20110510,16
CHN,PAK,05,20140917,1
CHN,PAK,03,20150218,49
CHN,PAK,05,20120304,1
CHN,PAK,03,20000629,3
CHN,PAK,04,20150212,3
CHN,PAK,04,20090618,4
CHN,PAK,05,20000809,18
CHN,PAK,12,20140305,4
CHN,PAK,01,20141108,10
CHN,PAK,11,20131105,2
CHN,PAK,05,20090422,4
CHN,PAK,04,20081220,9
CHN,PAK,04,20100723,4
CHN,PAK,01,20130830,3
CHN,PAK,02,20140222,4
CHN,PAK,04,20080413,16
CHN,PAK,04,20130417,2
CHN,PAK,04,20110615,3
CHN,PAK,05,20131227,2
CHN,PAK,05,20120911,20
CHN,PAK,05,20150212,4
CHN,PAK,04,20091014,1
CHN,PAK,18,20110524,1
CHN,PAK,12,20140818,1
CHN,PAK,03,20130303,12
CHN,PAK,05,20120131,1
CHN,PAK,06,20100524,7
CHN,PAK,06,20130312,2
CHN,PAK,10,20090409,3
CHN,PAK,04,20080728,1
CZE,PAK,04,20091216,4
DEU,PAK,04,20110621,1
DEU,PAK,02,20111130,14
DEU,PAK,04,20101107,1
DEU,PAK,11,20101213,8
DEU,PAK,12,20111130,8
EGY,PAK,01,20091209,4
EGY,PAK,01,20140811,12
ETH,PAK,01,20010523,5
EUR,PAK,05,20150101,1
EUR,PAK,04,20090117,4
EUR,PAK,02,20141224,10
EUR,PAK,04,20100804,12
FRA,PAK,05,20080906,1
FRA,PAK,01,20120530,1
FRA,PAK,04,20091110,2
FRA,PAK,07,20120204,1
FRA,PAK,04,20101122,2
FRA,PAK,01,20100804,12
FRA,PAK,05,20101012,3
FRA,PAK,04,20080118,4
FRA,PAK,04,20021108,1
FRA,PAK,02,20110506,6
GBR,PAK,11,20121127,1
GBR,PAK,05,20090709,8
GBR,PAK,01,20130321,4
GBR,PAK,04,20060822,1
GBR,PAK,02,20141212,2
GBR,PAK,06,20130923,6
GBR,PAK,04,20070706,2
GBR,PAK,04,20090410,10
GBR,PAK,18,20071227,2
GBR,PAK,01,20090828,5
GBR,PAK,02,20081204,1
GBR,PAK,04,20011004,1
GBR,PAK,04,20050718,1
GBR,PAK,01,20131112,6
GBR,PAK,06,20090707,6
GBR,PAK,18,20061222,4
GBR,PAK,08,20141029,2
GBR,PAK,17,20071110,3
GBR,PAK,19,20090901,9
GBR,PAK,01,20100216,1
GBR,PAK,04,20130305,12
GBR,PAK,02,20061129,9
GBR,PAK,04,20141104,11
GBR,PAK,04,20011229,4
GBR,PAK,05,20100610,4
GBR,PAK,05,20100920,2
GBR,PAK,09,20060812,13
GBR,PAK,04,20040402,4
GBR,PAK,01,20130813,10
GBR,PAK,03,20110406,3
GBR,PAK,17,20101221,2
GBR,PAK,14,20140806,2
GBR,PAK,05,20130717,8
GBR,PAK,02,20140402,10
GBR,PAK,04,20131119,3
GBR,PAK,04,20100803,22
GBR,PAK,02,20091210,3
GBR,PAK,04,20131022,4
GRC,PAK,01,20111002,9
GRC,PAK,17,20060313,1
IDN,PAK,17,20010517,4
IND,PAK,04,20130308,7
IND,PAK,06,20130806,5
IND,PAK,03,20090912,6
IND,PAK,10,20100506,1
IND,PAK,05,20141002,2
IND,PAK,07,20141226,1
IND,PAK,01,20081211,3
IND,PAK,11,20120627,6
IND,PAK,01,20131115,6
IND,PAK,11,20081031,1
IND,PAK,01,20121225,2
IND,PAK,02,20020210,1
IND,PAK,07,20030503,2
IND,PAK,03,20041007,9
IND,PAK,05,20110109,2
IND,PAK,01,20150216,6
IND,PAK,11,20090923,2
IND,PAK,04,20090203,18
IND,PAK,01,20120824,3
IND,PAK,06,20150212,1
IND,PAK,05,20090916,12
IND,PAK,19,20110914,16
IND,PAK,04,20130108,3
IND,PAK,01,20110302,6
IND,PAK,04,20140811,16
IND,PAK,11,20130309,4
IND,PAK,19,20100823,1
IND,PAK,02,20040105,6
IND,PAK,02,20110222,4
IND,PAK,10,20081226,1
IND,PAK,11,20070220,2
IND,PAK,11,20020603,1
IND,PAK,03,20111014,2
IND,PAK,03,20010712,2
IND,PAK,17,20141015,6
IND,PAK,01,20120708,2
IND,PAK,04,20080914,2
IND,PAK,11,20010529,2
IND,PAK,18,20130309,16
IND,PAK,02,20100902,2
IND,PAK,04,20040301,3
IND,PAK,09,20120803,1
IND,PAK,04,20130818,1
IND,PAK,02,20150205,4
IND,PAK,04,20061111,1
IND,PAK,19,20120704,3
IND,PAK,05,20120413,5
IND,PAK,05,20070719,6
IND,PAK,04,20000716,2
IND,PAK,17,20090315,3
IND,PAK,04,20130723,4
IND,PAK,03,20010628,2
IND,PAK,11,20030810,7
IND,PAK,04,20090605,8
IND,PAK,17,20111007,1
IND,PAK,01,20130809,2
IND,PAK,03,20090205,8
IND,PAK,03,20140210,6
IND,PAK,01,20020118,4
IND,PAK,06,20081202,4
IND,PAK,17,20101227,4
IND,PAK,04,20020731,1
IRL,PAK,04,20120112,2
IRL,PAK,04,20081025,4
IRL,PAK,19,20120822,2
IRN,PAK,04,20100209,3
IRN,PAK,11,20010123,1
IRN,PAK,04,20070224,7
IRN,PAK,02,20010129,5
IRN,PAK,06,20140724,6
IRN,PAK,03,20140228,4
IRN,PAK,04,20020515,5
IRN,PAK,04,20110426,4
IRN,PAK,04,20140111,6
IRN,PAK,07,20100917,4
IRN,PAK,06,20120805,10
IRN,PAK,02,20130130,8
IRN,PAK,04,20101007,2
IRN,PAK,04,20081204,1
IRN,PAK,04,20130208,2
IRN,PAK,05,20050705,16
IRN,PAK,11,20141010,6
IRN,PAK,13,20140226,10
IRN,PAK,04,20121119,6
IRN,PAK,08,20120827,6
IRN,PAK,05,20090603,4
IRN,PAK,15,20130802,4
IRN,PAK,12,20140227,12
IRN,PAK,06,20080424,3
IRN,PAK,03,20130826,10
IRN,PAK,03,20120417,1
IRN,PAK,04,20110917,5
IRN,PAK,06,20111015,2
IRN,PAK,11,20070820,13
IRN,PAK,04,20001223,2
IRN,PAK,08,20150125,6
IRN,PAK,19,20090304,5
IRN,PAK,04,20010503,12
IRN,PAK,01,20080701,18
IRN,PAK,04,20150108,2
IRN,PAK,17,20000724,1
IRN,PAK,04,20110723,1
IRN,PAK,03,20120719,3
IRN,PAK,04,20120103,4
IRQ,PAK,08,20040416,1
IRQ,PAK,08,20031006,2
IRQ,PAK,19,20110518,10
IRQ,PAK,05,20141130,2
IRQ,PAK,17,20081119,2
IRQ,PAK,19,20131220,1
ISR,PAK,06,20140917,2
ISR,PAK,12,20130613,14
ISR,PAK,05,20090923,8
ITA,PAK,01,20100707,15
ITA,PAK,06,20090929,1
ITA,PAK,01,20000324,9
JOR,PAK,11,20110316,4
JOR,PAK,12,20100212,4
JOR,PAK,04,20120719,2
JOR,PAK,14,20090312,4
JOR,PAK,17,20130910,1
JOR,PAK,02,20100902,7
JOR,PAK,13,20120930,4
JPN,PAK,04,20060817,23
JPN,PAK,07,20011018,5
JPN,PAK,04,20140405,10
JPN,PAK,04,20020617,4
JPN,PAK,08,20110118,9
JPN,PAK,03,20000809,6
JPN,PAK,03,20120210,2
JPN,PAK,05,20110223,13
JPN,PAK,12,20100203,4
JPN,PAK,04,20090417,4
JPN,PAK,03,20000818,4
JPN,PAK,01,20091017,2
KAZ,PAK,04,20030314,3
KEN,PAK,04,20111227,1
KGZ,PAK,14,20100615,2
KOR,PAK,04,20090722,4
KOR,PAK,01,20090405,1
KOR,PAK,05,20141024,10
KOR,PAK,03,20130220,6
KWT,PAK,04,20110213,2
LAO,PAK,02,20140323,1
LBN,PAK,04,20070529,1
LBN,PAK,04,20071218,1
LBN,PAK,04,20091016,3
LBY,PAK,05,20120804,6
LBY,PAK,06,20090723,2
LKA,PAK,01,20101207,7
LKA,PAK,01,20110819,4
LKA,PAK,04,20141031,8
LKA,PAK,04,20131114,2
LKA,PAK,12,20140527,6
LKA,PAK,04,20121219,6
LKA,PAK,07,20100809,5
LKA,PAK,03,20140117,10
MDV,PAK,01,20140816,2
MEX,PAK,19,20141201,1
MYS,PAK,04,20000328,6
MYS,PAK,01,20110329,1
NLD,PAK,04,20101016,39
NOR,PAK,05,20141010,20
NOR,PAK,04,20150119,446
NPL,PAK,17,20090314,1
OMN,PAK,17,20041016,4
OMN,PAK,04,20070707,4
PAK,PAK,04,20071022,6
PAK,PAK,11,20090109,7
PAK,PAK,03,20091002,10
PAK,PAK,07,20100918,4
PAK,PAK,18,20090605,18
PAK,PAK,12,20060720,1
PAK,PAK,12,20131114,4
PAK,PAK,05,20090906,5
PAK,PAK,17,20130624,60
PAK,PAK,12,20080214,2
PAK,PAK,04,20111103,2
PAK,PAK,04,20131219,2
PAK,PAK,01,20001115,5
PAK,PAK,02,20110618,5
PAK,PAK,03,20140525,7
PAK,PAK,02,20070905,4
PAK,PAK,02,20110524,1
PAK,PAK,05,20110821,2
PAK,PAK,17,20140103,5
PAK,PAK,04,20031216,2
PAK,PAK,01,20120308,2
PAK,PAK,04,20100423,14
PAK,PAK,18,20071127,1
PAK,PAK,01,20011110,2
PAK,PAK,07,20080225,6
PAK,PAK,02,20111215,5
PAK,PAK,17,20080207,1
PAK,PAK,11,20090703,8
PAK,PAK,01,20140506,4
PAK,PAK,02,20041101,3
PAK,PAK,08,20080613,7
PAK,PAK,08,20120523,2
PAK,PAK,01,20070824,45
PAK,PAK,12,20100201,9
PAK,PAK,17,20090111,10
PAK,PAK,08,20090713,6
PAK,PAK,01,20131115,12
PAK,PAK,01,20150129,4
PAK,PAK,08,20091103,2
PAK,PAK,01,20090314,1
PAK,PAK,17,20140525,1
PAK,PAK,19,20011214,1
PAK,PAK,08,20090126,9
PAK,PAK,03,20140512,1
PAK,PAK,19,20080122,8
PAK,PAK,08,20150214,2
PAK,PAK,11,20080602,6
PAK,PAK,17,20090427,2
PAK,PAK,04,20120619,3
PAK,PAK,09,20120323,2
PAK,PAK,05,20140324,5
PAK,PAK,11,20110420,98
PAK,PAK,04,20070806,10
PAK,PAK,01,20110409,2
PAK,PAK,19,20130817,8
PAK,PAK,19,20130508,8
PAK,PAK,16,20071027,9
PAK,PAK,19,20080520,9
PAK,PAK,17,20010831,6
PAK,PAK,02,20090317,18
PAK,PAK,13,20110504,1
PAK,PAK,12,20140927,2
PAK,PAK,04,20141125,4
PAK,PAK,17,20140303,2
PAK,PAK,04,20080409,6
PAK,PAK,10,20070719,10
PAK,PAK,03,20120130,5
PAK,PAK,04,20090119,2
PAK,PAK,02,20110720,9
PAK,PAK,17,20130607,3
PAK,PAK,04,20011220,5
PAK,PAK,08,20090428,1
PAK,PAK,03,20120517,28
PAK,PAK,04,20020207,9
PAK,PAK,04,20140826,12
PAK,PAK,17,20141231,4
PAK,PAK,04,20080501,6
PAK,PAK,02,20091021,5
PAK,PAK,02,20100131,1
PAK,PAK,19,20140803,1
PAK,PAK,05,20120610,1
PAK,PAK,04,20120220,3
PAK,PAK,13,20090429,9
PAK,PAK,01,20140823,94
PAK,PAK,05,20110907,2
PAK,PAK,11,20080730,4
PAK,PAK,02,20140824,4
PAK,PAK,19,20101211,1
PAK,PAK,01,20060922,6
PAK,PAK,19,20150111,1
PAK,PAK,19,20060121,2
PAK,PAK,01,20100222,5
PAK,PAK,10,20090330,4
PAK,PAK,19,20120530,53
PAK,PAK,05,20070712,2
PAK,PAK,12,20130530,8
PAK,PAK,03,20140429,8
PAK,PAK,03,20070529,8
PAK,PAK,10,20081226,9
PAK,PAK,03,20111205,3
PAK,PAK,07,20121005,10
PAK,PAK,01,20130830,8
PAK,PAK,02,20130927,2
PAK,PAK,04,20080525,1
PAK,PAK,01,20090103,5
PAK,PAK,17,20080204,10
PAK,PAK,01,20060122,1
PAK,PAK,19,20100101,12
PAK,PAK,18,20120813,2
PAK,PAK,16,20140131,10
PAK,PAK,11,20080721,12
PAK,PAK,03,20080417,9
PAK,PAK,04,20080428,7
PAK,PAK,05,20030927,4
PAK,PAK,02,20140519,10
PAK,PAK,11,20080609,10
PAK,PAK,01,20140514,20
PAK,PAK,17,20020923,2
PAK,PAK,01,20131016,4
PAK,PAK,01,20130926,7
PAK,PAK,01,20100912,21
PAK,PAK,19,20130827,4
PAK,PAK,11,20080821,9
PAK,PAK,11,20141215,1
PAK,PAK,11,20130305,1
PAK,PAK,11,20081213,11
PAK,PAK,14,20111122,16
PAK,PAK,11,20130916,1
PAK,PAK,08,20110220,8
PAK,PAK,17,20141209,10
PAK,PAK,17,20091106,10
PAK,PAK,17,20150205,16
PAK,PAK,01,20010617,7
PAK,PAK,10,20120118,28
PAK,PAK,11,20140802,4
PAK,PAK,04,20111026,1
PAK,PAK,04,20071023,27
PAK,PAK,01,20110924,65
PAK,PAK,05,20130125,2
PAK,PAK,01,20000323,4
PAK,PAK,03,20131110,3
PAK,PAK,04,20130317,68
PAK,PAK,07,20030812,6
PAK,PAK,19,20140802,6
PAK,PAK,17,20091004,7
PAK,PAK,05,20131207,10
PAK,PAK,08,20081014,18
PAK,PAK,12,20020830,9
PAK,PAK,13,20080725,2
PAK,PAK,18,20070429,9
PAK,PAK,04,20141113,6
PAK,PAK,08,20071022,10
PAK,PAK,01,20110621,14
PAK,PAK,11,20071113,36
PAK,PAK,04,20090415,4
PAK,PAK,11,20070529,9
PAK,PAK,04,20120509,2
PAK,PAK,17,20091025,5
PAK,PAK,10,20130610,5
PAK,PAK,01,20100626,5
PAK,PAK,04,20120502,10
PAK,PAK,03,20040828,5
PAK,PAK,01,20100916,18
PAK,PAK,11,20070627,5
PAK,PAK,05,20090217,3
PAK,PAK,18,20090901,9
PAK,PAK,18,20071027,45
PAK,PAK,01,20130312,4
PAK,PAK,04,20140103,2
PAK,PAK,18,20101009,1
PAK,PAK,11,20141228,8
PAK,PAK,01,20110724,3
PAK,PAK,03,20110210,63
PAK,PAK,01,20110503,54
PAK,PAK,02,20121118,1
PAK,PAK,12,20110527,7
PAK,PAK,11,20051007,11
PAK,PAK,11,20070714,5
PAK,PAK,08,20110913,2
PAK,PAK,08,20141202,10
PAK,PAK,17,20021030,1
PAK,PAK,04,20111008,6
PAK,PAK,05,20130707,6
PAK,PAK,09,20091019,11
PAK,PAK,19,20080110,10
PAK,PAK,04,20070422,7
PAK,PAK,05,20011102,7
PAK,PAK,17,20121226,10
PAK,PAK,01,20120427,92
PAK,PAK,11,20100929,4
PAK,PAK,05,20140602,3
PAK,PAK,01,20070309,3
PAK,PAK,19,20091014,3
PAK,PAK,17,20090720,5
PAK,PAK,03,20010913,6
PAK,PAK,11,20090311,3
PAK,PAK,09,20040325,3
PAK,PAK,01,20111204,12
PAK,PAK,19,20080904,6
PAK,PAK,09,20100304,8
PAK,PAK,14,20081215,2
PAK,PAK,01,20090116,13
PAK,PAK,17,20110502,18
PAK,PAK,17,20130722,1
PAK,PAK,17,20060306,5
PAK,PAK,01,20100428,10
PAK,PAK,13,20110512,3
PAK,PAK,01,20090204,2
PAK,PAK,01,20130430,5
PAK,PAK,19,20090124,7
PAK,PAK,01,20130624,3
PAK,PAK,11,20110103,4
PAK,PAK,11,20080808,2
PAK,PAK,16,20080825,1
PAK,PAK,14,20071205,16
PAK,PAK,01,20140801,2
PAK,PAK,01,20140310,7
PAK,PAK,08,20150107,1
PAK,PAK,08,20090204,3
PHL,PAK,04,20071210,2
PHL,PAK,04,20060406,4
PHL,PAK,04,20120212,8
POL,PAK,08,20070621,32
POL,PAK,05,20091103,1
PRK,PAK,07,20030504,6
PRK,PAK,12,20040213,6
PRK,PAK,01,20040106,2
PSE,PAK,05,20100608,9
PSE,PAK,05,20140710,2
PSE,PAK,04,20071129,1
QAT,PAK,19,20140524,10
RUS,PAK,03,20121002,8
RUS,PAK,03,20141120,20
RUS,PAK,04,20110902,7
RUS,PAK,12,20111121,1
RUS,PAK,05,20070612,5
RUS,PAK,06,20041204,7
RUS,PAK,04,20110109,4
RUS,PAK,03,20020604,2
RUS,PAK,03,20120125,7
RUS,PAK,10,20140611,4
SAS,PAK,04,20031229,1
SAS,PAK,04,20120408,5
SAS,PAK,01,20120709,2
SAS,PAK,04,20111130,14
SAS,PAK,04,20030917,5
SAS,PAK,04,20030521,2
SAS,PAK,02,20130117,2
SAS,PAK,02,20090429,6
SAS,PAK,03,20120610,8
SAS,PAK,10,20130929,6
SAS,PAK,04,20050525,18
SAU,PAK,04,20080324,7
SAU,PAK,04,20130809,2
SAU,PAK,04,20080207,1
SAU,PAK,11,20150106,6
SAU,PAK,03,20050218,1
SAU,PAK,18,20051223,5
SAU,PAK,10,20070910,9
SAU,PAK,04,20050220,2
SAU,PAK,02,20140104,6
SAU,PAK,05,20130807,4
SAU,PAK,04,20140218,10
SAU,PAK,03,20001210,5
SAU,PAK,08,20110211,1
SAU,PAK,04,20141014,2
SAU,PAK,06,20050521,1
SAU,PAK,02,20140711,4
SAU,PAK,03,20120213,2
SAU,PAK,04,20100809,7
SAU,PAK,05,20140109,8
SEA,PAK,06,20120125,1
SEA,PAK,03,20010111,4
SGP,PAK,07,20090907,1
SOM,PAK,08,20140406,6
SYC,PAK,17,20090511,2
SYR,PAK,04,20060719,2
SYR,PAK,04,20140408,6
SYR,PAK,04,20111019,1
TJK,PAK,04,20120327,2
TJK,PAK,17,20140417,8
TJK,PAK,02,20150111,6
TKM,PAK,03,20140501,8
TKM,PAK,04,20120321,3
TKM,PAK,01,20050718,7
TMP,PAK,04,20120915,1
TUR,PAK,04,20090404,4
TUR,PAK,05,20020116,5
TUR,PAK,03,20110916,1
TUR,PAK,04,20101006,1
TUR,PAK,03,20120113,16
TUR,PAK,16,20110215,6
TUR,PAK,07,20011024,2
TUR,PAK,04,20111101,6
TUR,PAK,04,20110907,156
TUR,PAK,04,20101224,1
USA,PAK,08,20111001,4
USA,PAK,19,20110505,26
USA,PAK,12,20081226,7
USA,PAK,19,20030829,7
USA,PAK,01,20120102,10
USA,PAK,03,20140718,8
USA,PAK,01,20090510,8
USA,PAK,13,20100829,9
USA,PAK,04,20090214,8
USA,PAK,19,20090127,9
USA,PAK,04,20010917,2
USA,PAK,16,20021220,2
USA,PAK,11,20110115,4
USA,PAK,01,20120320,9
USA,PAK,16,20090112,20
USA,PAK,01,20090413,8
USA,PAK,01,20041220,2
USA,PAK,03,20000202,2
USA,PAK,11,20111030,3
USA,PAK,01,20040125,5
USA,PAK,07,20090502,5
USA,PAK,19,20120829,5
USA,PAK,07,20091210,1
USA,PAK,03,20100217,3
USA,PAK,17,20071115,4
USA,PAK,04,20020320,1
USA,PAK,19,20080924,4
USA,PAK,19,20121005,195
USA,PAK,07,20091116,13
USA,PAK,04,20020710,1
USA,PAK,01,20090504,5
USA,PAK,08,20150119,22
USA,PAK,16,20140206,6
USA,PAK,19,20091116,2
USA,PAK,18,20020917,9
USA,PAK,02,20090411,5
USA,PAK,02,20140128,3
USA,PAK,17,20101005,2
USA,PAK,05,20101205,2
USA,PAK,04,20110211,13
USA,PAK,03,20091216,10
USA,PAK,17,20040618,9
USA,PAK,04,20070912,2
USA,PAK,17,20130821,98
USA,PAK,11,20121105,45
USA,PAK,10,20110512,2
USA,PAK,03,20060121,2
USA,PAK,19,20120922,10
USA,PAK,04,20121016,2
USA,PAK,09,20120227,936
USA,PAK,04,20050608,4
USA,PAK,05,20120424,1
USA,PAK,03,20010524,29
USA,PAK,05,20101220,2
USA,PAK,01,20120118,4
USA,PAK,09,20091217,3
USA,PAK,01,20120616,1
USA,PAK,19,20110702,7
USA,PAK,02,20101014,15
USA,PAK,01,20090724,21
USA,PAK,16,20030314,9
USA,PAK,01,20101111,3
USA,PAK,06,20090630,3
USA,PAK,07,20121010,1
USA,PAK,18,20130304,1
USA,PAK,01,20100214,4
USA,PAK,03,20090326,4
USA,PAK,11,20000713,4
USA,PAK,18,20130317,10
USA,PAK,11,20110511,36
USA,PAK,01,20081024,2
USA,PAK,01,20130730,10
USA,PAK,04,20130115,2
USA,PAK,03,20120410,2
USA,PAK,03,20120509,6
USA,PAK,05,20141206,12
USA,PAK,05,20131012,8
USA,PAK,01,20101130,162
USA,PAK,19,20140808,12
USA,PAK,01,20080724,5
USA,PAK,06,20110305,4
USA,PAK,01,20110423,2
USA,PAK,12,20110506,2
USA,PAK,11,20080930,1
USA,PAK,19,20110711,3
USA,PAK,10,20090214,1
USA,PAK,03,20030901,2
USA,PAK,04,20100924,7
USA,PAK,19,20110207,49
USA,PAK,08,20020426,2
USA,PAK,19,20081101,4
USA,PAK,04,20090424,1
USA,PAK,01,20080107,18
USA,PAK,05,20131209,167
USA,PAK,01,20070816,11
USA,PAK,17,20110531,12
USA,PAK,13,20140205,2
USA,PAK,03,20110407,5
USA,PAK,02,20030715,2
USA,PAK,11,20120930,4
USA,PAK,07,20140930,12
USA,PAK,04,20071116,4
USA,PAK,06,20100903,7
USA,PAK,19,20120602,2
USA,PAK,11,20141123,2
USA,PAK,01,20140528,4
USA,PAK,12,20070921,5
USA,PAK,05,20070116,3
USA,PAK,04,20110617,4
USA,PAK,05,20120224,1
USA,PAK,18,20091024,3
USA,PAK,02,20090703,9
USA,PAK,05,20110524,8
USA,PAK,01,20111223,29
USA,PAK,08,20120327,24
USA,PAK,04,20110620,10
USA,PAK,11,20100303,6
USA,PAK,19,20120208,9
USA,PAK,04,20081102,2
USA,PAK,01,20140310,4
USA,PAK,19,20100119,12
USA,PAK,18,20141215,2
USA,PAK,19,20070805,4
USA,PAK,01,20141011,6
USA,PAK,04,20100224,21
USA,PAK,08,20100512,3
USA,PAK,13,20030108,9
USA,PAK,19,20071108,2
USA,PAK,05,20110204,2
USA,PAK,11,20120424,2
USA,PAK,19,20140129,1
USA,PAK,04,20080305,8
USA,PAK,05,20120617,8
USA,PAK,04,20000601,7
USA,PAK,02,20110216,2
USA,PAK,11,20000204,2
USA,PAK,04,20010611,6
USA,PAK,19,20090509,26
USA,PAK,17,20120316,9
USA,PAK,03,20010727,1
USA,PAK,04,20090209,3
USA,PAK,04,20050809,2
USA,PAK,12,20131215,1
USA,PAK,02,20030825,2
USA,PAK,11,20131103,2
USA,PAK,10,20110512,4
USA,PAK,19,20091112,34
USA,PAK,06,20030405,14
USA,PAK,04,20020325,4
USA,PAK,04,20120207,12
USA,PAK,02,20110806,9
USA,PAK,01,20101111,1
USA,PAK,10,20100203,3
USA,PAK,15,20031013,7
UZB,PAK,04,20010909,1
VAT,PAK,01,20020810,1
VNM,PAK,01,20140403,2
VNM,PAK,01,20141003,2
WST,PAK,19,20120522,5
WST,PAK,17,20120626,6
WST,PAK,02,20101013,5
WST,PAK,09,20130831,10
WST,PAK,19,20080904,5
WST,PAK,02,20120519,70
WST,PAK,04,20101213,16
YEM,PAK,08,20090313,3
YEM,PAK,04,20110301,12
YEM,PAK,04,20140609,2
ZAF,PAK,19,20090531,21
ZAF,PAK,02,20090828,12
ZAF,PAK,19,20110313,5
ZAF,PAK,05,20101204,5
ZAF,PAK,01,20090506,2
BHS,PAN,07,20130811,4
BHS,PAN,03,20130817,6
BLZ,PAN,04,20030905,13
CAN,PAN,03,20090808,6
CAN,PAN,06,20101222,4
CAN,PAN,06,20090811,9
CHL,PAN,04,20130711,2
CHN,PAN,03,20111004,5
COL,PAN,05,20130611,2
COL,PAN,03,20081216,6
COL,PAN,05,20091129,12
ECU,PAN,07,20120819,2
FRA,PAN,17,20070812,1
GBR,PAN,04,20091111,8
GRC,PAN,04,20130731,2
HND,PAN,04,20120227,2
HND,PAN,07,20090702,4
JOR,PAN,03,20130921,8
KOR,PAN,01,20120413,2
PAN,PAN,16,20120206,7
PAN,PAN,18,20130522,2
PAN,PAN,01,20130717,26
PAN,PAN,01,20090504,3
PAN,PAN,02,20120402,2
PAN,PAN,01,20040301,9
PAN,PAN,03,20110427,128
PAN,PAN,03,20130828,16
PAN,PAN,03,20100713,8
PAN,PAN,01,20080213,5
PAN,PAN,03,20141220,4
PER,PAN,04,20080518,1
PER,PAN,04,20100829,1
SGP,PAN,03,20020830,8
SLV,PAN,03,20090320,2
SYR,PAN,19,20120223,4
USA,PAN,19,20080305,4
USA,PAN,05,20150115,2
USA,PAN,05,20121102,10
USA,PAN,01,20110123,9
USA,PAN,19,20140312,4
USA,PAN,05,20140528,10
USA,PAN,03,20121001,10
USA,PAN,04,20000617,8
USA,PAN,05,20121004,4
USA,PAN,07,20130719,2
USA,PAN,03,20150211,7
USA,PAN,04,20150212,5
USA,PAN,01,20110309,8
USA,PAN,17,20130823,8
USA,PAN,09,20131022,2
AFR,PER,04,20131205,4
AFR,PER,19,20090314,3
ARG,PER,12,20121102,2
ARG,PER,04,20100322,4
AUS,PER,04,20100508,2
BOL,PER,12,20140422,3
BOL,PER,11,20100128,4
BOL,PER,11,20131218,10
BOL,PER,17,20000410,1
BRA,PER,11,20050118,2
BRA,PER,03,20131108,8
BRA,PER,03,20031020,16
BRA,PER,17,20060316,2
BRA,PER,06,20100810,3
BRA,PER,12,20101228,1
CAN,PER,03,20140818,2
CHE,PER,11,20130724,3
CHL,PER,03,20040317,4
CHL,PER,04,20080414,3
CHL,PER,17,20070925,6
CHN,PER,04,20140221,4
CHN,PER,04,20081119,5
COL,PER,03,20040218,6
COL,PER,05,20080803,3
COL,PER,04,20081216,8
COL,PER,01,20120709,4
COL,PER,03,20060321,5
COL,PER,05,20091130,1
COL,PER,04,20100608,16
DEU,PER,03,20020425,8
DOM,PER,04,20070904,2
ECU,PER,04,20080331,28
ECU,PER,07,20140721,2
ESP,PER,18,20090215,2
ESP,PER,04,20060419,1
ESP,PER,01,20130817,4
ESP,PER,04,20080723,2
EUR,PER,03,20110413,20
FRA,PER,04,20090218,1
FRA,PER,08,20041125,1
GBR,PER,04,20120208,4
GBR,PER,02,20120322,3
IND,PER,04,20141017,10
IRL,PER,01,20150114,2
ISR,PER,04,20070818,1
ISR,PER,07,20130219,15
ISR,PER,04,20050526,2
JPN,PER,04,20030731,2
JPN,PER,03,20090414,4
JPN,PER,02,20040808,2
JPN,PER,04,20040217,6
JPN,PER,04,20000718,8
JPN,PER,04,20010801,1
JPN,PER,04,20101111,4
KOR,PER,04,20120508,2
KWT,PER,05,20141215,8
MEX,PER,04,20100702,1
MEX,PER,12,20000705,3
NIC,PER,04,20090620,7
NLD,PER,05,20110516,18
NLD,PER,17,20110802,2
NLD,PER,09,20100610,1
NLD,PER,19,20120509,2
NOR,PER,04,20140423,1
NZL,PER,05,20140913,2
PAN,PER,09,20000929,1
PER,PER,01,20080222,2
PER,PER,03,20091111,2
PER,PER,17,20100208,1
PER,PER,07,20140502,8
PER,PER,04,20140410,10
PER,PER,17,20001103,2
PER,PER,01,20030610,4
PER,PER,17,20110428,28
PER,PER,04,20021227,8
PER,PER,13,20000823,2
PER,PER,09,20120429,2
PER,PER,01,20110219,4
PER,PER,17,20131218,16
PER,PER,01,20030804,2
PER,PER,04,20091123,9
PER,PER,02,20120922,2
PER,PER,19,20130906,2
PHL,PER,03,20120827,3
PHL,PER,01,20100902,8
PHL,PER,04,20140326,6
PHL,PER,04,20100816,1
PRK,PER,05,20070728,4
PRY,PER,04,20101126,4
PSE,PER,11,20070104,5
THA,PER,03,20110824,2
URY,PER,04,20120616,16
USA,PER,19,20100825,2
USA,PER,04,20120114,1
USA,PER,08,20081030,4
USA,PER,04,20131207,11
USA,PER,04,20140819,10
USA,PER,07,20121014,4
USA,PER,05,20121017,2
USA,PER,02,20081031,2
USA,PER,04,20121217,2
USA,PER,04,20010625,1
USA,PER,12,20100103,2
USA,PER,07,20110601,9
USA,PER,04,20020703,12
USA,PER,01,20141229,1
USA,PER,05,20110621,1
USA,PER,01,20140519,1
VEN,PER,05,20060611,2
VEN,PER,04,20010416,1
BHR,PGS,08,20110313,6
IRN,PGS,05,20100502,3
IRN,PGS,04,20130703,10
IRN,PGS,04,20100608,10
IRN,PGS,05,20120516,5
IRQ,PGS,19,20101026,8
KWT,PGS,05,20061119,2
KWT,PGS,15,20061119,4
OMN,PGS,04,20011217,2
SAU,PGS,05,20141104,6
SAU,PGS,04,20120301,7
SAU,PGS,04,20140509,2
SGP,PGS,05,20140409,8
USA,PGS,07,20131219,4
USA,PGS,04,20130317,10
USA,PGS,05,20140914,2
YEM,PGS,05,20110428,8
AFG,PHL,04,20121127,2
AFG,PHL,19,20130604,7
AFG,PHL,08,20140106,10
ARE,PHL,04,20100824,10
ARG,PHL,01,20110318,2
ARG,PHL,17,20120408,2
AUS,PHL,05,20080930,2
AUS,PHL,04,20120509,2
AUS,PHL,17,20090502,3
AUS,PHL,04,20131113,1
AUS,PHL,04,20070731,8
AUS,PHL,05,20141004,5
AUS,PHL,05,20081227,2
AUS,PHL,01,20070408,1
AUS,PHL,03,20081229,2
BGD,PHL,11,20080219,16
BRA,PHL,19,20131029,10
BRN,PHL,05,20140829,12
BRN,PHL,12,20131129,6
CAN,PHL,02,20101123,2
CAN,PHL,01,20131022,8
CAN,PHL,04,20090812,8
CHL,PHL,02,20120910,2
CHL,PHL,04,20100629,2
CHL,PHL,04,20131221,10
CHL,PHL,03,20141221,4
CHN,PHL,14,20120916,2
CHN,PHL,01,20120229,2
CHN,PHL,04,20120610,2
CHN,PHL,04,20141109,3
CHN,PHL,03,20120629,7
CHN,PHL,19,20140529,56
CHN,PHL,01,20120913,8
CHN,PHL,04,20110823,3
CHN,PHL,12,20020827,7
CHN,PHL,15,20120511,2
CHN,PHL,01,20091104,4
CHN,PHL,03,20141120,2
CHN,PHL,11,20140715,32
CHN,PHL,19,20120926,6
CHN,PHL,03,20080828,2
CHN,PHL,04,20101214,1
CHN,PHL,03,20030412,18
CHN,PHL,03,20141207,10
CHN,PHL,17,20110301,5
CHN,PHL,05,20090108,1
CHN,PHL,17,20110220,2
CHN,PHL,01,20150122,1
CHN,PHL,05,20050427,3
CHN,PHL,16,20090318,11
CHN,PHL,17,20120418,4
CHN,PHL,02,20090313,2
CHN,PHL,13,20120428,3
CHN,PHL,04,20110308,4
CHN,PHL,03,20090914,2
CHN,PHL,16,20140915,6
CHN,PHL,05,20011102,6
CHN,PHL,11,20140501,3
CHN,PHL,04,20070404,2
CHN,PHL,11,20130409,12
CYM,PHL,05,20120606,2
CYP,PHL,16,20141007,8
DEU,PHL,08,20000717,4
DEU,PHL,04,20130413,10
DEU,PHL,05,20120606,2
DNK,PHL,03,20130922,2
DOM,PHL,01,20130902,4
DOM,PHL,04,20100129,5
DZA,PHL,03,20140104,6
EGY,PHL,04,20130905,2
ESP,PHL,07,20130708,2
ESP,PHL,01,20000712,2
ESP,PHL,02,20120609,2
ESP,PHL,05,20110201,2
EUR,PHL,03,20131108,5
EUR,PHL,06,20111120,1
EUR,PHL,08,20130712,15
EUR,PHL,01,20090407,5
EUR,PHL,03,20140605,1
EUR,PHL,03,20080523,9
FRA,PHL,02,20110501,4
FRA,PHL,14,20131112,8
FRA,PHL,11,20140113,4
FRA,PHL,07,20140128,6
FRA,PHL,01,20120403,1
GBR,PHL,04,20130816,8
GBR,PHL,02,20150107,4
GBR,PHL,04,20131112,20
GBR,PHL,08,20100820,9
GBR,PHL,11,20091015,9
IDN,PHL,04,20131112,3
IDN,PHL,03,20150210,2
IDN,PHL,18,20010119,34
IDN,PHL,03,20150209,6
IDN,PHL,04,20140214,4
IDN,PHL,04,20031006,2
IDN,PHL,04,20140131,2
IDN,PHL,07,20090227,3
IDN,PHL,17,20020813,3
IDN,PHL,04,20020405,7
IDN,PHL,07,20120217,4
IDN,PHL,04,20060507,1
IDN,PHL,08,20140523,8
IND,PHL,04,20121119,10
IRQ,PHL,17,20080124,1
IRQ,PHL,08,20030820,7
IRQ,PHL,08,20031112,8
ISR,PHL,11,20130308,2
ISR,PHL,03,20131116,6
ITA,PHL,17,20090418,2
ITA,PHL,17,20131019,4
ITA,PHL,11,20140712,2
ITA,PHL,15,20070618,1
JOR,PHL,04,20030311,18
JPN,PHL,04,20140423,6
JPN,PHL,04,20130806,2
JPN,PHL,03,20110730,9
JPN,PHL,04,20140424,24
JPN,PHL,06,20140828,10
JPN,PHL,04,20110410,1
JPN,PHL,08,20080119,3
JPN,PHL,03,20141228,1
JPN,PHL,04,20150116,2
JPN,PHL,04,20101002,2
JPN,PHL,11,20140428,8
JPN,PHL,07,20031223,9
JPN,PHL,16,20110316,3
JPN,PHL,03,20100908,7
JPN,PHL,04,20120818,2
JPN,PHL,08,20131209,4
JPN,PHL,07,20140624,20
KAZ,PHL,01,20101227,2
KEN,PHL,06,20090909,8
KHM,PHL,10,20130907,8
KHM,PHL,04,20121204,8
KOR,PHL,05,20121109,2
KOR,PHL,11,20120418,1
KOR,PHL,03,20140519,3
KOR,PHL,01,20020316,2
KOR,PHL,04,20140608,2
KOR,PHL,03,20110128,3
KOR,PHL,05,20100819,1
KWT,PHL,04,20110223,9
LAO,PHL,01,20121103,2
LBY,PHL,02,20110406,4
LBY,PHL,10,20131006,3
MDV,PHL,04,20110124,4
MEX,PHL,04,20131126,3
MYS,PHL,07,20080521,2
MYS,PHL,04,20110531,4
MYS,PHL,17,20131221,2
MYS,PHL,04,20000623,9
MYS,PHL,01,20141016,6
MYS,PHL,03,20130225,8
MYS,PHL,04,20120604,4
MYS,PHL,19,20130726,2
MYS,PHL,04,20030328,2
MYS,PHL,04,20140226,6
MYS,PHL,11,20020901,5
MYS,PHL,04,20140530,18
MYS,PHL,04,20130724,17
MYS,PHL,08,20141120,4
MYS,PHL,06,20131005,5
MYS,PHL,17,20130309,5
MYS,PHL,04,20131007,2
MYS,PHL,03,20091231,2
NGA,PHL,18,20100915,5
NGA,PHL,01,20070506,3
NGA,PHL,04,20090511,4
NLD,PHL,18,20120202,1
NOR,PHL,03,20150211,2
NPL,PHL,04,20140226,5
NPL,PHL,10,20140828,6
NRU,PHL,08,20131129,4
NZL,PHL,13,20101105,6
NZL,PHL,04,20100822,6
NZL,PHL,05,20010831,1
PAK,PHL,17,20060811,4
PAK,PHL,04,20081027,4
PAK,PHL,19,20110728,5
PAK,PHL,03,20050418,7
PAK,PHL,01,20130531,2
PER,PHL,02,20141225,2
PER,PHL,01,20110826,4
PER,PHL,09,20120818,2
PER,PHL,04,20150101,1
PER,PHL,04,20081123,7
PER,PHL,05,20140404,2
PHL,PHL,15,20090116,2
PHL,PHL,17,20120327,1
PHL,PHL,11,20131106,3
PHL,PHL,03,20141227,2
PHL,PHL,05,20130811,4
PHL,PHL,17,20120604,2
PHL,PHL,17,20101001,9
PHL,PHL,04,20140320,2
PHL,PHL,11,20140410,1
PHL,PHL,14,20141020,4
PHL,PHL,03,20080319,27
PHL,PHL,01,20110419,4
PHL,PHL,01,20120413,15
PHL,PHL,03,20111117,8
PHL,PHL,01,20091201,14
PHL,PHL,10,20111026,2
PHL,PHL,19,20030210,2
PHL,PHL,07,20070822,3
PHL,PHL,15,20060425,5
PHL,PHL,07,20130629,2
PHL,PHL,12,20030318,21
PHL,PHL,06,20120509,2
PHL,PHL,15,20090624,2
PHL,PHL,17,20110603,4
PHL,PHL,02,20101024,1
PHL,PHL,01,20131229,1
PHL,PHL,09,20071102,5
PHL,PHL,07,20100630,1
PHL,PHL,10,20000509,1
PHL,PHL,04,20140304,18
PHL,PHL,02,20080318,4
PHL,PHL,13,20140320,5
PHL,PHL,17,20150108,2
PHL,PHL,17,20020423,1
PHL,PHL,04,20110407,2
PHL,PHL,11,20080820,2
PHL,PHL,08,20140527,4
PHL,PHL,04,20091204,5
PHL,PHL,10,20090227,2
PHL,PHL,06,20090913,4
PHL,PHL,04,20140426,2
PHL,PHL,02,20021105,4
PHL,PHL,04,20100525,2
PHL,PHL,01,20150209,1
PHL,PHL,11,20090520,6
PHL,PHL,02,20130317,4
PHL,PHL,03,20110209,18
PHL,PHL,17,20100112,13
PHL,PHL,08,20010703,3
PHL,PHL,08,20120525,4
PHL,PHL,03,20120419,2
PHL,PHL,19,20051121,3
PHL,PHL,18,20000803,3
PHL,PHL,03,20030902,9
PHL,PHL,03,20101111,4
PHL,PHL,19,20070409,2
PHL,PHL,17,20101102,9
PHL,PHL,02,20150115,3
PHL,PHL,01,20110617,8
PHL,PHL,05,20141024,1
PHL,PHL,16,20120919,1
PHL,PHL,15,20060721,12
PHL,PHL,18,20000827,2
PHL,PHL,07,20010724,2
PHL,PHL,04,20130220,3
PHL,PHL,19,20121127,1
PHL,PHL,09,20110718,2
PHL,PHL,04,20090917,1
PHL,PHL,01,20130715,4
PHL,PHL,01,20090422,1
PHL,PHL,11,20010320,4
PHL,PHL,11,20140317,6
PHL,PHL,06,20141123,2
PHL,PHL,08,20110703,2
PHL,PHL,06,20120311,7
PHL,PHL,02,20141013,63
PHL,PHL,04,20110903,5
PHL,PHL,05,20140604,10
PHL,PHL,02,20050903,2
PHL,PHL,14,20140814,10
PHL,PHL,15,20140929,2
PHL,PHL,04,20070619,8
PHL,PHL,17,20111102,6
PHL,PHL,09,20090515,4
PHL,PHL,11,20081202,18
PHL,PHL,08,20090424,3
PHL,PHL,02,20050708,9
PHL,PHL,19,20110411,2
PHL,PHL,15,20071031,2
PHL,PHL,18,20141031,3
PHL,PHL,08,20150112,2
PHL,PHL,13,20101128,2
PHL,PHL,18,20100821,2
PHL,PHL,15,20110613,2
PHL,PHL,11,20120729,8
PHL,PHL,03,20080409,4
PHL,PHL,15,20120221,9
PHL,PHL,05,20100321,2
PHL,PHL,02,20120208,2
PHL,PHL,01,20100906,1
PHL,PHL,01,20100113,4
PHL,PHL,02,20110129,1
PHL,PHL,10,20140828,2
PHL,PHL,01,20090331,27
PHL,PHL,13,20120310,12
PHL,PHL,07,20080425,5
PHL,PHL,07,20121222,1
PHL,PHL,19,20101105,9
POL,PHL,04,20000712,3
PRK,PHL,17,20101122,1
PRK,PHL,05,20070730,9
PRK,PHL,03,20000712,3
RUS,PHL,05,20131015,8
RUS,PHL,17,20130327,1
RUS,PHL,01,20140520,3
SAU,PHL,05,20091005,1
SAU,PHL,01,20110307,7
SAU,PHL,04,20110810,3
SAU,PHL,03,20131011,1
SAU,PHL,17,20100112,16
SAU,PHL,08,20131030,4
SAU,PHL,01,20150105,10
SAU,PHL,03,20090204,5
SEA,PHL,19,20141109,2
SEA,PHL,05,20140206,36
SEA,PHL,01,20090716,5
SEA,PHL,02,20110922,5
SEA,PHL,04,20130210,80
SEA,PHL,19,20050828,2
SEA,PHL,18,20000714,6
SEA,PHL,08,20130714,3
SEA,PHL,18,20000504,14
SEA,PHL,04,20140421,1
SEA,PHL,04,20020109,2
SEA,PHL,04,20030911,1
SEA,PHL,19,20080829,2
SEA,PHL,01,20030720,2
SEA,PHL,04,20130703,2
SEA,PHL,04,20070731,2
SEA,PHL,04,20120916,8
SEA,PHL,06,20021207,7
SEA,PHL,01,20080907,4
SEA,PHL,18,20010703,4
SEA,PHL,03,20050331,4
SEA,PHL,02,20121015,6
SEA,PHL,04,20131008,4
SEA,PHL,19,20120203,3
SEA,PHL,01,20000714,2
SEA,PHL,03,20010622,1
SEA,PHL,19,20100321,7
SEA,PHL,04,20010807,6
SEA,PHL,04,20000528,2
SGP,PHL,04,20130120,1
SGP,PHL,04,20140108,2
SGP,PHL,06,20131122,10
SGP,PHL,05,20140814,1
SGP,PHL,02,20140616,4
SLV,PHL,05,20140928,8
SOM,PHL,08,20101018,2
SWE,PHL,19,20080623,8
SWE,PHL,01,20131127,4
SYR,PHL,08,20131105,10
SYR,PHL,19,20121026,6
SYR,PHL,16,20121108,7
SYR,PHL,03,20130915,1
THA,PHL,04,20110526,13
THA,PHL,10,20090411,2
THA,PHL,04,20111119,2
THA,PHL,03,20120719,1
THA,PHL,03,20040312,2
THA,PHL,03,20061018,1
THA,PHL,04,20040827,2
TMP,PHL,04,20101028,2
TUN,PHL,02,20130206,2
TUR,PHL,04,20080618,4
TUR,PHL,13,20130601,10
TZA,PHL,01,20120903,7
UGA,PHL,17,20120513,1
USA,PHL,17,20100218,7
USA,PHL,08,20010114,5
USA,PHL,08,20010531,7
USA,PHL,03,20140405,4
USA,PHL,04,20130121,3
USA,PHL,05,20110222,3
USA,PHL,15,20020529,2
USA,PHL,04,20141012,6
USA,PHL,07,20020618,1
USA,PHL,04,20120927,2
USA,PHL,07,20130822,2
USA,PHL,06,20120804,2
USA,PHL,03,20141016,4
USA,PHL,05,20001017,2
USA,PHL,15,20141020,46
USA,PHL,04,20070621,2
USA,PHL,07,20120420,9
USA,PHL,01,20120521,1
USA,PHL,04,20030508,3
USA,PHL,02,20140122,1
USA,PHL,01,20110606,4
USA,PHL,07,20130918,1
USA,PHL,19,20140815,10
USA,PHL,01,20101001,9
USA,PHL,04,20140814,2
USA,PHL,04,20120423,7
USA,PHL,17,20000831,9
USA,PHL,04,20140328,5
USA,PHL,04,20110808,1
USA,PHL,11,20091006,1
USA,PHL,04,20100824,9
USA,PHL,03,20121214,2
USA,PHL,07,20080529,8
USA,PHL,02,20120209,2
USA,PHL,11,20120303,6
USA,PHL,11,20070623,2
USA,PHL,15,20020121,3
USA,PHL,01,20131124,1
USA,PHL,01,20131228,2
USA,PHL,04,20141201,8
USA,PHL,01,20131218,7
USA,PHL,05,20121123,10
USA,PHL,02,20141124,1
USA,PHL,12,20090822,18
USA,PHL,04,20101204,1
USA,PHL,02,20100121,5
USA,PHL,06,20140406,4
USA,PHL,17,20140312,1
USA,PHL,11,20090323,2
USA,PHL,06,20150113,2
USA,PHL,06,20140504,20
USA,PHL,04,20140627,1
USA,PHL,01,20100805,1
USA,PHL,17,20051013,1
USA,PHL,18,20021217,1
USA,PHL,19,20020807,2
USA,PHL,05,20120717,1
USA,PHL,04,20071105,6
USA,PHL,03,20131011,6
USA,PHL,11,20100109,2
USA,PHL,17,20020320,9
USA,PHL,11,20131015,10
USA,PHL,04,20080601,10
USA,PHL,07,20081116,7
USA,PHL,17,20121017,1
USA,PHL,09,20050119,3
VAT,PHL,04,20140809,3
VAT,PHL,04,20130819,6
VEN,PHL,04,20140420,4
VEN,PHL,04,20121215,4
VNM,PHL,11,20111116,12
VNM,PHL,06,20131225,2
VNM,PHL,03,20080707,6
VNM,PHL,08,20140704,7
VNM,PHL,04,20070810,1
VNM,PHL,03,20130804,2
VNM,PHL,04,20140524,4
VNM,PHL,04,20140325,4
VNM,PHL,03,20131112,8
VNM,PHL,03,20141125,11
ZAF,PHL,10,20140912,2
FJI,PLW,04,20140316,3
KIR,PLW,04,20120814,2
NRU,PLW,03,20090707,3
USA,PLW,02,20131206,24
USA,PLW,02,20090611,7
USA,PLW,17,20090621,38
AUS,PNG,03,20101025,2
AUS,PNG,12,20040604,1
AUS,PNG,04,20010902,3
AUS,PNG,04,20140204,6
AUS,PNG,19,20130913,6
AUS,PNG,12,20150117,15
AUS,PNG,03,20141204,4
CHN,PNG,02,20090518,2
FJI,PNG,01,20131015,4
FJI,PNG,04,20131006,4
GBR,PNG,01,20130121,4
ISR,PNG,02,20100912,8
JPN,PNG,18,20130711,3
PNG,PNG,11,20110525,2
PNG,PNG,04,20140429,8
PNG,PNG,11,20100825,7
PNG,PNG,18,20110901,30
PNG,PNG,11,20070917,1
PNG,PNG,01,20140624,1
SLB,PNG,04,20140603,2
TMP,PNG,03,20021006,1
USA,PNG,07,20100113,9
AFG,POL,01,20070423,2
AFG,POL,01,20131223,2
AFG,POL,04,20070320,5
AFR,POL,19,20140416,3
AFR,POL,05,20111206,1
AFR,POL,19,20141217,1
ALB,POL,04,20110704,5
AUS,POL,04,20131230,1
AUS,POL,04,20081009,12
AUS,POL,01,20141116,6
AUT,POL,04,20041209,2
AZE,POL,01,20101222,4
BEL,POL,16,20040505,3
BEL,POL,04,20091110,2
BGR,POL,01,20110301,1
BHR,POL,01,20110712,2
BLR,POL,02,20120229,6
BLR,POL,09,20040122,2
BLR,POL,07,20090409,5
BLR,POL,04,20050805,6
BMU,POL,05,20131125,3
CAN,POL,12,20100705,1
CAN,POL,01,20131230,2
CHE,POL,03,20060222,3
CHN,POL,03,20111222,8
CHN,POL,04,20120417,16
CHN,POL,04,20020426,1
CHN,POL,01,20070527,1
CHN,POL,04,20140116,16
CHN,POL,05,20090524,1
CHN,POL,17,20131110,6
CHN,POL,01,20110628,14
CHN,POL,04,20040618,2
CHN,POL,04,20100528,4
CHN,POL,04,20111222,4
CYP,POL,04,20050317,9
CYP,POL,11,20090220,24
CZE,POL,03,20070102,6
CZE,POL,05,20080410,4
CZE,POL,08,20031015,5
CZE,POL,04,20141211,4
CZE,POL,04,20020915,1
CZE,POL,05,20140831,2
CZE,POL,04,20021218,2
CZE,POL,04,20140311,2
CZE,POL,06,20120307,2
CZE,POL,05,20090527,5
CZE,POL,01,20030506,3
CZE,POL,04,20070926,2
CZE,POL,04,20130118,8
CZE,POL,02,20070525,8
DEU,POL,06,20081024,2
DEU,POL,06,20121106,18
DEU,POL,01,20120703,3
DEU,POL,08,20101118,2
DEU,POL,01,20031029,1
DEU,POL,19,20120220,2
DEU,POL,05,20110308,1
DEU,POL,04,20130804,8
DEU,POL,03,20080911,14
DEU,POL,01,20070111,6
DEU,POL,04,20140915,8
DEU,POL,19,20100901,6
DEU,POL,11,20061031,5
DEU,POL,04,20010326,2
DEU,POL,05,20110622,2
DEU,POL,04,20100804,9
EGY,POL,04,20000623,16
ESP,POL,01,20120607,4
ESP,POL,19,20040323,1
ESP,POL,04,20101108,1
EUR,POL,04,20140515,20
EUR,POL,02,20120703,4
EUR,POL,04,20060602,3
EUR,POL,07,20141215,10
EUR,POL,02,20021010,5
EUR,POL,05,20081203,12
EUR,POL,04,20090915,18
EUR,POL,01,20000224,6
FIN,POL,05,20100209,24
FIN,POL,01,20111123,2
FRA,POL,03,20021115,10
FRA,POL,18,20070608,4
FRA,POL,04,20081210,4
FRA,POL,04,20100614,7
FRA,POL,04,20140605,1
FRA,POL,04,20090927,3
FRA,POL,04,20141015,2
FRA,POL,03,20020404,4
FRA,POL,05,20100910,7
GBR,POL,01,20110308,2
GBR,POL,17,20140527,4
GBR,POL,07,20130826,6
GBR,POL,04,20120902,4
GBR,POL,04,20040226,6
GBR,POL,04,20130708,2
HRV,POL,19,20110903,2
HTI,POL,08,20131113,3
HUN,POL,12,20110501,2
HUN,POL,04,20070619,1
IDN,POL,06,20090728,2
IRL,POL,04,20070322,9
IRL,POL,05,20030604,2
IRL,POL,04,20101122,4
IRL,POL,02,20130205,4
IRL,POL,01,20140428,4
IRN,POL,03,20010826,2
IRN,POL,04,20121006,1
IRQ,POL,04,20040822,1
ISR,POL,04,20100127,7
ISR,POL,02,20100708,4
ISR,POL,04,20141031,4
ISR,POL,17,20121204,4
ISR,POL,04,20090320,5
ISR,POL,04,20120822,4
ITA,POL,01,20120412,6
ITA,POL,19,20150208,4
JOR,POL,05,20110107,2
LBN,POL,04,20070618,1
LBN,POL,04,20131102,4
LTU,POL,05,20020716,3
LTU,POL,07,20140902,2
LTU,POL,03,20020225,9
LTU,POL,04,20020210,5
LTU,POL,04,20101018,7
LTU,POL,01,20021116,4
LTU,POL,09,20131003,6
LTU,POL,01,20111124,1
LTU,POL,04,20030425,6
LUX,POL,08,20051129,9
LVA,POL,04,20100916,2
MDA,POL,11,20050322,5
MLT,POL,02,20150125,1
MMR,POL,01,20120509,2
MYS,POL,19,20150202,284
NLD,POL,04,20141120,3
NOR,POL,05,20130621,1
NOR,POL,06,20150108,10
PAK,POL,04,20140923,6
PHL,POL,03,20040718,5
POL,POL,01,20010302,4
POL,POL,01,20131212,2
POL,POL,04,20010528,5
POL,POL,04,20040823,9
POL,POL,01,20141021,2
POL,POL,01,20110531,1
POL,POL,08,20101014,7
POL,POL,04,20111101,27
POL,POL,03,20100803,2
POL,POL,02,20061107,3
POL,POL,01,20000130,4
POL,POL,04,20121206,5
POL,POL,08,20010720,12
POL,POL,03,20070616,2
POL,POL,01,20140730,1
POL,POL,12,20010521,9
POL,POL,04,20070125,2
POL,POL,05,20101206,5
POL,POL,01,20001219,3
POL,POL,01,20040326,4
POL,POL,11,20010313,1
POL,POL,11,20131219,6
POL,POL,04,20040302,4
POL,POL,05,20140904,2
POL,POL,19,20140814,4
POL,POL,12,20041022,9
POL,POL,01,20120127,5
POL,POL,11,20150129,2
POL,POL,02,20130807,6
POL,POL,04,20071003,2
POL,POL,03,20150112,13
POL,POL,01,20121128,18
POL,POL,03,20010207,10
POL,POL,05,20020218,2
POL,POL,01,20130823,2
POL,POL,01,20060608,2
POL,POL,19,20100411,2
POL,POL,19,20070515,5
POL,POL,04,20130325,2
POL,POL,01,20140509,2
POL,POL,11,20110816,8
POL,POL,01,20110318,16
POL,POL,05,20131120,3
POL,POL,01,20140711,2
POL,POL,04,20041209,2
POL,POL,11,20090209,2
PRK,POL,04,20061202,3
PRY,POL,02,20050326,2
PSE,POL,04,20101204,5
RUS,POL,03,20100919,15
RUS,POL,03,20101012,1
RUS,POL,15,20090919,10
RUS,POL,04,20101215,1
RUS,POL,04,20070910,4
RUS,POL,04,20001020,4
RUS,POL,06,20070529,7
RUS,POL,06,20101223,4
RUS,POL,04,20150203,2
RUS,POL,01,20100424,78
RUS,POL,17,20020408,7
RUS,POL,10,20080822,3
RUS,POL,01,20080411,1
RUS,POL,04,20080825,12
RUS,POL,01,20140722,16
RUS,POL,04,20120612,9
RUS,POL,03,20031125,20
RUS,POL,02,20070517,5
RUS,POL,01,20070330,1
RUS,POL,03,20100620,2
RUS,POL,03,20100430,4
RUS,POL,05,20141101,4
SLV,POL,10,20030619,6
SRB,POL,04,20120610,2
SRB,POL,04,20101017,1
SVK,POL,04,20000401,3
SWE,POL,11,20140911,1
SWE,POL,03,20131108,16
SWE,POL,04,20000307,2
TUR,POL,03,20100806,4
UKR,POL,05,20131011,6
UKR,POL,05,20050623,8
UKR,POL,03,20040428,8
UKR,POL,04,20130703,10
UKR,POL,01,20131123,8
UKR,POL,10,20040331,6
UKR,POL,05,20051124,3
UKR,POL,12,20120524,5
USA,POL,04,20140402,6
USA,POL,04,20140813,4
USA,POL,16,20130809,2
USA,POL,03,20010610,1
USA,POL,03,20130312,10
USA,POL,03,20121212,3
USA,POL,03,20031201,2
USA,POL,02,20110528,27
USA,POL,03,20090518,3
USA,POL,02,20091029,4
USA,POL,05,20090901,22
USA,POL,05,20120125,16
USA,POL,04,20100905,4
USA,POL,06,20141101,4
USA,POL,05,20140604,28
USA,POL,15,20141028,6
USA,POL,17,20150121,7
USA,POL,11,20130807,1
USA,POL,19,20121108,6
USA,POL,19,20110503,9
USA,POL,17,20130106,2
USA,POL,07,20040728,4
USA,POL,07,20111220,4
USA,POL,01,20090710,3
USA,POL,04,20120715,6
USA,POL,01,20140603,248
USA,POL,01,20130813,3
USA,POL,04,20070223,12
USA,POL,19,20140714,6
USA,POL,01,20101130,9
USA,POL,11,20110528,10
USA,POL,03,20110817,8
USA,POL,04,20131028,3
USA,POL,04,20140727,8
USA,POL,03,20100904,2
VEN,POL,11,20070709,2
VNM,POL,05,20090522,2
WST,POL,04,20080304,1
ZMB,POL,03,20131021,2
AUS,PRK,16,20060920,16
AUS,PRK,11,20120807,7
BGD,PRK,04,20030214,2
BHR,PRK,04,20120102,1
CAN,PRK,16,20150119,40
CHE,PRK,03,20030521,4
CHN,PRK,04,20111012,4
CHN,PRK,03,20040222,1
CHN,PRK,11,20100612,3
CHN,PRK,04,20130918,2
CHN,PRK,02,20131216,4
CHN,PRK,04,20050520,12
CHN,PRK,05,20130619,2
CHN,PRK,02,20060622,4
CHN,PRK,05,20140211,1
CHN,PRK,19,20131124,12
CHN,PRK,01,20121216,6
CHN,PRK,01,20110923,12
CHN,PRK,05,20110214,15
CHN,PRK,04,20081027,6
CHN,PRK,04,20090116,6
CHN,PRK,04,20070105,2
CHN,PRK,04,20140324,10
CHN,PRK,03,20070220,3
CHN,PRK,02,20101202,10
CHN,PRK,05,20121213,2
CHN,PRK,02,20090414,10
CHN,PRK,01,20010904,9
CHN,PRK,04,20110106,1
CHN,PRK,11,20130322,10
CHN,PRK,04,20101024,45
CHN,PRK,04,20140203,2
CHN,PRK,04,20081207,24
CHN,PRK,12,20141226,2
CHN,PRK,04,20141204,3
CHN,PRK,01,20140530,4
CHN,PRK,03,20030114,9
CHN,PRK,01,20061021,1
CHN,PRK,07,20120830,16
CHN,PRK,10,20090416,4
CHN,PRK,04,20040619,1
CHN,PRK,08,20090121,20
CHN,PRK,03,20130726,1
CHN,PRK,16,20130327,16
CHN,PRK,13,20130725,12
CHN,PRK,13,20140520,20
CHN,PRK,01,20140306,23
CHN,PRK,04,20070127,5
CHN,PRK,04,20110527,5
CHN,PRK,04,20110809,6
CHN,PRK,11,20090610,2
CHN,PRK,01,20140213,72
CHN,PRK,04,20090303,2
CHN,PRK,01,20030721,2
CHN,PRK,12,20120416,23
CHN,PRK,01,20020315,2
CHN,PRK,06,20100127,1
CHN,PRK,01,20010221,9
CHN,PRK,04,20130211,4
CHN,PRK,02,20130725,12
CHN,PRK,03,20070624,1
CHN,PRK,04,20130730,2
CHN,PRK,05,20050917,27
CHN,PRK,04,20110612,31
CHN,PRK,02,20101208,6
CHN,PRK,12,20100524,4
CHN,PRK,04,20100911,6
CHN,PRK,04,20021218,3
CHN,PRK,04,20140305,3
CHN,PRK,03,20010831,9
CHN,PRK,19,20010112,2
CHN,PRK,05,20110729,15
CHN,PRK,05,20120103,2
CHN,PRK,03,20001022,6
CHN,PRK,04,20150212,20
CUB,PRK,02,20130716,8
CUB,PRK,04,20130726,10
CUB,PRK,06,20070725,2
DEU,PRK,08,20070608,9
DEU,PRK,01,20031009,2
EUR,PRK,05,20000726,3
EUR,PRK,01,20111017,8
FIN,PRK,04,20140212,2
FIN,PRK,04,20120215,5
FRA,PRK,16,20060715,5
FSM,PRK,11,20100928,1
GBR,PRK,04,20131201,2
GBR,PRK,04,20130619,4
GBR,PRK,02,20101220,7
IDN,PRK,04,20110724,8
IRL,PRK,04,20130903,10
IRN,PRK,04,20120326,12
IRN,PRK,09,20071204,32
IRN,PRK,12,20090429,6
IRN,PRK,02,20091009,1
IRN,PRK,04,20121019,2
IRN,PRK,04,20130113,2
IRQ,PRK,04,20081004,2
ISR,PRK,03,20120419,10
JPN,PRK,04,20090910,16
JPN,PRK,04,20040312,1
JPN,PRK,04,20101203,16
JPN,PRK,18,20071116,2
JPN,PRK,13,20090518,18
JPN,PRK,02,20040213,4
JPN,PRK,11,20140217,8
JPN,PRK,04,20040629,6
JPN,PRK,15,20030208,6
JPN,PRK,04,20061213,1
JPN,PRK,04,20040629,4
JPN,PRK,04,20030514,2
JPN,PRK,03,20091021,13
JPN,PRK,02,20041210,3
JPN,PRK,11,20141221,10
JPN,PRK,08,20140603,24
JPN,PRK,01,20100818,8
JPN,PRK,04,20070214,18
JPN,PRK,04,20020730,7
JPN,PRK,01,20000822,2
JPN,PRK,06,20000507,14
JPN,PRK,10,20060410,9
JPN,PRK,02,20141001,20
JPN,PRK,06,20000527,8
JPN,PRK,02,20020826,1
JPN,PRK,19,20080612,12
JPN,PRK,02,20130830,1
JPN,PRK,16,20101207,2
JPN,PRK,05,20040510,2
JPN,PRK,04,20050507,8
JPN,PRK,04,20110107,8
JPN,PRK,08,20010626,2
JPN,PRK,01,20030815,2
JPN,PRK,04,20140411,12
JPN,PRK,05,20011011,5
JPN,PRK,05,20000414,4
JPN,PRK,04,20030826,9
JPN,PRK,17,20070221,3
JPN,PRK,16,20070405,4
JPN,PRK,04,20140325,2
JPN,PRK,01,20100929,2
JPN,PRK,12,20070130,4
JPN,PRK,04,20130317,30
JPN,PRK,14,20050526,6
JPN,PRK,04,20030612,7
JPN,PRK,08,20021029,4
JPN,PRK,04,20140513,2
JPN,PRK,18,20051226,9
JPN,PRK,18,20061117,5
JPN,PRK,13,20030209,8
KHM,PRK,04,20071029,5
KOR,PRK,11,20070918,5
KOR,PRK,18,20131230,1
KOR,PRK,13,20140617,3
KOR,PRK,11,20140416,5
KOR,PRK,01,20070327,18
KOR,PRK,14,20091110,8
KOR,PRK,06,20020205,1
KOR,PRK,07,20071005,3
KOR,PRK,03,20000926,9
KOR,PRK,04,20090805,1
KOR,PRK,19,20101126,122
KOR,PRK,10,20030603,4
KOR,PRK,08,20070215,2
KOR,PRK,04,20050805,6
KOR,PRK,19,20050301,5
KOR,PRK,04,20090624,47
KOR,PRK,19,20121129,1
KOR,PRK,01,20110903,355
KOR,PRK,03,20031224,13
KOR,PRK,11,20061020,1
KOR,PRK,04,20091116,4
KOR,PRK,13,20120409,6
KOR,PRK,13,20090312,4
KOR,PRK,04,20020701,1
KOR,PRK,04,20071220,1
KOR,PRK,07,20090913,2
KOR,PRK,02,20021119,1
KOR,PRK,05,20070314,9
KOR,PRK,02,20030209,11
KOR,PRK,04,20021213,1
KOR,PRK,16,20120503,40
KOR,PRK,02,20090805,1
KOR,PRK,19,20101212,2
KOR,PRK,03,20020826,9
KOR,PRK,05,20011124,2
KOR,PRK,04,20110418,5
KOR,PRK,05,20141021,2
KOR,PRK,16,20090316,14
KOR,PRK,11,20080724,1
KOR,PRK,01,20111225,27
KOR,PRK,11,20101204,5
KOR,PRK,02,20110315,1
KOR,PRK,01,20090619,6
KOR,PRK,04,20131104,22
KOR,PRK,11,20130321,104
KOR,PRK,05,20010308,3
KOR,PRK,05,20051009,8
KOR,PRK,06,20101226,4
KOR,PRK,07,20140509,8
KOR,PRK,08,20050906,1
KOR,PRK,04,20091007,12
KOR,PRK,01,20101021,8
KOR,PRK,18,20140813,10
KOR,PRK,10,20070726,3
KOR,PRK,01,20000316,1
KOR,PRK,04,20030320,17
KOR,PRK,13,20070917,4
KOR,PRK,01,20081219,6
KOR,PRK,01,20030412,4
KOR,PRK,04,20081127,5
KOR,PRK,01,20081219,7
KOR,PRK,04,20070406,1
KOR,PRK,11,20130125,4
KOR,PRK,06,20130206,3
KOR,PRK,05,20100526,4
KOR,PRK,04,20000309,3
KOR,PRK,05,20050419,1
KOR,PRK,04,20001002,6
KOR,PRK,01,20090713,2
KOR,PRK,02,20131220,12
KOR,PRK,02,20060620,1
KOR,PRK,11,20070323,2
KOR,PRK,11,20090917,2
KOR,PRK,05,20030214,9
KOR,PRK,08,20140514,3
KOR,PRK,02,20100826,6
KOR,PRK,03,20030620,6
KOR,PRK,04,20010614,9
KOR,PRK,11,20060721,1
KOR,PRK,09,20030525,1
KOR,PRK,19,20130921,8
KOR,PRK,15,20080302,9
KOR,PRK,05,20040611,7
KOR,PRK,04,20120607,7
KOR,PRK,11,20141023,4
KOR,PRK,19,20131025,12
KOR,PRK,19,20090528,4
KOR,PRK,02,20040813,2
KOR,PRK,06,20100810,4
KOR,PRK,04,20081011,1
KOR,PRK,04,20060106,9
KOR,PRK,11,20110210,2
KOR,PRK,19,20090712,8
KOR,PRK,04,20140414,24
KOR,PRK,19,20120229,119
KOR,PRK,04,20100719,4
KOR,PRK,04,20150110,8
KOR,PRK,03,20090827,6
KOR,PRK,03,20110825,1
KOR,PRK,04,20030228,2
KOR,PRK,13,20061010,5
KOR,PRK,05,20020208,1
KOR,PRK,05,20120107,6
KOR,PRK,03,20000726,18
KOR,PRK,19,20091116,2
KOR,PRK,11,20110317,19
KOR,PRK,04,20050523,16
LAO,PRK,05,20120808,6
LBY,PRK,01,20140314,8
LBY,PRK,13,20021031,1
LBY,PRK,03,20110322,2
LBY,PRK,13,20140308,8
LBY,PRK,12,20090406,16
MMR,PRK,05,20090727,6
MMR,PRK,05,20071031,4
MNG,PRK,04,20030913,6
MYS,PRK,04,20021029,8
MYS,PRK,04,20010604,5
NIC,PRK,05,20141110,12
NZL,PRK,04,20060619,9
OMN,PRK,05,20080312,1
PAK,PRK,12,20061016,9
PAK,PRK,06,20071114,1
PAK,PRK,18,20030201,6
PAK,PRK,04,20091228,3
PHL,PRK,05,20000116,5
PRK,PRK,04,20111220,3
PRK,PRK,08,20100812,6
PRK,PRK,05,20030911,8
PRK,PRK,01,20030501,2
PRK,PRK,04,20030918,2
PRK,PRK,12,20120828,4
PRK,PRK,03,20100426,5
PRK,PRK,05,20091011,2
PRK,PRK,07,20000926,9
PRK,PRK,04,20101220,2
PRK,PRK,04,20140105,40
PRK,PRK,04,20110116,2
PRK,PRK,01,20120130,9
PRK,PRK,05,20090804,3
PRK,PRK,01,20120124,5
PRK,PRK,01,20100930,12
PRK,PRK,17,20140731,1
PRK,PRK,01,20121216,1
PRK,PRK,04,20091124,2
PRK,PRK,11,20140922,2
PRK,PRK,01,20111130,2
PRK,PRK,01,20020328,6
PRK,PRK,18,20060320,9
PRK,PRK,16,20130122,2
PRK,PRK,16,20150206,2
PRK,PRK,01,20111020,4
PRT,PRK,01,20110610,2
QAT,PRK,04,20080617,4
RUS,PRK,05,20101210,7
RUS,PRK,01,20060828,12
RUS,PRK,05,20110927,8
RUS,PRK,05,20120229,3
RUS,PRK,10,20070727,2
RUS,PRK,01,20020520,1
RUS,PRK,06,20141001,2
RUS,PRK,04,20080627,2
RUS,PRK,01,20101129,20
RUS,PRK,04,20070417,2
RUS,PRK,11,20000719,8
RUS,PRK,04,20090723,2
RUS,PRK,05,20130212,2
RUS,PRK,04,20130218,2
RUS,PRK,04,20040220,1
RUS,PRK,04,20070922,1
RUS,PRK,08,20131113,5
RUS,PRK,04,20110725,3
RUS,PRK,04,20030829,7
RUS,PRK,16,20050611,4
RUS,PRK,05,20060716,2
RUS,PRK,04,20110831,6
RUS,PRK,03,20020726,5
RUS,PRK,08,20030120,2
RUS,PRK,02,20061004,6
SEA,PRK,01,20130412,10
SGP,PRK,01,20060316,4
UGA,PRK,04,20110908,1
USA,PRK,04,20120428,134
USA,PRK,10,20030819,6
USA,PRK,03,20090701,4
USA,PRK,11,20100709,8
USA,PRK,01,20061208,5
USA,PRK,01,20110128,1
USA,PRK,16,20080629,2
USA,PRK,01,20040831,9
USA,PRK,04,20130819,18
USA,PRK,16,20100519,5
USA,PRK,08,20141110,186
USA,PRK,05,20000909,4
USA,PRK,04,20030424,4
USA,PRK,04,20070823,6
USA,PRK,04,20141120,12
USA,PRK,04,20040327,7
USA,PRK,11,20130103,14
USA,PRK,05,20130725,3
USA,PRK,17,20100430,2
USA,PRK,04,20101206,3
USA,PRK,11,20051211,2
USA,PRK,03,20130104,4
USA,PRK,01,20141026,40
USA,PRK,03,20021217,1
USA,PRK,04,20031017,14
USA,PRK,19,20030808,6
USA,PRK,01,20060827,2
USA,PRK,13,20040925,4
USA,PRK,02,20141210,20
USA,PRK,04,20091027,16
USA,PRK,01,20110524,20
USA,PRK,02,20050709,2
USA,PRK,01,20141230,4
USA,PRK,04,20091205,3
USA,PRK,04,20040718,13
USA,PRK,01,20080502,8
USA,PRK,04,20010730,12
USA,PRK,13,20130315,5
USA,PRK,05,20130213,38
USA,PRK,16,20080907,5
USA,PRK,04,20130827,37
USA,PRK,03,20030220,1
USA,PRK,13,20090405,3
USA,PRK,16,20080513,9
USA,PRK,19,20101124,9
USA,PRK,10,20110126,7
USA,PRK,01,20020206,1
USA,PRK,04,20100209,7
USA,PRK,07,20141110,5
USA,PRK,04,20040411,2
USA,PRK,04,20120327,4
USA,PRK,03,20081018,9
USA,PRK,13,20090302,1
USA,PRK,07,20070127,4
USA,PRK,04,20080505,5
USA,PRK,02,20140818,1
USA,PRK,01,20060622,4
USA,PRK,02,20120128,5
USA,PRK,01,20140428,60
USA,PRK,02,20130703,22
USA,PRK,17,20140223,1
USA,PRK,01,20030617,3
USA,PRK,05,20030106,3
USA,PRK,03,20090326,3
USA,PRK,08,20090731,12
USA,PRK,02,20131201,3
USA,PRK,01,20030323,6
USA,PRK,03,20100519,4
USA,PRK,05,20100821,138
USA,PRK,04,20130616,1
USA,PRK,05,20090224,7
USA,PRK,08,20130725,2
USA,PRK,04,20130403,5
USA,PRK,01,20071214,20
USA,PRK,02,20140303,23
USA,PRK,04,20010713,11
USA,PRK,03,20090423,9
USA,PRK,04,20061214,2
USA,PRK,04,20090905,28
USA,PRK,02,20060715,8
USA,PRK,11,20090723,4
USA,PRK,02,20120105,2
USA,PRK,01,20080510,10
USA,PRK,04,20060827,5
USA,PRK,01,20030802,1
USA,PRK,01,20070920,10
USA,PRK,03,20001013,9
USA,PRK,02,20020211,1
USA,PRK,04,20131121,11
USA,PRK,10,20150208,2
USA,PRK,05,20120326,4
USA,PRK,03,20150111,77
USA,PRK,11,20101207,4
USA,PRK,02,20060726,2
USA,PRK,01,20090622,3
USA,PRK,02,20080124,12
USA,PRK,01,20090810,6
USA,PRK,04,20110114,28
USA,PRK,06,20101008,4
USA,PRK,16,20081012,1
USA,PRK,12,20130708,2
USA,PRK,04,20090604,1
USA,PRK,03,20120313,4
USA,PRK,04,20130916,4
USA,PRK,09,20081011,3
USA,PRK,04,20070109,2
USA,PRK,01,20090413,12
USA,PRK,13,20120325,8
VNM,PRK,04,20071117,3
VNM,PRK,04,20120807,2
VNM,PRK,03,20091221,1
AFG,PRT,04,20110116,5
AGO,PRT,03,20111116,2
AGO,PRT,04,20020224,5
AGO,PRT,01,20040716,4
AGO,PRT,03,20120326,5
ATG,PRT,04,20130715,1
AUS,PRT,05,20150122,8
AUT,PRT,05,20120605,6
BEL,PRT,02,20130108,2
BEL,PRT,05,20080708,9
BGR,PRT,04,20001121,5
BGR,PRT,06,20120910,2
BRA,PRT,03,20130612,6
BRA,PRT,04,20010904,16
BRA,PRT,19,20010824,2
BRA,PRT,11,20110819,2
BRA,PRT,04,20030721,3
BRA,PRT,06,20090530,5
BRA,PRT,02,20040909,1
BRA,PRT,04,20101208,6
CHE,PRT,02,20111208,2
CHN,PRT,04,20090113,16
CHN,PRT,04,20000604,4
CPV,PRT,02,20070523,2
CPV,PRT,04,20100927,1
CPV,PRT,04,20070620,1
CZE,PRT,03,20090104,2
DEU,PRT,05,20090630,9
DEU,PRT,01,20121112,2
DEU,PRT,19,20130301,1
DNK,PRT,04,20021127,2
DNK,PRT,05,20021203,2
DZA,PRT,05,20130426,2
ESP,PRT,04,20100908,4
ESP,PRT,19,20100831,4
ESP,PRT,04,20090727,1
ESP,PRT,04,20110317,3
ESP,PRT,11,20080605,6
ESP,PRT,01,20140310,12
ESP,PRT,05,20080828,1
EUR,PRT,04,20061006,5
EUR,PRT,04,20040608,4
EUR,PRT,12,20110110,2
EUR,PRT,13,20100522,1
EUR,PRT,04,20090529,2
EUR,PRT,04,20100929,7
EUR,PRT,05,20090924,1
FIN,PRT,04,20060121,2
FRA,PRT,04,20131212,6
FRA,PRT,04,20090116,1
FRA,PRT,12,20090809,2
FRA,PRT,08,20130712,2
FRA,PRT,10,20140710,1
FRA,PRT,01,20040629,4
GBR,PRT,06,20140709,7
GBR,PRT,04,20120217,1
GBR,PRT,19,20071210,6
GBR,PRT,04,20110123,18
GBR,PRT,11,20070508,14
GBR,PRT,04,20120425,10
GBR,PRT,17,20070504,4
GBR,PRT,04,20100813,7
GBR,PRT,04,20071008,4
GNB,PRT,11,20121021,30
GNB,PRT,01,20041006,1
GRC,PRT,12,20130830,1
HUN,PRT,01,20111214,1
IRL,PRT,01,20080719,1
IRL,PRT,12,20101030,2
IRL,PRT,11,20140610,2
IRL,PRT,19,20140506,6
IRN,PRT,06,20120220,21
ISR,PRT,05,20140425,5
ITA,PRT,04,20121019,3
ITA,PRT,14,20070529,5
ITA,PRT,06,20130720,1
LBY,PRT,03,20101129,7
LTU,PRT,01,20110120,2
MAC,PRT,04,20000601,2
MOZ,PRT,04,20090820,7
MOZ,PRT,04,20000607,8
POL,PRT,05,20091010,16
PRT,PRT,05,20090331,2
PRT,PRT,07,20100207,1
PRT,PRT,04,20040527,5
PRT,PRT,04,20110908,7
PRT,PRT,01,20060323,3
PRT,PRT,02,20031127,10
PRT,PRT,02,20101107,4
PRT,PRT,02,20061112,2
PRT,PRT,04,20070505,4
PRT,PRT,02,20110111,4
PRT,PRT,01,20120215,2
PRT,PRT,01,20060306,1
RUS,PRT,12,20141105,8
RUS,PRT,04,20100717,1
RUS,PRT,15,20121210,4
SEN,PRT,13,20110107,3
TMP,PRT,04,20060307,3
TUN,PRT,04,20000509,2
USA,PRT,08,20130812,3
USA,PRT,05,20101130,40
USA,PRT,05,20140406,3
USA,PRT,04,20140805,8
USA,PRT,01,20110410,9
USA,PRT,04,20030317,1
VEN,PRT,05,20140906,2
WST,PRT,16,20101217,7
ARG,PRY,16,20120630,2
ARG,PRY,04,20140919,6
ARG,PRY,04,20011129,1
ARG,PRY,04,20101125,1
BOL,PRY,04,20140606,3
BOL,PRY,04,20120503,6
BRA,PRY,04,20080110,2
BRA,PRY,03,20060317,3
BRA,PRY,04,20140729,10
FRA,PRY,02,20130226,4
GBR,PRY,04,20140826,4
GTM,PRY,04,20010312,4
KOR,PRY,03,20100131,2
PHL,PRY,17,20120418,2
PRY,PRY,11,20140926,14
PRY,PRY,05,20130814,2
PRY,PRY,19,20070713,10
URY,PRY,04,20131219,4
URY,PRY,03,20110610,12
URY,PRY,04,20091215,2
USA,PRY,07,20121219,8
VEN,PRY,04,20130711,6
VEN,PRY,04,20100803,3
AFG,PSE,10,20091009,1
AFR,PSE,07,20110803,1
AFR,PSE,05,20140827,2
AFR,PSE,07,20050104,7
ARE,PSE,12,20090319,4
ARE,PSE,03,20060806,3
ARE,PSE,07,20140704,7
ARE,PSE,19,20100218,1
ARE,PSE,02,20121121,3
AUS,PSE,11,20120310,8
AUS,PSE,01,20100601,4
AUS,PSE,16,20031022,1
AUS,PSE,03,20090126,6
AUT,PSE,16,20140908,2
AZE,PSE,03,20141015,2
BEL,PSE,07,20040812,1
BGD,PSE,05,20140806,8
BRA,PSE,17,20090225,4
CAN,PSE,04,20090106,1
CAN,PSE,04,20150120,8
CHE,PSE,04,20081229,7
CHE,PSE,19,20120906,1
CHL,PSE,05,20110109,6
CHN,PSE,02,20121119,2
CHN,PSE,05,20110326,18
CHN,PSE,17,20060529,5
CHN,PSE,04,20140218,2
CHN,PSE,07,20001123,5
CHN,PSE,04,20081004,2
CZE,PSE,02,20150210,2
CZE,PSE,03,20090106,6
DEU,PSE,04,20101130,7
DEU,PSE,05,20120522,1
DEU,PSE,07,20140813,8
DEU,PSE,04,20110416,12
DEU,PSE,04,20000203,1
DEU,PSE,02,20080320,1
DNK,PSE,05,20140718,6
DNK,PSE,19,20150217,3
DZA,PSE,04,20140405,4
DZA,PSE,04,20081116,6
DZA,PSE,04,20120222,2
EGY,PSE,15,20130914,3
EGY,PSE,01,20001212,2
EGY,PSE,17,20120513,4
EGY,PSE,01,20050310,2
EGY,PSE,03,20000829,3
EGY,PSE,08,20001220,9
EGY,PSE,19,20050213,1
EGY,PSE,19,20001221,2
EGY,PSE,08,20140731,2
EGY,PSE,10,20080123,27
EGY,PSE,04,20080128,10
EGY,PSE,04,20120920,4
EGY,PSE,04,20080302,4
EGY,PSE,13,20090601,2
EGY,PSE,08,20061030,4
EGY,PSE,04,20080304,6
EGY,PSE,17,20090209,3
EGY,PSE,07,20090115,28
EGY,PSE,02,20090625,3
EGY,PSE,04,20120328,10
EGY,PSE,05,20100728,3
EGY,PSE,04,20010620,4
EGY,PSE,14,20120913,8
EGY,PSE,08,20081227,14
EGY,PSE,05,20110614,1
EGY,PSE,02,20041203,1
EGY,PSE,08,20090926,4
EGY,PSE,04,20081014,4
EGY,PSE,07,20081228,4
EGY,PSE,02,20081026,4
EGY,PSE,04,20110829,4
EGY,PSE,19,20131014,90
EGY,PSE,19,20030828,1
EGY,PSE,04,20130321,1
EGY,PSE,03,20110605,9
EGY,PSE,03,20131108,2
EGY,PSE,04,20090628,3
EGY,PSE,04,20081008,34
EGY,PSE,05,20121123,5
EGY,PSE,04,20121115,3
EGY,PSE,05,20060313,5
EGY,PSE,12,20100204,2
EGY,PSE,04,20090315,6
EGY,PSE,18,20130915,8
EGY,PSE,04,20090713,8
EGY,PSE,17,20080203,4
EGY,PSE,11,20140411,2
EGY,PSE,05,20090104,1
EGY,PSE,05,20110208,1
EGY,PSE,04,20111121,3
EGY,PSE,04,20141007,7
EGY,PSE,17,20150201,4
EGY,PSE,04,20120402,2
EGY,PSE,04,20040312,7
EGY,PSE,15,20110518,7
EGY,PSE,04,20050328,2
EGY,PSE,10,20080612,2
EGY,PSE,08,20140721,1
EGY,PSE,01,20040609,8
EGY,PSE,09,20070316,2
EGY,PSE,11,20070717,4
EGY,PSE,02,20090610,17
EGY,PSE,05,20110504,21
EGY,PSE,11,20080202,9
EGY,PSE,09,20140711,1
EGY,PSE,17,20141106,3
EGY,PSE,16,20120225,11
EGY,PSE,05,20020701,2
EGY,PSE,10,20041112,2
EGY,PSE,04,20090217,2
EGY,PSE,04,20090105,6
EGY,PSE,02,20150115,2
EGY,PSE,04,20111227,7
EGY,PSE,04,20111227,5
EGY,PSE,04,20031223,2
EGY,PSE,01,20031019,2
EGY,PSE,05,20020520,9
EGY,PSE,08,20120222,1
EGY,PSE,19,20100106,2
EGY,PSE,17,20111021,2
EGY,PSE,10,20140731,2
EGY,PSE,11,20020219,2
EGY,PSE,03,20090421,22
EGY,PSE,19,20030118,4
EGY,PSE,12,20070403,5
EGY,PSE,17,20110130,31
EGY,PSE,01,20020305,1
EGY,PSE,15,20130731,1
EGY,PSE,04,20081006,3
EGY,PSE,16,20120825,7
EGY,PSE,04,20001203,3
ESP,PSE,01,20150112,2
ESP,PSE,01,20090123,6
EUR,PSE,07,20140602,16
EUR,PSE,11,20070502,4
EUR,PSE,04,20101214,9
EUR,PSE,04,20130219,9
EUR,PSE,16,20090115,2
EUR,PSE,16,20070615,36
EUR,PSE,03,20050226,2
EUR,PSE,07,20090810,9
EUR,PSE,02,20140809,2
EUR,PSE,09,20100930,9
EUR,PSE,07,20080625,2
EUR,PSE,05,20121219,2
EUR,PSE,02,20110501,1
EUR,PSE,08,20020411,9
FRA,PSE,03,20000729,9
FRA,PSE,05,20111110,3
FRA,PSE,04,20100117,4
FRA,PSE,04,20110921,3
FRA,PSE,01,20081223,2
FRA,PSE,05,20141129,6
FRA,PSE,04,20110922,2
FRA,PSE,03,20090103,15
FRA,PSE,04,20041117,4
FRA,PSE,13,20130624,4
FRA,PSE,05,20141017,1
FRA,PSE,04,20120704,1
FRA,PSE,07,20040718,7
FSM,PSE,04,20140811,2
FSM,PSE,02,20110105,10
GBR,PSE,04,20110607,9
GBR,PSE,05,20110307,5
GBR,PSE,10,20140806,2
GBR,PSE,07,20101204,6
GBR,PSE,01,20070621,2
GBR,PSE,04,20080207,2
GBR,PSE,02,20070623,4
GBR,PSE,02,20100806,2
GBR,PSE,02,20101029,2
GBR,PSE,01,20131122,2
GBR,PSE,01,20120512,18
GBR,PSE,04,20141012,2
GBR,PSE,07,20140803,6
GBR,PSE,18,20141209,10
GRC,PSE,03,20121129,10
GRC,PSE,04,20110411,4
GRC,PSE,14,20140717,2
GRC,PSE,05,20081229,7
GTM,PSE,04,20121018,2
IRL,PSE,04,20090416,4
IRL,PSE,17,20140904,2
IRL,PSE,04,20111101,1
IRL,PSE,16,20090126,18
IRL,PSE,09,20140723,4
IRN,PSE,04,20090304,184
IRN,PSE,05,20141015,1
IRN,PSE,05,20120205,260
IRN,PSE,05,20020408,2
IRN,PSE,07,20120317,2
IRN,PSE,04,20100227,3
IRN,PSE,05,20121117,8
IRN,PSE,05,20090302,12
IRN,PSE,18,20140618,1
IRN,PSE,05,20100129,2
IRN,PSE,13,20090122,117
IRN,PSE,02,20000918,9
IRN,PSE,11,20100223,4
IRN,PSE,11,20010424,3
IRN,PSE,11,20090919,1
IRN,PSE,05,20010912,7
IRN,PSE,02,20090304,17
IRN,PSE,04,20000810,12
IRN,PSE,16,20140109,7
IRN,PSE,05,20140912,4
IRN,PSE,04,20110729,2
IRN,PSE,04,20120121,21
IRN,PSE,05,20101222,1
IRN,PSE,01,20130306,4
IRN,PSE,01,20101206,6
IRN,PSE,05,20060222,7
IRQ,PSE,04,20140307,4
IRQ,PSE,05,20090913,1
IRQ,PSE,06,20060527,6
IRQ,PSE,04,20020329,8
IRQ,PSE,04,20141111,6
IRQ,PSE,01,20070614,2
ISR,PSE,12,20030223,9
ISR,PSE,17,20121208,20
ISR,PSE,11,20140411,11
ISR,PSE,01,20131212,7
ISR,PSE,19,20090831,7
ISR,PSE,05,20120603,15
ISR,PSE,12,20110520,36
ISR,PSE,04,20060712,5
ISR,PSE,11,20140730,14
ISR,PSE,05,20050520,5
ISR,PSE,01,20040229,1
ISR,PSE,04,20141023,6
ISR,PSE,01,20141114,7
ISR,PSE,01,20080806,5
ISR,PSE,16,20141102,63
ISR,PSE,02,20140812,14
ISR,PSE,19,20150124,22
ISR,PSE,04,20070311,2
ISR,PSE,01,20090202,25
ISR,PSE,17,20030113,5
ISR,PSE,02,20130621,8
ISR,PSE,04,20130205,64
ISR,PSE,11,20100609,3
ISR,PSE,19,20100313,53
ISR,PSE,04,20051015,5
ISR,PSE,08,20010425,9
ISR,PSE,08,20090110,2
ISR,PSE,03,20080226,2
ISR,PSE,04,20140703,2
ISR,PSE,07,20110129,16
ISR,PSE,19,20060507,17
ISR,PSE,13,20090925,11
ISR,PSE,03,20060806,2
ISR,PSE,08,20130814,26
ISR,PSE,19,20100326,3
ISR,PSE,20,20040528,1
ISR,PSE,02,20030501,1
ISR,PSE,08,20110111,1
ISR,PSE,03,20120715,2
ISR,PSE,12,20080410,1
ISR,PSE,17,20080324,10
ISR,PSE,19,20140930,2
ISR,PSE,09,20140711,4
ISR,PSE,13,20010501,2
ISR,PSE,06,20141029,24
ISR,PSE,19,20141112,13
ISR,PSE,01,20110805,9
ISR,PSE,04,20130719,171
ISR,PSE,04,20051020,5
ISR,PSE,03,20040823,4
ISR,PSE,01,20110818,1
ISR,PSE,11,20060727,1
ISR,PSE,17,20040901,1
ISR,PSE,16,20101126,1
ISR,PSE,02,20090521,5
ISR,PSE,15,20071117,4
ISR,PSE,01,20011213,7
ISR,PSE,16,20140708,10
ISR,PSE,12,20070905,7
ISR,PSE,17,20060706,4
ISR,PSE,11,20031129,9
ISR,PSE,14,20141027,24
ISR,PSE,04,20141008,7
ISR,PSE,18,20120126,9
ISR,PSE,03,20020103,9
ISR,PSE,02,20050410,10
ISR,PSE,19,20001124,4
ISR,PSE,03,20131014,8
ISR,PSE,17,20120919,6
ISR,PSE,11,20100322,1
ISR,PSE,11,20031210,1
ISR,PSE,08,20120427,117
ISR,PSE,19,20011003,10
ISR,PSE,01,20000504,1
ISR,PSE,11,20121127,24
ISR,PSE,08,20060910,6
ISR,PSE,11,20141210,3
ISR,PSE,17,20140808,7
ISR,PSE,05,20070625,6
ISR,PSE,07,20100424,13
ISR,PSE,05,20140305,78
ISR,PSE,05,20140815,1
ISR,PSE,13,20100702,20
ISR,PSE,11,20051107,5
ISR,PSE,11,20060703,29
ISR,PSE,18,20121124,93
ISR,PSE,12,20110824,1
ISR,PSE,17,20140103,2
ISR,PSE,01,20141021,1
ISR,PSE,18,20040322,5
ISR,PSE,19,20031214,9
ISR,PSE,02,20121002,4
ISR,PSE,02,20061223,23
ISR,PSE,19,20081225,16
ISR,PSE,19,20081001,2
ISR,PSE,11,20091015,9
ISR,PSE,04,20110304,11
ISR,PSE,18,20050724,1
ISR,PSE,02,20091107,2
ISR,PSE,16,20070727,18
ISR,PSE,19,20120806,1
ISR,PSE,01,20031015,5
ISR,PSE,18,20010719,8
ISR,PSE,07,20080520,4
ISR,PSE,19,20070701,26
ISR,PSE,05,20141028,5
ISR,PSE,04,20010308,9
ISR,PSE,19,20070224,8
ISR,PSE,19,20040516,1
ISR,PSE,19,20040811,2
ISR,PSE,01,20070516,1
ISR,PSE,01,20140213,5
ISR,PSE,19,20140327,33
ISR,PSE,05,20120514,9
ISR,PSE,01,20120118,1
ISR,PSE,03,20101224,16
ISR,PSE,12,20090419,6
ISR,PSE,03,20010821,9
ISR,PSE,17,20050920,4
ISR,PSE,19,20050512,1
ISR,PSE,19,20110423,24
ISR,PSE,05,20140528,4
ISR,PSE,04,20080831,2
ISR,PSE,19,20090702,34
ISR,PSE,12,20050822,5
ISR,PSE,12,20090729,20
ISR,PSE,01,20110430,9
ISR,PSE,02,20040131,2
ISR,PSE,01,20050620,5
ISR,PSE,17,20040322,7
ISR,PSE,19,20101001,34
ISR,PSE,09,20080224,1
ISR,PSE,04,20011026,4
ISR,PSE,03,20100124,5
ISR,PSE,14,20111002,3
ISR,PSE,04,20140516,4
ISR,PSE,19,20110101,30
ISR,PSE,17,20140209,2
ISR,PSE,04,20091228,116
ISR,PSE,04,20111124,5
ISR,PSE,08,20020719,3
ISR,PSE,02,20000602,2
ISR,PSE,12,20050603,4
ISR,PSE,10,20101206,1
ISR,PSE,07,20100331,9
ISR,PSE,02,20071008,3
ISR,PSE,01,20140722,22
ISR,PSE,17,20050601,7
ISR,PSE,11,20070628,44
ISR,PSE,18,20040503,28
ISR,PSE,06,20100421,20
ISR,PSE,11,20100113,3
ISR,PSE,17,20091006,60
ISR,PSE,09,20130910,20
ISR,PSE,01,20140105,276
ISR,PSE,19,20041006,10
ISR,PSE,19,20090920,36
ISR,PSE,17,20080709,7
ISR,PSE,07,20130113,64
ISR,PSE,19,20011018,8
ISR,PSE,05,20131023,2
ISR,PSE,17,20100926,10
ISR,PSE,04,20020203,13
ISR,PSE,04,20020713,1
ISR,PSE,11,20050807,9
ISR,PSE,18,20061108,6
ISR,PSE,01,20090618,20
ISR,PSE,06,20060118,4
ISR,PSE,04,20000722,2
ISR,PSE,08,20071114,9
ISR,PSE,05,20130821,16
ISR,PSE,19,20060614,31
ISR,PSE,13,20010613,7
ISR,PSE,08,20070417,2
ISR,PSE,04,20100717,7
ISR,PSE,17,20141012,6
ISR,PSE,19,20031011,32
ISR,PSE,19,20081220,14
ISR,PSE,02,20141218,4
ISR,PSE,05,20080513,3
ISR,PSE,03,20080502,9
ISR,PSE,17,20080606,2
ISR,PSE,19,20031229,6
ISR,PSE,19,20090514,4
ISR,PSE,19,20011106,7
ISR,PSE,05,20070327,40
ISR,PSE,04,20130728,12
ISR,PSE,05,20080325,2
ISR,PSE,01,20030220,7
ISR,PSE,11,20080205,2
ISR,PSE,03,20140916,90
ISR,PSE,19,20140715,1034
ISR,PSE,07,20070413,2
ISR,PSE,03,20070328,2
ISR,PSE,17,20010415,12
ISR,PSE,02,20021206,2
ISR,PSE,04,20010629,5
ISR,PSE,17,20140630,16
ISR,PSE,08,20130422,3
ISR,PSE,03,20110705,2
ISR,PSE,19,20010726,11
ISR,PSE,11,20071127,7
ISR,PSE,05,20141015,2
ISR,PSE,18,20020128,23
ISR,PSE,19,20140926,5
ISR,PSE,04,20141011,13
ISR,PSE,03,20140818,15
ISR,PSE,19,20061212,3
ISR,PSE,13,20100630,9
ISR,PSE,08,20031005,9
ISR,PSE,04,20140902,52
ISR,PSE,01,20090828,6
ISR,PSE,04,20100122,11
ISR,PSE,17,20140513,2
ISR,PSE,19,20040112,1
ISR,PSE,10,20100712,2
ISR,PSE,06,20120306,7
ISR,PSE,19,20121114,52
ISR,PSE,02,20120506,2
ISR,PSE,12,20110329,4
ISR,PSE,12,20090101,7
ISR,PSE,01,20121216,1
ISR,PSE,18,20140323,10
ISR,PSE,19,20030118,9
ISR,PSE,04,20140108,17
ISR,PSE,04,20050612,7
ISR,PSE,04,20121017,4
ISR,PSE,08,20090520,3
ISR,PSE,07,20010614,9
ISR,PSE,19,20020926,9
ISR,PSE,04,20080121,5
ISR,PSE,17,20120120,8
ISR,PSE,15,20040330,5
ISR,PSE,16,20100606,27
ISR,PSE,18,20061101,9
ISR,PSE,19,20130826,8
ISR,PSE,02,20000611,4
ISR,PSE,16,20120405,4
ISR,PSE,08,20140725,132
ISR,PSE,01,20110913,5
ISR,PSE,19,20120430,3
ISR,PSE,14,20140727,20
ISR,PSE,19,20080128,45
ISR,PSE,04,20140818,3
ISR,PSE,01,20130803,10
ISR,PSE,12,20120211,2
ISR,PSE,06,20040627,3
ISR,PSE,01,20071215,7
ISR,PSE,04,20110106,7
ISR,PSE,08,20130815,8
ISR,PSE,03,20070606,8
ISR,PSE,08,20130627,16
ISR,PSE,12,20101220,9
ISR,PSE,01,20001115,4
ISR,PSE,03,20110624,7
ISR,PSE,12,20031208,12
ISR,PSE,12,20140719,5
ISR,PSE,17,20130925,6
ISR,PSE,19,20130311,18
ISR,PSE,04,20011108,4
ISR,PSE,05,20120729,2
ISR,PSE,11,20070717,9
ISR,PSE,19,20070305,6
ISR,PSE,18,20120308,4
ISR,PSE,01,20031126,2
ISR,PSE,03,20081227,7
ISR,PSE,19,20090124,66
ISR,PSE,05,20090110,6
ISR,PSE,01,20110926,2
ISR,PSE,04,20131112,6
ISR,PSE,11,20130417,2
ISR,PSE,04,20130906,4
ISR,PSE,03,20061226,2
ISR,PSE,02,20090109,24
ISR,PSE,08,20121121,30
ISR,PSE,14,20140703,3
ISR,PSE,14,20131130,5
ISR,PSE,19,20030225,3
ISR,PSE,09,20040408,2
ISR,PSE,06,20100707,6
ISR,PSE,17,20041208,3
ISR,PSE,11,20091118,4
ISR,PSE,02,20110926,7
ISR,PSE,12,20090705,2
ISR,PSE,05,20120101,20
ISR,PSE,07,20081120,2
ISR,PSE,08,20120911,216
ISR,PSE,12,20080823,9
ISR,PSE,12,20060512,2
ISR,PSE,19,20060610,2
ISR,PSE,08,20080401,7
ISR,PSE,19,20121209,6
ISR,PSE,13,20140717,5
ISR,PSE,08,20071202,8
ISR,PSE,10,20030730,1
ISR,PSE,01,20140709,1
ISR,PSE,19,20011125,6
ISR,PSE,11,20070326,1
ISR,PSE,04,20130831,5
ISR,PSE,14,20120818,1
ISR,PSE,03,20140425,4
ISR,PSE,19,20090119,66
ISR,PSE,17,20120828,3
ISR,PSE,03,20121206,4
ISR,PSE,04,20111102,21
ISR,PSE,19,20081213,10
ISR,PSE,03,20140525,96
ISR,PSE,12,20081124,23
ISR,PSE,19,20140522,16
ISR,PSE,05,20090728,10
ISR,PSE,18,20090825,98
ISR,PSE,19,20100115,19
ISR,PSE,01,20111207,3
ISR,PSE,19,20100625,1
ISR,PSE,06,20090415,2
ISR,PSE,04,20140911,20
ISR,PSE,08,20100610,1
ISR,PSE,03,20140115,6
ISR,PSE,19,20100916,38
ISR,PSE,18,20100708,1
ISR,PSE,19,20081013,4
ISR,PSE,05,20110404,5
ISR,PSE,07,20090115,9
ISR,PSE,18,20141226,11
ISR,PSE,19,20100104,4
ISR,PSE,04,20080306,52
ISR,PSE,18,20140923,14
ISR,PSE,11,20080115,6
ISR,PSE,18,20111227,4
ISR,PSE,08,20041027,5
ISR,PSE,03,20080418,12
ISR,PSE,17,20121213,1
ISR,PSE,01,20130106,2
ISR,PSE,19,20090515,4
ISR,PSE,17,20020607,10
ISR,PSE,11,20150102,23
ISR,PSE,03,20020716,4
ISR,PSE,02,20010131,5
ISR,PSE,11,20080415,44
ISR,PSE,05,20131217,8
ISR,PSE,02,20150102,1
ISR,PSE,12,20100125,2
ISR,PSE,17,20130803,2
ISR,PSE,02,20081005,8
ISR,PSE,08,20070819,9
ISR,PSE,18,20140905,10
ISR,PSE,19,20141230,12
ISR,PSE,02,20121120,44
ISR,PSE,04,20020124,5
ISR,PSE,04,20090608,10
ISR,PSE,16,20140411,8
ISR,PSE,11,20140822,15
ISR,PSE,19,20140412,3
ISR,PSE,19,20051006,49
ISR,PSE,11,20100215,42
ISR,PSE,19,20001020,26
ISR,PSE,19,20081214,6
ISR,PSE,11,20080326,6
ISR,PSE,12,20140408,2
ISR,PSE,05,20141116,10
ISR,PSE,19,20141224,8
ISR,PSE,08,20080325,23
ISR,PSE,17,20020711,4
ISR,PSE,04,20090106,8
ISR,PSE,04,20080315,45
ISR,PSE,19,20140513,3
ISR,PSE,04,20070607,5
ISR,PSE,01,20150130,5
ISR,PSE,05,20040329,4
ISR,PSE,04,20080220,2
ISR,PSE,14,20131118,6
ISR,PSE,08,20121130,12
ISR,PSE,11,20030906,6
ISR,PSE,16,20060514,2
ISR,PSE,02,20071205,4
ISR,PSE,01,20090712,91
ISR,PSE,12,20140821,8
ISR,PSE,19,20120427,1
ISR,PSE,16,20030701,2
ISR,PSE,08,20010815,3
ISR,PSE,04,20011201,4
ISR,PSE,11,20081127,1
ISR,PSE,07,20081123,6
ISR,PSE,19,20001010,8
ISR,PSE,10,20110817,4
ISR,PSE,04,20020530,15
ISR,PSE,19,20120309,92
ISR,PSE,17,20110523,5
ISR,PSE,04,20090526,18
ISR,PSE,18,20020804,7
ISR,PSE,01,20140201,93
ISR,PSE,08,20140714,6
ISR,PSE,12,20061210,6
ISR,PSE,10,20050527,6
ISR,PSE,01,20071013,1
ISR,PSE,08,20080113,10
ISR,PSE,01,20000706,3
ISR,PSE,19,20101226,67
ISR,PSE,15,20060829,14
ISR,PSE,01,20130326,3
ISR,PSE,18,20120629,18
ISR,PSE,11,20090103,24
ISR,PSE,19,20071120,6
ISR,PSE,18,20040711,4
ISR,PSE,04,20010313,8
ISR,PSE,04,20100822,6
ISR,PSE,19,20140802,16
ISR,PSE,05,20080601,4
ISR,PSE,04,20140529,5
ISR,PSE,02,20080501,23
ISR,PSE,19,20020629,14
ISR,PSE,18,20141204,9
ISR,PSE,11,20140220,8
ISR,PSE,13,20120319,1
ISR,PSE,17,20120823,7
ITA,PSE,05,20080712,3
ITA,PSE,02,20010801,7
ITA,PSE,12,20020408,2
ITA,PSE,02,20070516,5
ITA,PSE,11,20090108,8
ITA,PSE,04,20081127,5
JOR,PSE,04,20140116,70
JOR,PSE,13,20020207,7
JOR,PSE,03,20100831,2
JOR,PSE,03,20030724,2
JOR,PSE,04,20070618,2
JOR,PSE,04,20130331,2
JOR,PSE,05,20141213,16
JOR,PSE,02,20010414,3
JOR,PSE,04,20001028,2
JOR,PSE,19,20010815,2
JOR,PSE,05,20001207,4
JOR,PSE,11,20001119,3
JOR,PSE,03,20140423,4
JOR,PSE,05,20030628,1
JOR,PSE,04,20070801,2
JOR,PSE,10,20011101,4
JOR,PSE,02,20060715,2
JOR,PSE,05,20050312,7
KAZ,PSE,07,20110104,2
KOR,PSE,05,20121129,8
KOR,PSE,04,20100210,10
KWT,PSE,04,20050107,7
KWT,PSE,05,20140608,12
LBN,PSE,18,20090323,2
LBN,PSE,02,20070418,2
LBN,PSE,10,20031021,2
LBN,PSE,04,20060812,1
LBN,PSE,05,20060107,2
LBN,PSE,02,20140717,10
LBN,PSE,08,20070524,2
LBN,PSE,08,20090412,1
LBN,PSE,03,20121111,1
LBN,PSE,05,20090205,2
LBN,PSE,02,20070521,5
LBN,PSE,01,20091202,1
LBN,PSE,12,20130526,2
LBN,PSE,02,20060715,3
LBN,PSE,04,20090130,3
LBN,PSE,18,20031225,9
LBN,PSE,19,20120621,1
LBN,PSE,04,20090226,5
LBN,PSE,11,20100224,2
LBN,PSE,04,20040129,12
LBN,PSE,14,20130828,6
LBN,PSE,13,20100723,4
LBN,PSE,04,20131016,4
LBN,PSE,02,20100529,16
LBN,PSE,13,20010801,3
LBN,PSE,03,20060715,6
LBN,PSE,19,20070712,4
LBN,PSE,02,20060809,3
LBN,PSE,04,20030530,1
LBN,PSE,04,20100916,16
LBY,PSE,03,20000806,2
LKA,PSE,04,20140107,4
MAR,PSE,11,20060707,9
MAR,PSE,04,20030728,18
MDV,PSE,01,20140715,4
MEA,PSE,02,20010517,1
MEA,PSE,05,20120215,2
MEA,PSE,07,20020709,1
MEA,PSE,04,20121119,8
MLI,PSE,05,20010626,1
MYS,PSE,07,20090108,4
MYS,PSE,04,20140720,6
MYS,PSE,04,20040624,1
NOR,PSE,17,20110729,1
NOR,PSE,05,20010609,1
NOR,PSE,11,20120816,5
NPL,PSE,05,20110922,2
NZL,PSE,04,20140908,6
PAK,PSE,05,20090104,2
PAK,PSE,04,20140515,4
PAK,PSE,05,20050903,4
PGS,PSE,04,20070707,5
PHL,PSE,04,20090111,8
PHL,PSE,04,20031225,17
PRK,PSE,05,20021231,2
PRY,PSE,04,20090128,4
PSE,PSE,05,20070923,12
PSE,PSE,04,20100210,4
PSE,PSE,14,20120511,2
PSE,PSE,11,20100210,5
PSE,PSE,19,20100806,30
PSE,PSE,01,20090422,9
PSE,PSE,04,20120313,2
PSE,PSE,14,20080307,3
PSE,PSE,19,20060629,3
PSE,PSE,05,20060612,12
PSE,PSE,13,20001010,9
PSE,PSE,03,20121022,20
PSE,PSE,05,20140811,7
PSE,PSE,11,20121001,18
PSE,PSE,04,20040615,1
PSE,PSE,04,20090826,2
PSE,PSE,17,20040926,1
PSE,PSE,01,20020528,2
PSE,PSE,04,20070221,11
PSE,PSE,04,20090417,6
PSE,PSE,04,20141010,3
PSE,PSE,04,20050618,1
PSE,PSE,19,20001031,1
PSE,PSE,04,20120205,191
PSE,PSE,01,20010126,2
PSE,PSE,05,20141128,1
PSE,PSE,05,20140101,4
PSE,PSE,05,20060222,5
PSE,PSE,09,20040509,4
PSE,PSE,04,20020219,1
PSE,PSE,03,20070524,6
PSE,PSE,08,20120114,27
PSE,PSE,18,20030807,17
PSE,PSE,12,20101108,1
PSE,PSE,03,20060726,2
PSE,PSE,18,20010115,1
PSE,PSE,17,20140112,2
PSE,PSE,04,20140831,10
PSE,PSE,18,20090102,14
PSE,PSE,18,20110415,6
PSE,PSE,05,20121122,4
PSE,PSE,14,20110315,20
PSE,PSE,04,20081007,6
PSE,PSE,13,20060702,7
PSE,PSE,19,20040418,16
PSE,PSE,02,20141209,2
PSE,PSE,12,20090208,4
PSE,PSE,08,20080312,2
PSE,PSE,19,20071021,45
PSE,PSE,05,20111120,9
PSE,PSE,19,20090213,3
PSE,PSE,04,20140529,4
PSE,PSE,17,20081219,9
PSE,PSE,04,20100815,8
PSE,PSE,05,20060224,1
PSE,PSE,19,20111209,2
PSE,PSE,19,20040308,2
PSE,PSE,05,20140224,2
PSE,PSE,12,20080716,4
PSE,PSE,18,20070515,4
PSE,PSE,04,20120106,11
PSE,PSE,18,20100305,4
PSE,PSE,17,20120209,2
PSE,PSE,11,20140608,4
PSE,PSE,14,20070412,10
PSE,PSE,04,20070517,5
PSE,PSE,18,20120823,1
PSE,PSE,11,20100918,4
PSE,PSE,03,20001004,14
PSE,PSE,12,20001228,7
PSE,PSE,08,20070317,10
PSE,PSE,01,20120105,2
PSE,PSE,01,20010609,5
PSE,PSE,01,20070207,2
PSE,PSE,17,20130829,2
PSE,PSE,01,20060219,1
PSE,PSE,02,20001225,7
PSE,PSE,04,20070923,1
PSE,PSE,18,20060830,7
PSE,PSE,11,20121009,8
PSE,PSE,17,20070527,6
PSE,PSE,02,20101130,9
PSE,PSE,19,20150128,67
PSE,PSE,04,20090326,6
PSE,PSE,17,20070909,2
PSE,PSE,03,20110408,4
PSE,PSE,04,20140714,96
PSE,PSE,17,20050619,9
PSE,PSE,13,20000901,1
PSE,PSE,03,20081207,9
PSE,PSE,01,20101020,8
PSE,PSE,19,20140802,10
PSE,PSE,04,20110415,4
PSE,PSE,17,20011215,9
PSE,PSE,01,20090908,8
PSE,PSE,04,20131106,6
PSE,PSE,11,20061116,20
PSE,PSE,08,20090128,5
PSE,PSE,16,20091008,2
PSE,PSE,05,20080312,1
PSE,PSE,13,20070710,8
PSE,PSE,19,20021118,1
PSE,PSE,13,20060103,2
PSE,PSE,01,20100110,24
PSE,PSE,01,20081206,25
PSE,PSE,01,20081125,4
PSE,PSE,03,20111018,15
PSE,PSE,18,20061218,5
PSE,PSE,04,20140709,18
PSE,PSE,03,20061108,2
PSE,PSE,08,20080321,3
PSE,PSE,04,20090831,4
PSE,PSE,02,20020730,1
PSE,PSE,11,20080113,2
PSE,PSE,18,20100415,50
PSE,PSE,02,20091017,9
PSE,PSE,08,20130805,1
PSE,PSE,04,20140303,2
PSE,PSE,02,20141120,8
PSE,PSE,05,20090107,6
PSE,PSE,03,20040712,4
PSE,PSE,02,20050720,2
PSE,PSE,17,20081106,16
PSE,PSE,01,20121024,5
PSE,PSE,04,20000821,5
PSE,PSE,13,20040317,9
PSE,PSE,01,20080517,13
PSE,PSE,05,20080101,3
PSE,PSE,01,20120423,1
PSE,PSE,11,20081023,6
PSE,PSE,19,20100414,1
PSE,PSE,08,20150120,2
PSE,PSE,04,20120826,4
PSE,PSE,02,20140214,2
PSE,PSE,17,20140526,2
PSE,PSE,14,20071112,5
PSE,PSE,13,20140826,4
PSE,PSE,11,20110823,9
PSE,PSE,01,20130920,3
PSE,PSE,12,20080801,1
PSE,PSE,04,20081217,1
PSE,PSE,16,20140813,1
PSE,PSE,03,20090920,2
PSE,PSE,05,20060820,9
PSE,PSE,05,20110817,9
PSE,PSE,11,20090112,5
PSE,PSE,05,20110305,2
PSE,PSE,05,20071111,26
PSE,PSE,05,20040821,5
PSE,PSE,11,20140308,3
PSE,PSE,04,20100226,5
PSE,PSE,08,20021226,2
PSE,PSE,04,20091003,4
PSE,PSE,07,20121221,38
PSE,PSE,11,20020805,6
PSE,PSE,05,20070208,4
PSE,PSE,11,20100903,1
PSE,PSE,04,20071007,1
PSE,PSE,04,20071130,1
PSE,PSE,01,20140606,4
PSE,PSE,06,20110126,1
PSE,PSE,01,20120322,2
PSE,PSE,04,20040103,7
PSE,PSE,17,20090125,5
PSE,PSE,19,20110316,1
PSE,PSE,04,20130403,4
PSE,PSE,08,20040126,4
PSE,PSE,04,20091101,18
PSE,PSE,02,20070526,4
PSE,PSE,12,20090806,8
PSE,PSE,01,20121125,4
PSE,PSE,04,20080804,6
QAT,PSE,09,20010526,7
QAT,PSE,18,20120520,17
QAT,PSE,01,20040807,4
QAT,PSE,04,20120317,15
QAT,PSE,11,20141012,333
QAT,PSE,04,20121024,26
RUS,PSE,08,20050713,9
RUS,PSE,01,20140724,2
RUS,PSE,17,20010718,4
RUS,PSE,04,20090910,1
RUS,PSE,01,20140804,2
RUS,PSE,07,20140923,2
RUS,PSE,07,20100127,2
RUS,PSE,19,20140805,3
RUS,PSE,02,20030821,1
RUS,PSE,04,20000928,3
RUS,PSE,04,20070208,9
RUS,PSE,04,20140111,116
RUS,PSE,01,20140313,4
RUS,PSE,02,20001120,2
RUS,PSE,05,20141124,6
SAU,PSE,11,20140815,52
SAU,PSE,03,20070330,1
SAU,PSE,04,20091103,4
SAU,PSE,07,20140714,2
SAU,PSE,05,20100103,2
SAU,PSE,04,20070213,2
SAU,PSE,07,20111026,5
SAU,PSE,03,20070205,9
SAU,PSE,04,20111004,2
SDN,PSE,03,20060318,1
SDN,PSE,04,20111228,40
SOM,PSE,03,20110705,4
SWE,PSE,05,20141111,3
SYR,PSE,19,20120801,10
SYR,PSE,04,20010411,9
SYR,PSE,06,20090127,4
SYR,PSE,04,20130219,20
SYR,PSE,04,20080419,27
SYR,PSE,01,20110613,3
SYR,PSE,02,20131226,6
SYR,PSE,19,20140825,1
SYR,PSE,18,20120920,30
SYR,PSE,03,20120306,2
SYR,PSE,04,20070416,9
SYR,PSE,08,20130618,6
SYR,PSE,03,20101112,20
SYR,PSE,05,20010204,7
SYR,PSE,03,20010506,2
SYR,PSE,19,20130807,1
SYR,PSE,05,20071216,4
SYR,PSE,04,20110425,14
SYR,PSE,02,20021026,3
SYR,PSE,02,20130322,2
SYR,PSE,04,20140206,1
SYR,PSE,01,20090124,3
SYR,PSE,05,20061212,1
TUN,PSE,05,20081230,5
TUN,PSE,04,20130127,12
TUR,PSE,19,20100606,12
TUR,PSE,05,20130803,4
TUR,PSE,03,20121102,3
TUR,PSE,04,20091013,1
TUR,PSE,03,20101005,3
TUR,PSE,04,20060216,2
TUR,PSE,07,20141212,2
TUR,PSE,01,20020305,9
TUR,PSE,08,20121116,1
TUR,PSE,04,20131009,1
TUR,PSE,04,20000805,7
TUR,PSE,02,20091020,9
TUR,PSE,11,20130327,8
UKR,PSE,05,20130725,2
USA,PSE,16,20120113,9
USA,PSE,05,20100706,36
USA,PSE,11,20130124,24
USA,PSE,02,20030504,9
USA,PSE,04,20140417,2
USA,PSE,12,20030725,9
USA,PSE,04,20110825,2
USA,PSE,01,20091026,12
USA,PSE,03,20130211,8
USA,PSE,11,20081228,7
USA,PSE,02,20141110,12
USA,PSE,04,20100901,58
USA,PSE,01,20100603,3
USA,PSE,05,20040416,6
USA,PSE,18,20140729,2
USA,PSE,13,20070425,6
USA,PSE,08,20040217,8
USA,PSE,07,20060614,9
USA,PSE,05,20141004,7
USA,PSE,19,20110324,6
USA,PSE,08,20110519,25
USA,PSE,07,20130620,2
USA,PSE,08,20030701,2
USA,PSE,19,20110729,10
USA,PSE,07,20111201,6
USA,PSE,16,20060226,7
USA,PSE,01,20061128,14
USA,PSE,03,20020607,1
USA,PSE,03,20020806,1
USA,PSE,17,20110609,5
USA,PSE,04,20070919,9
USA,PSE,11,20141112,2
USA,PSE,11,20090918,1
USA,PSE,11,20031008,1
USA,PSE,02,20101002,2
USA,PSE,04,20021224,5
USA,PSE,05,20110520,1
USA,PSE,19,20110510,2
USA,PSE,04,20080521,2
USA,PSE,01,20030610,2
USA,PSE,12,20111110,4
USA,PSE,05,20090106,4
USA,PSE,11,20150208,1
USA,PSE,02,20110625,1
USA,PSE,01,20100820,22
USA,PSE,19,20090607,2
USA,PSE,01,20010102,1
USA,PSE,04,20150218,8
USA,PSE,15,20041006,5
USA,PSE,12,20100117,6
USA,PSE,01,20010719,2
USA,PSE,04,20040329,7
USA,PSE,04,20090113,7
USA,PSE,16,20110811,10
USA,PSE,05,20090201,10
USA,PSE,19,20081225,21
USA,PSE,12,20020430,5
USA,PSE,02,20060322,6
USA,PSE,01,20130731,8
USA,PSE,11,20110519,6
USA,PSE,02,20020331,3
USA,PSE,07,20141228,82
USA,PSE,01,20060126,8
USA,PSE,04,20140802,1
USA,PSE,01,20000725,1
USA,PSE,04,20120802,8
USA,PSE,05,20081018,5
USA,PSE,05,20070327,7
USA,PSE,05,20130803,4
USA,PSE,01,20000101,2
USA,PSE,03,20090902,12
USA,PSE,07,20091103,20
USA,PSE,19,20140704,5
USA,PSE,13,20070617,4
USA,PSE,13,20020724,3
USA,PSE,08,20040405,7
USA,PSE,07,20030624,10
USA,PSE,19,20121119,2
USA,PSE,04,20000913,4
USA,PSE,05,20001205,1
USA,PSE,06,20081021,2
USA,PSE,12,20110819,4
USA,PSE,04,20050722,7
USA,PSE,11,20120217,2
USA,PSE,08,20090304,5
USA,PSE,16,20070424,9
USA,PSE,01,20031001,9
USA,PSE,04,20070502,11
USA,PSE,13,20120216,27
USA,PSE,17,20080226,9
USA,PSE,03,20090303,2
USA,PSE,04,20130629,5
USA,PSE,03,20090130,7
USA,PSE,03,20141204,8
USA,PSE,12,20130211,6
USA,PSE,08,20061107,6
USA,PSE,18,20140705,4
USA,PSE,07,20121129,251
USA,PSE,09,20150206,2
USA,PSE,12,20140720,1
USA,PSE,11,20031015,2
USA,PSE,01,20061004,18
USA,PSE,04,20110520,21
USA,PSE,05,20090619,3
USA,PSE,02,20030715,2
USA,PSE,16,20041124,4
USA,PSE,16,20060904,3
USA,PSE,01,20141103,2
USA,PSE,12,20040714,9
USA,PSE,02,20090604,4
VAT,PSE,05,20000215,8
VEN,PSE,05,20140517,11
VEN,PSE,18,20090201,5
VEN,PSE,02,20140813,12
VEN,PSE,01,20090110,4
YEM,PSE,16,20070318,5
YEM,PSE,05,20080324,7
YEM,PSE,05,20110427,16
YEM,PSE,04,20091207,25
ZAF,PSE,04,20010901,4
ZAF,PSE,01,20120313,6
ZAF,PSE,04,20141127,2
ZAF,PSE,01,20090217,3
ZAF,PSE,04,20140411,6
ZAF,PSE,04,20100911,5
AFG,QAT,01,20140321,2
AFG,QAT,03,20101227,2
AFG,QAT,03,20130621,10
AFG,QAT,04,20130620,5
AFG,QAT,01,20110705,6
AFG,QAT,03,20120214,1
AFR,QAT,05,20120823,2
ARE,QAT,04,20141116,4
ARE,QAT,12,20130127,2
ARE,QAT,04,20141104,7
ARE,QAT,04,20140320,2
ARE,QAT,19,20110922,3
ARE,QAT,04,20080324,6
BEL,QAT,12,20120601,2
BHR,QAT,03,20140430,6
BHR,QAT,04,20150105,4
BHR,QAT,05,20110905,1
BHR,QAT,11,20140521,2
BHR,QAT,11,20141001,2
BLR,QAT,05,20080824,1
BRA,QAT,04,20140416,6
BRA,QAT,11,20130130,8
BRN,QAT,05,20120328,2
CAN,QAT,04,20140305,3
CHN,QAT,04,20141104,45
CHN,QAT,04,20141103,3
CHN,QAT,03,20121119,10
CHN,QAT,04,20140505,2
CHN,QAT,01,20111230,7
COG,QAT,03,20100330,2
COL,QAT,04,20100808,7
CZE,QAT,17,20100923,4
DEU,QAT,03,20131029,4
DEU,QAT,04,20120729,2
DEU,QAT,04,20011028,5
DEU,QAT,04,20100126,12
DZA,QAT,08,20100606,3
DZA,QAT,01,20120516,18
EGY,QAT,04,20131101,3
EGY,QAT,08,20150204,8
EGY,QAT,04,20030108,8
EGY,QAT,03,20130616,2
EGY,QAT,01,20110909,3
EGY,QAT,03,20081110,4
EGY,QAT,05,20140408,10
EGY,QAT,02,20141228,1
EGY,QAT,11,20131008,2
EGY,QAT,03,20090325,3
EGY,QAT,04,20140624,23
EGY,QAT,04,20141024,6
EGY,QAT,12,20140617,5
EGY,QAT,17,20080128,5
EGY,QAT,13,20130728,10
EUR,QAT,01,20090916,4
FRA,QAT,01,20110629,1
FRA,QAT,05,20131116,2
FRA,QAT,05,20080906,1
FRA,QAT,17,20130304,6
FRA,QAT,01,20080605,5
GBR,QAT,01,20141121,8
GBR,QAT,03,20130627,2
GBR,QAT,05,20100207,9
GBR,QAT,03,20140609,2
GBR,QAT,11,20130625,5
GBR,QAT,04,20120709,6
GBR,QAT,04,20140326,1
GBR,QAT,05,20101208,2
GRC,QAT,04,20130122,3
GRC,QAT,04,20110403,1
GTM,QAT,19,20140902,4
IDN,QAT,08,20120304,3
IND,QAT,04,20150127,2
IND,QAT,17,20120729,6
IND,QAT,04,20130623,6
IRN,QAT,07,20120718,5
IRN,QAT,12,20121017,3
IRN,QAT,04,20100828,1
IRN,QAT,03,20000619,6
IRN,QAT,10,20110826,7
IRN,QAT,04,20110424,2
IRN,QAT,04,20120108,4
IRN,QAT,04,20140816,5
IRN,QAT,11,20140313,8
IRN,QAT,11,20130717,6
IRQ,QAT,04,20060127,7
IRQ,QAT,17,20041227,2
IRQ,QAT,01,20040921,3
IRQ,QAT,04,20041029,1
IRQ,QAT,04,20121024,1
ISR,QAT,17,20110903,3
ISR,QAT,11,20121023,232
ISR,QAT,19,20140101,3
ISR,QAT,20,20060519,9
ISR,QAT,11,20121023,2
ISR,QAT,01,20130801,3
ISR,QAT,11,20101014,2
ISR,QAT,01,20140727,2
ISR,QAT,04,20121206,2
ISR,QAT,13,20140908,4
ISR,QAT,11,20140728,2
ISR,QAT,08,20090719,7
ISR,QAT,19,20140723,12
ITA,QAT,04,20130723,2
ITA,QAT,01,20080606,4
ITA,QAT,02,20110322,6
JOR,QAT,01,20120125,19
JOR,QAT,02,20120101,6
JOR,QAT,05,20000713,4
JOR,QAT,07,20080922,7
JOR,QAT,04,20110225,18
JOR,QAT,06,20000309,9
JPN,QAT,04,20100319,10
JPN,QAT,01,20060617,2
KAZ,QAT,05,20130627,2
KEN,QAT,05,20100219,18
KOR,QAT,05,20131031,4
KOR,QAT,05,20090508,2
KOR,QAT,04,20070327,5
KWT,QAT,01,20110707,5
KWT,QAT,11,20030222,1
KWT,QAT,03,20111004,2
KWT,QAT,05,20030623,2
LBN,QAT,01,20110905,9
LBN,QAT,08,20081221,1
LBN,QAT,04,20020903,2
LBY,QAT,04,20100813,7
LBY,QAT,11,20110406,2
LBY,QAT,01,20110307,1
MEA,QAT,04,20081230,4
MEA,QAT,04,20111209,4
MLI,QAT,01,20110108,20
NGA,QAT,02,20110708,5
NGA,QAT,02,20121009,10
NMR,QAT,06,20070326,1
NPL,QAT,05,20110308,3
NPL,QAT,08,20150115,10
NZL,QAT,04,20150214,2
OMN,QAT,03,20090929,4
OMN,QAT,04,20141111,8
PAK,QAT,02,20130726,1
PGS,QAT,04,20100524,3
PGS,QAT,04,20071203,14
PGS,QAT,04,20070414,2
PHL,QAT,04,20110320,2
PSE,QAT,12,20090715,6
PSE,QAT,04,20141016,3
PSE,QAT,01,20000726,4
PSE,QAT,02,20140503,1
PSE,QAT,05,20121024,3
PSE,QAT,04,20131015,4
PSE,QAT,11,20100108,2
PSE,QAT,12,20061010,7
PSE,QAT,04,20120130,5
QAT,QAT,04,20080210,2
QAT,QAT,04,20110331,7
QAT,QAT,01,20121008,4
QAT,QAT,07,20090407,2
QAT,QAT,19,20120531,7
QAT,QAT,01,20080516,7
QAT,QAT,01,20120804,2
QAT,QAT,01,20090522,1
QAT,QAT,01,20061114,4
QAT,QAT,13,20021012,7
QAT,QAT,04,20000808,4
QAT,QAT,01,20130826,2
QAT,QAT,04,20001101,1
QAT,QAT,03,20081021,3
QAT,QAT,04,20140307,10
QAT,QAT,07,20120921,10
QAT,QAT,01,20080504,2
QAT,QAT,03,20120820,12
QAT,QAT,03,20101102,18
QAT,QAT,18,20091219,2
QAT,QAT,07,20100310,2
QAT,QAT,01,20141019,5
QAT,QAT,05,20131028,10
QAT,QAT,04,20130617,8
QAT,QAT,11,20010202,8
QAT,QAT,03,20130319,10
RUS,QAT,04,20101103,4
RUS,QAT,17,20090406,6
RUS,QAT,04,20121017,12
RUS,QAT,06,20120409,1
SAU,QAT,04,20150203,1
SAU,QAT,04,20130820,4
SAU,QAT,13,20001111,1
SAU,QAT,04,20140305,7
SAU,QAT,03,20030414,8
SAU,QAT,07,20140402,4
SAU,QAT,04,20000510,10
SAU,QAT,07,20100201,2
SAU,QAT,07,20100620,1
SAU,QAT,01,20140315,4
SAU,QAT,04,20120805,2
SAU,QAT,05,20140213,8
SDN,QAT,03,20090524,2
SDN,QAT,07,20100715,5
SDN,QAT,17,20150116,1
SDN,QAT,05,20111011,2
SDN,QAT,04,20090217,1
SDN,QAT,03,20100110,1
SDN,QAT,01,20111225,1
SGP,QAT,05,20121208,6
SYR,QAT,05,20120405,19
SYR,QAT,19,20110827,2
SYR,QAT,05,20110405,9
SYR,QAT,19,20131103,10
SYR,QAT,05,20130327,36
SYR,QAT,02,20121003,4
SYR,QAT,05,20111127,5
SYR,QAT,04,20140804,16
SYR,QAT,19,20111210,2
SYR,QAT,04,20130825,2
SYR,QAT,16,20120623,1
SYR,QAT,02,20120116,3
SYR,QAT,03,20061213,27
SYR,QAT,04,20080315,2
THA,QAT,04,20140128,4
TUN,QAT,01,20121130,2
TUN,QAT,02,20120228,12
TUR,QAT,04,20140725,16
TUR,QAT,01,20130120,2
TUR,QAT,01,20080426,1
TUR,QAT,05,20080201,9
TUR,QAT,04,20110125,9
USA,QAT,03,20081120,20
USA,QAT,16,20141201,4
USA,QAT,04,20120207,2
USA,QAT,19,20140915,50
USA,QAT,08,20140408,6
USA,QAT,05,20140826,2
USA,QAT,11,20090228,9
USA,QAT,10,20130109,10
USA,QAT,01,20030901,2
USA,QAT,01,20140821,1
USA,QAT,01,20080710,2
USA,QAT,05,20090402,2
USA,QAT,01,20070321,4
USA,QAT,06,20141113,5
USA,QAT,04,20130618,8
USA,QAT,04,20140602,16
USA,QAT,05,20060828,6
USA,QAT,05,20100402,1
USA,QAT,03,20130910,4
USA,QAT,07,20100623,1
USA,QAT,17,20140820,5
USA,QAT,04,20140301,2
USA,QAT,14,20090629,1
USA,QAT,19,20030112,5
USA,QAT,02,20030709,1
USA,QAT,04,20140817,12
LVA,ROM,04,20060504,3
AFG,RUS,04,20110128,1
AFG,RUS,03,20110116,2
AFG,RUS,19,20091028,8
AFG,RUS,04,20091219,2
AFG,RUS,18,20090812,1
AFG,RUS,04,20030318,15
AFG,RUS,02,20100923,2
AFG,RUS,05,20150111,6
AFG,RUS,04,20110329,4
AFG,RUS,03,20020113,4
AFG,RUS,05,20110811,1
AFG,RUS,05,20101102,2
AFG,RUS,11,20130926,6
AFG,RUS,03,20140216,4
AFG,RUS,18,20100629,2
AFR,RUS,01,20110726,1
AFR,RUS,03,20141221,2
AFR,RUS,11,20080715,2
AGO,RUS,04,20061101,2
AGO,RUS,04,20130820,5
AGO,RUS,03,20090811,2
AGO,RUS,04,20061103,7
ALB,RUS,03,20130802,4
ARE,RUS,01,20140522,4
ARE,RUS,04,20130227,2
ARG,RUS,04,20001122,1
ARG,RUS,04,20040114,9
ARM,RUS,03,20090710,1
ARM,RUS,04,20110610,3
ARM,RUS,04,20100510,5
ARM,RUS,02,20070915,1
ARM,RUS,01,20140325,1
ARM,RUS,16,20090805,2
ARM,RUS,02,20130131,10
ARM,RUS,03,20030214,7
ARM,RUS,06,20020809,7
ARM,RUS,03,20130726,3
ARM,RUS,04,20050517,4
ARM,RUS,05,20100316,6
ARM,RUS,05,20140623,2
ARM,RUS,05,20100316,2
ARM,RUS,19,20150216,6
ARM,RUS,04,20081031,14
ARM,RUS,01,20110325,2
ARM,RUS,11,20150115,35
ARM,RUS,03,20120207,10
ARM,RUS,04,20140224,18
ARM,RUS,19,20080915,1
ARM,RUS,01,20140214,1
ARM,RUS,05,20120810,1
ARM,RUS,04,20120803,16
ARM,RUS,03,20110612,7
AUS,RUS,01,20140104,32
AUS,RUS,03,20120109,2
AUS,RUS,16,20140903,30
AUS,RUS,06,20140908,2
AUS,RUS,05,20070905,5
AUS,RUS,04,20140603,1
AUT,RUS,18,20101222,3
AUT,RUS,07,20000521,2
AUT,RUS,03,20140506,8
AUT,RUS,09,20080505,1
AUT,RUS,04,20110118,5
AUT,RUS,18,20090122,1
AZE,RUS,01,20070829,6
AZE,RUS,03,20130814,30
AZE,RUS,06,20130905,8
AZE,RUS,03,20100125,5
AZE,RUS,01,20101004,4
AZE,RUS,04,20140804,2
AZE,RUS,01,20140226,2
AZE,RUS,11,20120524,6
AZE,RUS,01,20121207,2
AZE,RUS,03,20140729,1
AZE,RUS,12,20070910,1
AZE,RUS,06,20130822,1
AZE,RUS,05,20141026,2
AZE,RUS,01,20140903,5
AZE,RUS,04,20130911,2
AZE,RUS,04,20120401,4
AZE,RUS,01,20120222,9
AZE,RUS,04,20090701,10
AZE,RUS,05,20120411,2
AZE,RUS,13,20090513,2
AZE,RUS,04,20100904,1
AZE,RUS,12,20120502,4
AZE,RUS,02,20041005,1
AZE,RUS,01,20100908,2
AZE,RUS,04,20001216,2
AZE,RUS,08,20120904,10
AZE,RUS,02,20120216,1
BEL,RUS,05,20011206,1
BEL,RUS,04,20010516,13
BEL,RUS,17,20140901,3
BEL,RUS,04,20140723,6
BEL,RUS,05,20140321,16
BEL,RUS,04,20100416,2
BEL,RUS,04,20080125,2
BEL,RUS,15,20140806,3
BEL,RUS,03,20140704,2
BGD,RUS,03,20111025,2
BGD,RUS,05,20131002,30
BGR,RUS,04,20120329,1
BGR,RUS,12,20110617,4
BGR,RUS,10,20091105,2
BGR,RUS,04,20000525,1
BGR,RUS,05,20110705,5
BGR,RUS,03,20101109,3
BGR,RUS,05,20070316,2
BGR,RUS,16,20140327,2
BGR,RUS,01,20121001,2
BGR,RUS,09,20010322,5
BGR,RUS,15,20140402,8
BHR,RUS,05,20141108,2
BLR,RUS,05,20110815,16
BLR,RUS,04,20080430,4
BLR,RUS,05,20031119,1
BLR,RUS,11,20070525,2
BLR,RUS,19,20141017,2
BLR,RUS,16,20020605,5
BLR,RUS,02,20131017,6
BLR,RUS,05,20010605,2
BLR,RUS,11,20141204,2
BLR,RUS,01,20120622,1
BLR,RUS,19,20120927,4
BLR,RUS,01,20130429,3
BLR,RUS,04,20040315,1
BLR,RUS,05,20130801,3
BLR,RUS,04,20150128,8
BLR,RUS,03,20030326,9
BLR,RUS,12,20140623,10
BLR,RUS,01,20090623,2
BLR,RUS,05,20080609,6
BLR,RUS,08,20021111,5
BLR,RUS,13,20010125,3
BLR,RUS,01,20010428,2
BLR,RUS,05,20070521,15
BLR,RUS,01,20120926,3
BLR,RUS,15,20060618,9
BLR,RUS,03,20100108,2
BLR,RUS,02,20130428,10
BLR,RUS,05,20140502,5
BLR,RUS,04,20130710,3
BLR,RUS,06,20110726,4
BLR,RUS,05,20040420,1
BLR,RUS,17,20060324,1
BLR,RUS,01,20140212,4
BLR,RUS,05,20021210,1
BLR,RUS,04,20001002,1
BLR,RUS,13,20090614,4
BLR,RUS,08,20120327,6
BOL,RUS,04,20130728,4
BRA,RUS,04,20100803,3
BRA,RUS,19,20080518,1
BRA,RUS,04,20140711,10
BRA,RUS,07,20110818,9
BRA,RUS,12,20100303,2
BRA,RUS,12,20150123,3
CAN,RUS,03,20060630,1
CAN,RUS,01,20141202,2
CAN,RUS,03,20021103,6
CAN,RUS,18,20111210,7
CAN,RUS,04,20130920,2
CAN,RUS,10,20091021,5
CAN,RUS,03,20070606,32
CAN,RUS,06,20130208,6
CAN,RUS,04,20100408,1
CAN,RUS,19,20140919,6
CAN,RUS,12,20061004,2
CAN,RUS,18,20130714,2
CAN,RUS,09,20120430,9
CAN,RUS,05,20020205,2
CAN,RUS,11,20100918,1
CAN,RUS,08,20140219,8
CAN,RUS,06,20090907,5
CAN,RUS,04,20110915,9
CAN,RUS,04,20100707,10
CAN,RUS,12,20090908,7
CAN,RUS,11,20120831,5
CAS,RUS,04,20090404,2
CAS,RUS,02,20140701,18
CHE,RUS,04,20140401,9
CHE,RUS,04,20140610,4
CHE,RUS,04,20140420,24
CHE,RUS,02,20130912,26
CHE,RUS,05,20120926,8
CHE,RUS,01,20010110,4
CHE,RUS,08,20040615,7
CHE,RUS,04,20140419,1
CHE,RUS,16,20050812,9
CHE,RUS,04,20140428,28
CHE,RUS,04,20140313,6
CHE,RUS,04,20140218,2
CHE,RUS,12,20130722,1
CHE,RUS,04,20111031,12
CHE,RUS,04,20131224,11
CHL,RUS,04,20090405,10
CHN,RUS,03,20140601,16
CHN,RUS,04,20140424,1
CHN,RUS,16,20141013,4
CHN,RUS,03,20070214,12
CHN,RUS,05,20130112,32
CHN,RUS,04,20041008,9
CHN,RUS,04,20010429,8
CHN,RUS,04,20080829,4
CHN,RUS,01,20041011,3
CHN,RUS,04,20130317,16
CHN,RUS,04,20131020,1
CHN,RUS,04,20130428,2
CHN,RUS,03,20111025,2
CHN,RUS,06,20110920,1
CHN,RUS,04,20030404,1
CHN,RUS,04,20060528,10
CHN,RUS,16,20141124,4
CHN,RUS,05,20061123,6
CHN,RUS,04,20030729,3
CHN,RUS,01,20040331,7
CHN,RUS,05,20130129,1
CHN,RUS,06,20130208,3
CHN,RUS,04,20090617,8
CHN,RUS,04,20080927,16
CHN,RUS,06,20140318,8
CHN,RUS,07,20130716,6
CHN,RUS,04,20140316,2
CHN,RUS,03,20091013,490
CHN,RUS,11,20120719,1
CHN,RUS,05,20111117,6
CHN,RUS,05,20001111,1
CHN,RUS,05,20070324,3
CHN,RUS,04,20091017,32
CHN,RUS,03,20091009,18
CHN,RUS,03,20060907,8
CHN,RUS,11,20090525,3
CHN,RUS,01,20141230,2
CHN,RUS,04,20060822,12
CHN,RUS,05,20120305,4
CHN,RUS,04,20141001,10
CHN,RUS,04,20080806,1
CHN,RUS,05,20140528,5
CHN,RUS,05,20121209,8
CHN,RUS,04,20131107,13
CHN,RUS,03,20060507,1
CHN,RUS,04,20031201,6
CHN,RUS,03,20140325,31
CHN,RUS,05,20040624,2
CHN,RUS,10,20130925,16
CHN,RUS,04,20030929,4
CHN,RUS,04,20100203,1
CHN,RUS,05,20081118,2
CHN,RUS,04,20110922,4
CHN,RUS,04,20011226,6
CHN,RUS,04,20100915,5
CHN,RUS,01,20070413,1
CHN,RUS,10,20110419,5
CHN,RUS,04,20120619,3
CHN,RUS,05,20090812,14
CHN,RUS,01,20130906,2
CHN,RUS,11,20090323,1
CHN,RUS,01,20070701,2
CHN,RUS,04,20040620,1
CHN,RUS,04,20120207,9
CHN,RUS,05,20111012,8
CHN,RUS,03,20140429,64
CHN,RUS,04,20021004,9
CHN,RUS,04,20060515,4
CHN,RUS,04,20061227,2
CHN,RUS,02,20110202,1
CHN,RUS,16,20140902,10
CHN,RUS,03,20090525,24
CHN,RUS,04,20060529,18
CHN,RUS,11,20000718,6
CHN,RUS,04,20140316,1
CHN,RUS,03,20130325,3
CHN,RUS,06,20140614,10
CHN,RUS,18,20101217,1
CHN,RUS,01,20110618,5
CHN,RUS,03,20000826,2
CHN,RUS,04,20130615,10
CHN,RUS,04,20090405,6
CHN,RUS,04,20020717,2
CHN,RUS,04,20040527,2
CHN,RUS,04,20101229,9
CHN,RUS,03,20051019,7
CHN,RUS,03,20121029,3
CHN,RUS,06,20130709,10
CHN,RUS,01,20141104,4
CHN,RUS,04,20060625,5
COL,RUS,05,20000824,2
COL,RUS,09,20150115,2
CRI,RUS,03,20130331,2
CUB,RUS,04,20001212,5
CUB,RUS,11,20110413,2
CUB,RUS,04,20110219,5
CUB,RUS,16,20060928,2
CUB,RUS,19,20010227,1
CUB,RUS,05,20100212,3
CUB,RUS,05,20150120,2
CUB,RUS,04,20121028,4
CYP,RUS,07,20130315,168
CYP,RUS,05,20110629,6
CYP,RUS,01,20120930,6
CYP,RUS,01,20120711,10
CYP,RUS,08,20130322,1
CYP,RUS,01,20090831,4
CYP,RUS,04,20131230,2
CZE,RUS,01,20090106,4
CZE,RUS,11,20101123,7
CZE,RUS,05,20090523,4
CZE,RUS,04,20090110,32
CZE,RUS,03,20090918,2
CZE,RUS,04,20021206,6
CZE,RUS,11,20141226,1
CZE,RUS,04,20120329,2
CZE,RUS,12,20010202,6
DEU,RUS,01,20120313,15
DEU,RUS,19,20060325,21
DEU,RUS,04,20090116,2
DEU,RUS,04,20001205,1
DEU,RUS,01,20141218,10
DEU,RUS,02,20000822,5
DEU,RUS,02,20140815,3
DEU,RUS,04,20070601,2
DEU,RUS,11,20131127,10
DEU,RUS,17,20131105,4
DEU,RUS,13,20141015,2
DEU,RUS,01,20131225,6
DEU,RUS,15,20140905,8
DEU,RUS,05,20091130,96
DEU,RUS,19,20010719,6
DEU,RUS,01,20111012,2
DEU,RUS,04,20030116,1
DEU,RUS,04,20030918,5
DEU,RUS,04,20120619,1
DEU,RUS,04,20010927,9
DEU,RUS,06,20140509,5
DEU,RUS,02,20110619,1
DEU,RUS,04,20150105,5
DEU,RUS,04,20080517,1
DEU,RUS,01,20060723,1
DEU,RUS,05,20080508,1
DEU,RUS,09,20130115,2
DEU,RUS,11,20100330,8
DEU,RUS,04,20140609,46
DEU,RUS,13,20070827,2
DEU,RUS,05,20101228,1
DEU,RUS,12,20010424,1
DEU,RUS,19,20140418,2
DEU,RUS,03,20150117,1
DEU,RUS,11,20140322,12
DEU,RUS,03,20091110,2
DEU,RUS,07,20100805,5
DEU,RUS,03,20120305,6
DEU,RUS,03,20141024,2
DEU,RUS,11,20080902,1
DEU,RUS,04,20140507,4
DEU,RUS,04,20070106,4
DEU,RUS,04,20021026,3
DNK,RUS,04,20070529,2
DNK,RUS,05,20110720,9
DNK,RUS,05,20110510,4
DNK,RUS,04,20091102,4
DZA,RUS,03,20030418,6
DZA,RUS,03,20010404,9
DZA,RUS,19,20070304,3
ECU,RUS,06,20140930,6
ECU,RUS,03,20130702,2
ECU,RUS,07,20131222,1
ECU,RUS,04,20130716,11
EGY,RUS,17,20130908,1
EGY,RUS,04,20000201,4
EGY,RUS,04,20140307,5
EGY,RUS,17,20140712,4
EGY,RUS,04,20110131,2
EGY,RUS,04,20010221,7
EGY,RUS,04,20130821,4
EGY,RUS,04,20130816,10
EGY,RUS,01,20150208,2
EGY,RUS,03,20001123,6
EGY,RUS,04,20140225,1
EGY,RUS,04,20100208,1
EGY,RUS,05,20110207,12
EGY,RUS,04,20090115,2
EGY,RUS,05,20070529,2
ESP,RUS,04,20100916,4
EST,RUS,17,20090301,5
EST,RUS,11,20131106,10
EST,RUS,04,20110828,1
EST,RUS,05,20140203,7
EST,RUS,05,20000822,3
EST,RUS,05,20040518,6
EST,RUS,04,20120321,7
EST,RUS,04,20130725,8
EST,RUS,10,20141118,6
EST,RUS,08,20090505,3
EST,RUS,01,20080810,2
EST,RUS,02,20120113,2
EST,RUS,11,20110622,96
EST,RUS,05,20050121,3
EST,RUS,04,20140624,1
EST,RUS,01,20030815,1
EST,RUS,04,20140915,3
EST,RUS,08,20070523,8
EST,RUS,04,20100823,9
EST,RUS,06,20140902,88
EST,RUS,05,20030424,9
ETH,RUS,04,20111221,1
EUR,RUS,03,20101216,8
EUR,RUS,04,20010110,1
EUR,RUS,04,20110309,7
EUR,RUS,04,20130630,5
EUR,RUS,04,20140401,180
EUR,RUS,01,20110125,9
EUR,RUS,04,20040413,2
EUR,RUS,11,20140901,5
EUR,RUS,04,20080811,6
EUR,RUS,11,20091105,1
EUR,RUS,04,20140410,2
EUR,RUS,05,20090106,10
EUR,RUS,04,20150115,29
EUR,RUS,19,20090329,4
EUR,RUS,16,20150210,48
EUR,RUS,07,20120423,4
EUR,RUS,16,20140429,196
EUR,RUS,04,20101203,9
EUR,RUS,01,20140502,1
EUR,RUS,16,20080408,2
EUR,RUS,04,20021207,8
EUR,RUS,05,20120125,3
EUR,RUS,01,20131111,6
EUR,RUS,03,20030319,1
EUR,RUS,04,20030829,8
EUR,RUS,01,20141127,2
EUR,RUS,11,20000313,9
EUR,RUS,01,20081106,2
EUR,RUS,04,20141122,15
EUR,RUS,15,20131103,2
EUR,RUS,02,20150128,1
EUR,RUS,12,20110609,3
EUR,RUS,11,20140313,2
EUR,RUS,05,20090120,7
EUR,RUS,01,20071015,4
EUR,RUS,04,20140408,1
EUR,RUS,11,20140829,20
EUR,RUS,04,20100125,4
EUR,RUS,05,20140410,2
EUR,RUS,17,20131118,1
EUR,RUS,04,20091026,4
EUR,RUS,10,20141002,2
EUR,RUS,02,20100121,4
EUR,RUS,16,20141225,10
EUR,RUS,01,20101128,2
EUR,RUS,01,20001128,9
EUR,RUS,07,20100127,3
EUR,RUS,05,20140326,1
EUR,RUS,06,20140327,10
EUR,RUS,06,20110322,4
EUR,RUS,11,20031110,3
EUR,RUS,11,20140316,10
EUR,RUS,04,20120822,2
EUR,RUS,04,20060330,9
EUR,RUS,05,20140116,6
EUR,RUS,03,20040112,8
EUR,RUS,14,20140511,2
EUR,RUS,03,20130604,4
EUR,RUS,04,20111009,1
EUR,RUS,03,20140603,28
EUR,RUS,16,20140804,15
EUR,RUS,09,20120905,8
EUR,RUS,05,20020125,1
EUR,RUS,16,20140317,4
EUR,RUS,05,20120217,4
EUR,RUS,02,20090206,8
EUR,RUS,07,20021101,4
FIN,RUS,05,20140712,6
FIN,RUS,19,20081226,9
FIN,RUS,04,20060317,5
FIN,RUS,12,20130930,2
FIN,RUS,01,20090519,9
FIN,RUS,06,20150203,21
FRA,RUS,04,20000820,7
FRA,RUS,05,20110628,5
FRA,RUS,01,20140820,2
FRA,RUS,04,20070207,1
FRA,RUS,01,20130702,2
FRA,RUS,05,20000408,4
FRA,RUS,04,20070803,4
FRA,RUS,13,20130106,2
FRA,RUS,01,20120624,6
FRA,RUS,05,20101007,6
FRA,RUS,04,20121125,3
FRA,RUS,01,20080730,9
FRA,RUS,01,20030425,4
FRA,RUS,03,20050615,4
FRA,RUS,04,20041103,6
FRA,RUS,02,20040306,1
FRA,RUS,04,20041008,24
FRA,RUS,04,20110620,10
FRA,RUS,02,20111217,4
FRA,RUS,04,20131115,12
FRA,RUS,04,20090815,8
FRA,RUS,04,20131227,1
FRA,RUS,05,20150129,2
FRA,RUS,04,20010411,5
FRA,RUS,02,20150203,4
FRA,RUS,04,20101109,1
FRA,RUS,05,20100117,16
FRA,RUS,06,20100212,12
FRA,RUS,17,20010411,6
FRA,RUS,11,20141129,10
FRA,RUS,01,20101223,1
FRA,RUS,04,20100115,5
FRA,RUS,04,20060201,1
FRA,RUS,04,20131105,8
FRA,RUS,08,20121101,8
FRA,RUS,16,20080827,1
FRA,RUS,04,20120206,10
FRA,RUS,04,20120619,84
FRA,RUS,15,20140324,5
FRA,RUS,18,20140620,8
FRA,RUS,03,20150125,1
FRA,RUS,17,20100316,1
FRA,RUS,02,20110713,4
GBR,RUS,05,20110827,8
GBR,RUS,05,20101210,2
GBR,RUS,12,20141123,6
GBR,RUS,03,20011028,1
GBR,RUS,01,20060710,2
GBR,RUS,08,20100326,1
GBR,RUS,19,20150201,8
GBR,RUS,01,20131227,2
GBR,RUS,08,20150126,2
GBR,RUS,11,20140507,1
GBR,RUS,03,20090911,8
GBR,RUS,17,20100707,23
GBR,RUS,08,20080417,19
GBR,RUS,01,20070519,5
GBR,RUS,05,20090812,12
GBR,RUS,03,20120421,7
GBR,RUS,16,20101221,3
GBR,RUS,05,20030625,4
GBR,RUS,06,20131115,8
GBR,RUS,02,20061124,2
GBR,RUS,07,20090901,1
GBR,RUS,06,20140722,1
GBR,RUS,01,20111020,2
GBR,RUS,03,20140905,120
GBR,RUS,18,20070718,6
GBR,RUS,04,20140530,5
GBR,RUS,03,20100913,2
GBR,RUS,04,20100806,4
GBR,RUS,04,20110323,1
GBR,RUS,09,20061120,3
GBR,RUS,11,20071228,5
GBR,RUS,12,20090831,2
GBR,RUS,01,20140816,4
GBR,RUS,03,20121201,2
GBR,RUS,05,20051223,7
GBR,RUS,12,20090722,1
GBR,RUS,01,20140418,4
GBR,RUS,01,20140308,10
GBR,RUS,01,20061124,4
GBR,RUS,04,20150113,1
GBR,RUS,02,20130313,2
GBR,RUS,04,20000427,2
GBR,RUS,03,20121110,10
GBR,RUS,03,20120229,7
GBR,RUS,01,20140414,14
GBR,RUS,03,20140305,1
GBR,RUS,05,20041123,1
GBR,RUS,03,20070726,2
GBR,RUS,02,20070522,1
GBR,RUS,04,20080826,1
GBR,RUS,01,20101205,5
GBR,RUS,19,20120517,1
GBR,RUS,06,20140313,3
GBR,RUS,04,20140108,6
GBR,RUS,05,20070806,2
GBR,RUS,01,20090520,9
GBR,RUS,04,20130919,2
GBR,RUS,11,20040207,2
GEO,RUS,11,20100124,1
GEO,RUS,11,20000605,1
GEO,RUS,01,20010926,2
GRC,RUS,05,20070207,8
GRC,RUS,10,20140924,2
GRC,RUS,05,20080324,5
GRC,RUS,04,20090122,6
GRC,RUS,05,20090516,7
GRC,RUS,04,20130312,12
GRC,RUS,04,20100225,5
GRC,RUS,05,20131211,16
GRC,RUS,05,20131031,6
GRC,RUS,04,20131220,3
GTM,RUS,02,20090501,2
GTM,RUS,05,20070704,4
HKG,RUS,04,20090528,2
HRV,RUS,04,20040628,4
HUN,RUS,01,20090401,10
HUN,RUS,03,20141222,6
HUN,RUS,02,20121115,5
HUN,RUS,04,20150209,2
HUN,RUS,04,20010425,9
HUN,RUS,02,20070326,2
HUN,RUS,11,20011226,1
HUN,RUS,02,20000421,4
HUN,RUS,03,20140401,10
HUN,RUS,02,20141121,6
IDN,RUS,05,20080226,6
IDN,RUS,08,20081217,4
IND,RUS,03,20111214,2
IND,RUS,04,20071112,2
IND,RUS,17,20070711,2
IND,RUS,01,20111228,3
IND,RUS,04,20081205,4
IND,RUS,04,20080513,4
IND,RUS,03,20090401,6
IRL,RUS,02,20100909,4
IRN,RUS,05,20110726,6
IRN,RUS,02,20110817,17
IRN,RUS,05,20140911,4
IRN,RUS,02,20100623,5
IRN,RUS,03,20140607,168
IRN,RUS,01,20090215,3
IRN,RUS,04,20010405,6
IRN,RUS,05,20111016,13
IRN,RUS,02,20000801,1
IRN,RUS,12,20130819,2
IRN,RUS,04,20091201,2
IRN,RUS,05,20150105,1
IRN,RUS,01,20150204,3
IRN,RUS,04,20091218,7
IRN,RUS,03,20130227,56
IRN,RUS,03,20140910,6
IRN,RUS,05,20121212,2
IRN,RUS,06,20090913,3
IRN,RUS,02,20120219,1
IRN,RUS,03,20091028,2
IRN,RUS,04,20140326,4
IRN,RUS,19,20130923,20
IRN,RUS,04,20110617,12
IRN,RUS,04,20080913,1
IRN,RUS,04,20040514,2
IRN,RUS,04,20111109,1
IRN,RUS,04,20140911,22
IRN,RUS,03,20130630,1
IRN,RUS,02,20071013,6
IRN,RUS,12,20130909,1
IRN,RUS,11,20071217,1
IRN,RUS,13,20070313,1
IRN,RUS,12,20070926,7
IRN,RUS,01,20120729,4
IRN,RUS,01,20071218,2
IRN,RUS,03,20020208,7
IRN,RUS,06,20100823,7
IRN,RUS,05,20100920,8
IRN,RUS,03,20131030,6
IRN,RUS,05,20130122,8
IRN,RUS,03,20120830,2
IRN,RUS,01,20050809,4
IRN,RUS,05,20120531,1
IRN,RUS,03,20090403,9
IRN,RUS,04,20140527,4
IRN,RUS,01,20131007,1
IRN,RUS,01,20100110,1
IRN,RUS,02,20060305,2
IRN,RUS,06,20100923,2
IRN,RUS,08,20090624,2
IRN,RUS,04,20131005,2
IRN,RUS,06,20130924,4
IRN,RUS,04,20130226,14
IRN,RUS,03,20010930,2
IRN,RUS,05,20060301,2
IRQ,RUS,08,20120528,5
IRQ,RUS,04,20040818,6
IRQ,RUS,01,20060311,9
IRQ,RUS,04,20030114,1
IRQ,RUS,04,20040511,5
IRQ,RUS,04,20140824,4
IRQ,RUS,19,20070613,4
IRQ,RUS,01,20090410,6
IRQ,RUS,04,20041130,5
IRQ,RUS,04,20020907,5
IRQ,RUS,04,20100821,8
IRQ,RUS,01,20020320,1
IRQ,RUS,01,20030510,2
ISL,RUS,08,20140722,10
ISR,RUS,02,20141124,2
ISR,RUS,05,20140111,3
ISR,RUS,01,20141212,2
ISR,RUS,16,20140728,18
ISR,RUS,17,20140728,4
ISR,RUS,04,20120131,3
ISR,RUS,04,20111209,2
ISR,RUS,01,20100114,2
ISR,RUS,03,20020628,5
ISR,RUS,05,20110413,5
ISR,RUS,01,20080321,5
ISR,RUS,03,20001117,5
ISR,RUS,04,20080416,1
ISR,RUS,03,20130815,1
ISR,RUS,04,20131121,8
ISR,RUS,11,20130110,8
ISR,RUS,04,20090604,2
ISR,RUS,04,20111211,2
ISR,RUS,05,20081227,1
ISR,RUS,04,20120413,6
ISR,RUS,04,20050323,3
ISR,RUS,09,20130331,2
ISR,RUS,04,20071024,2
ISR,RUS,11,20110105,62
ISR,RUS,03,20081213,3
ITA,RUS,04,20070423,9
ITA,RUS,01,20120131,5
ITA,RUS,06,20110209,1
ITA,RUS,04,20131106,1
ITA,RUS,13,20140830,1
ITA,RUS,04,20060908,1
ITA,RUS,04,20001003,1
ITA,RUS,12,20070202,1
ITA,RUS,01,20040127,2
ITA,RUS,05,20120425,9
ITA,RUS,04,20140523,1
ITA,RUS,05,20110816,24
ITA,RUS,05,20020527,9
ITA,RUS,16,20010428,2
ITA,RUS,03,20130613,8
ITA,RUS,16,20140717,4
ITA,RUS,04,20011217,6
ITA,RUS,09,20120119,1
ITA,RUS,05,20101203,7
ITA,RUS,06,20140807,1
JOR,RUS,03,20130801,78
JOR,RUS,04,20140525,1
JOR,RUS,06,20090614,7
JOR,RUS,02,20010827,1
JOR,RUS,04,20120305,4
JPN,RUS,04,20030917,9
JPN,RUS,01,20000712,2
JPN,RUS,04,20030625,1
JPN,RUS,03,20071012,4
JPN,RUS,04,20091108,2
JPN,RUS,04,20000416,4
JPN,RUS,04,20040818,6
JPN,RUS,04,20121101,24
JPN,RUS,03,20040622,3
JPN,RUS,04,20041019,2
JPN,RUS,02,20101101,8
JPN,RUS,05,20050117,1
JPN,RUS,05,20110905,8
JPN,RUS,04,20061221,2
JPN,RUS,04,20081030,2
JPN,RUS,11,20110302,6
JPN,RUS,03,20091204,24
JPN,RUS,04,20101111,5
JPN,RUS,03,20000711,1
JPN,RUS,04,20070908,8
JPN,RUS,04,20000722,4
JPN,RUS,02,20110404,4
JPN,RUS,03,20130831,6
JPN,RUS,04,20110804,9
JPN,RUS,04,20080616,1
JPN,RUS,04,20060926,1
JPN,RUS,11,20010411,12
JPN,RUS,03,20131102,8
JPN,RUS,01,20090625,8
JPN,RUS,03,20131106,16
JPN,RUS,09,20141101,1
JPN,RUS,04,20090705,2
JPN,RUS,03,20001018,2
JPN,RUS,05,20111127,10
KAZ,RUS,05,20120919,4
KAZ,RUS,03,20081113,18
KAZ,RUS,03,20020602,6
KAZ,RUS,05,20101029,1
KAZ,RUS,05,20020513,15
KAZ,RUS,04,20110810,2
KAZ,RUS,05,20070529,1
KAZ,RUS,05,20130828,8
KAZ,RUS,04,20121008,26
KAZ,RUS,05,20141107,10
KAZ,RUS,01,20141216,12
KAZ,RUS,04,20120917,49
KEN,RUS,12,20100903,2
KGZ,RUS,04,20130714,4
KGZ,RUS,04,20120522,6
KGZ,RUS,03,20050408,7
KGZ,RUS,04,20140725,1
KGZ,RUS,02,20141021,1
KGZ,RUS,03,20101222,1
KGZ,RUS,04,20060721,5
KGZ,RUS,01,20090611,7
KGZ,RUS,03,20000903,1
KGZ,RUS,03,20050126,7
KGZ,RUS,03,20120410,1
KGZ,RUS,09,20110810,1
KGZ,RUS,04,20110401,4
KHM,RUS,02,20111225,1
KHM,RUS,17,20140804,2
KHM,RUS,17,20131122,2
KOR,RUS,03,20120318,2
KOR,RUS,19,20131114,3
KOR,RUS,03,20030409,7
KOR,RUS,05,20110421,1
KOR,RUS,01,20140316,10
KOR,RUS,02,20030410,2
KOR,RUS,03,20140512,2
KOR,RUS,03,20140403,2
KOR,RUS,04,20131014,24
KOR,RUS,03,20001010,1
KOR,RUS,04,20130702,3
KOR,RUS,07,20141201,42
KOR,RUS,04,20020104,7
KOR,RUS,04,20000708,1
KOR,RUS,04,20110912,4
KOR,RUS,08,20110311,2
KOR,RUS,05,20021105,1
KOR,RUS,02,20141127,2
KOR,RUS,05,20100208,2
KOR,RUS,07,20141201,10
KOR,RUS,01,20030808,1
KOR,RUS,03,20061013,5
KOR,RUS,08,20070603,5
KOR,RUS,03,20090917,2
KWT,RUS,03,20131012,6
LAO,RUS,04,20121105,4
LBN,RUS,04,20130122,10
LBN,RUS,04,20130426,6
LBN,RUS,07,20060907,2
LBN,RUS,03,20060913,7
LBN,RUS,12,20040117,10
LBN,RUS,04,20130429,5
LBR,RUS,19,20080307,4
LBY,RUS,05,20110822,2
LBY,RUS,03,20110605,9
LBY,RUS,19,20131002,21
LBY,RUS,04,20010619,12
LKA,RUS,08,20110426,4
LTU,RUS,13,20140922,5
LTU,RUS,04,20010125,13
LTU,RUS,02,20010404,6
LTU,RUS,01,20080626,5
LTU,RUS,10,20041005,18
LTU,RUS,06,20140924,6
LTU,RUS,02,20120813,2
LTU,RUS,11,20150218,1
LTU,RUS,04,20011207,7
LTU,RUS,02,20140428,2
LUX,RUS,11,20010802,6
LUX,RUS,04,20140828,16
LUX,RUS,05,20030529,4
LVA,RUS,12,20070721,2
LVA,RUS,01,20020903,5
LVA,RUS,09,20030921,2
LVA,RUS,19,20050507,2
LVA,RUS,10,20060302,1
LVA,RUS,17,20140417,4
LVA,RUS,10,20080407,6
LVA,RUS,07,20130807,2
LVA,RUS,01,20120219,2
LVA,RUS,10,20040527,5
LVA,RUS,12,20060822,6
LVA,RUS,05,20000218,9
MDA,RUS,05,20100613,6
MDA,RUS,19,20060504,4
MDA,RUS,02,20000704,2
MDA,RUS,08,20010827,2
MDA,RUS,05,20110512,1
MDA,RUS,10,20110316,3
MDA,RUS,03,20090127,10
MDA,RUS,05,20011217,5
MDA,RUS,04,20110622,1
MDA,RUS,05,20090202,7
MDA,RUS,05,20011120,5
MDA,RUS,08,20140806,8
MDA,RUS,05,20061220,1
MDA,RUS,04,20120131,7
MDA,RUS,01,20120117,3
MDV,RUS,17,20140708,19
MEA,RUS,05,20111213,4
MEA,RUS,04,20120309,68
MEX,RUS,01,20000305,2
MKD,RUS,03,20050329,2
MKD,RUS,01,20090106,2
MKD,RUS,05,20130911,1
MMR,RUS,04,20060403,12
MNG,RUS,08,20020809,4
MNG,RUS,07,20131009,8
MYS,RUS,19,20140718,4
MYS,RUS,11,20141124,4
MYS,RUS,01,20030912,2
MYS,RUS,05,20101227,4
NIC,RUS,03,20130812,4
NIC,RUS,05,20110318,2
NLD,RUS,03,20140605,2
NLD,RUS,08,20131106,1
NLD,RUS,02,20140723,12
NLD,RUS,18,20040318,12
NLD,RUS,17,20131008,19
NLD,RUS,02,20120103,2
NLD,RUS,11,20110706,2
NLD,RUS,03,20090618,2
NLD,RUS,16,20130118,1
NMR,RUS,06,20131120,10
NOR,RUS,16,20010919,8
NOR,RUS,08,20121017,1
NOR,RUS,01,20141009,3
NOR,RUS,03,20001027,2
NOR,RUS,11,20130111,6
NOR,RUS,05,20130508,6
NOR,RUS,04,20120911,8
NOR,RUS,01,20121115,2
NZL,RUS,03,20091217,8
NZL,RUS,05,20101006,1
PAK,RUS,04,20070606,1
PAK,RUS,04,20101228,2
PAK,RUS,04,20150112,6
PAN,RUS,07,20031002,2
PER,RUS,04,20110219,10
PER,RUS,04,20110708,1
PER,RUS,04,20090704,8
PHL,RUS,08,20141027,1
POL,RUS,04,20100413,8
POL,RUS,01,20090901,9
POL,RUS,02,20110115,6
POL,RUS,04,20150128,5
POL,RUS,14,20150206,4
POL,RUS,05,20130410,10
POL,RUS,04,20080515,7
POL,RUS,09,20000412,4
POL,RUS,01,20120914,1
POL,RUS,01,20070221,3
POL,RUS,11,20100608,1
POL,RUS,03,20010613,1
POL,RUS,06,20101029,8
POL,RUS,04,20031126,12
POL,RUS,03,20071218,5
POL,RUS,05,20101104,4
POL,RUS,02,20141029,6
POL,RUS,06,20100719,2
POL,RUS,06,20140624,1
POL,RUS,20,20100429,9
POL,RUS,03,20000920,6
POL,RUS,03,20070605,2
POL,RUS,04,20020918,2
POL,RUS,04,20100426,3
POL,RUS,04,20130404,2
POL,RUS,08,20061215,5
POL,RUS,01,20050322,2
POL,RUS,19,20120703,6
POL,RUS,11,20150204,6
POL,RUS,05,20101028,2
PRK,RUS,04,20031221,1
PRK,RUS,12,20130709,2
PRK,RUS,04,20060712,6
PRK,RUS,03,20141003,60
PRK,RUS,01,20070828,2
PRK,RUS,01,20090608,3
PRK,RUS,04,20130212,13
PRK,RUS,10,20021204,1
PRK,RUS,04,20140905,152
PRK,RUS,04,20141115,4
PRK,RUS,03,20020405,4
PRK,RUS,04,20091015,1
PRK,RUS,04,20080520,2
PRK,RUS,05,20060524,4
PRK,RUS,03,20110820,24
PRK,RUS,03,20110824,2
PRK,RUS,02,20030111,8
PRK,RUS,03,20150201,8
PRK,RUS,04,20010830,1
PRK,RUS,04,20030313,6
PRT,RUS,09,20070910,4
PRT,RUS,04,20131018,8
PSE,RUS,04,20060303,6
PSE,RUS,04,20001009,1
PSE,RUS,04,20090210,3
PSE,RUS,02,20090105,1
PSE,RUS,08,20060817,1
PSE,RUS,04,20061118,9
PSE,RUS,04,20000811,4
PSE,RUS,11,20020404,2
PSE,RUS,04,20130827,4
PSE,RUS,02,20140806,2
QAT,RUS,05,20081111,1
QAT,RUS,11,20140218,6
QAT,RUS,04,20120328,2
QAT,RUS,04,20140216,2
QAT,RUS,06,20101102,2
ROM,RUS,04,20090122,1
RUS,RUS,04,20070731,8
RUS,RUS,03,20110224,2
RUS,RUS,15,20140303,9
RUS,RUS,08,20001121,5
RUS,RUS,08,20010314,1
RUS,RUS,11,20110722,4
RUS,RUS,02,20120911,4
RUS,RUS,04,20030602,5
RUS,RUS,09,20120815,3
RUS,RUS,14,20090128,2
RUS,RUS,19,20090902,4
RUS,RUS,01,20040717,1
RUS,RUS,16,20141208,36
RUS,RUS,02,20090820,4
RUS,RUS,09,20050309,2
RUS,RUS,01,20140116,1
RUS,RUS,10,20140721,8
RUS,RUS,01,20010418,5
RUS,RUS,04,20080321,7
RUS,RUS,06,20051105,3
RUS,RUS,04,20100415,9
RUS,RUS,01,20130713,6
RUS,RUS,04,20040618,5
RUS,RUS,04,20140807,2
RUS,RUS,19,20101220,2
RUS,RUS,04,20101002,14
RUS,RUS,01,20081113,4
RUS,RUS,16,20140726,1
RUS,RUS,04,20140315,24
RUS,RUS,05,20130913,3
RUS,RUS,09,20000310,2
RUS,RUS,03,20111124,20
RUS,RUS,16,20070922,12
RUS,RUS,08,20090625,4
RUS,RUS,03,20130806,2
RUS,RUS,03,20040630,5
RUS,RUS,04,20130319,31
RUS,RUS,06,20100528,2
RUS,RUS,01,20140714,12
RUS,RUS,19,20131112,6
RUS,RUS,05,20131217,20
RUS,RUS,19,20140226,6
RUS,RUS,05,20141205,14
RUS,RUS,04,20110202,6
RUS,RUS,01,20090227,11
RUS,RUS,16,20020131,7
RUS,RUS,04,20040210,19
RUS,RUS,13,20130320,10
RUS,RUS,03,20140116,4
RUS,RUS,10,20030607,5
RUS,RUS,05,20011210,3
RUS,RUS,14,20071001,6
RUS,RUS,13,20080210,5
RUS,RUS,08,20130719,6
RUS,RUS,17,20010725,3
RUS,RUS,11,20130301,3
RUS,RUS,13,20120221,5
RUS,RUS,04,20130426,1
RUS,RUS,12,20120327,3
RUS,RUS,05,20130206,10
RUS,RUS,03,20150114,4
RUS,RUS,13,20141012,10
RUS,RUS,01,20100807,18
RUS,RUS,02,20130826,25
RUS,RUS,04,20010530,4
RUS,RUS,04,20010322,7
RUS,RUS,05,20000327,5
RUS,RUS,19,20060623,2
RUS,RUS,05,20061008,7
RUS,RUS,07,20031113,1
RUS,RUS,12,20120412,8
RUS,RUS,12,20020703,2
RUS,RUS,03,20010101,7
RUS,RUS,03,20110819,2
RUS,RUS,08,20050504,1
RUS,RUS,01,20000202,3
RUS,RUS,08,20120524,10
RUS,RUS,16,20140806,3
RUS,RUS,02,20030130,9
RUS,RUS,04,20141105,15
RUS,RUS,01,20061128,4
RUS,RUS,18,20140805,6
RUS,RUS,05,20091129,7
RUS,RUS,02,20140904,6
RUS,RUS,19,20051017,8
RUS,RUS,17,20121008,1
RUS,RUS,05,20140427,8
RUS,RUS,08,20050116,2
RUS,RUS,08,20000402,5
RUS,RUS,17,20141222,426
RUS,RUS,17,20091016,5
RUS,RUS,19,20030919,7
RUS,RUS,04,20140704,12
RUS,RUS,01,20090329,4
RUS,RUS,17,20130125,14
RUS,RUS,08,20000227,1
RUS,RUS,07,20111122,4
RUS,RUS,13,20050513,2
RUS,RUS,03,20131113,12
RUS,RUS,11,20060125,2
RUS,RUS,15,20140717,2
RUS,RUS,03,20130914,16
RUS,RUS,04,20020810,1
RUS,RUS,19,20090620,1
RUS,RUS,17,20110725,1
RUS,RUS,08,20080603,8
RUS,RUS,15,20130801,8
RUS,RUS,02,20111204,5
RUS,RUS,04,20110507,2
RUS,RUS,02,20120727,10
RUS,RUS,12,20061001,4
RUS,RUS,02,20001205,2
RUS,RUS,11,20140326,6
RUS,RUS,08,20140628,3
RUS,RUS,05,20020806,5
RUS,RUS,04,20130721,4
RUS,RUS,17,20120102,1
RUS,RUS,07,20021216,1
RUS,RUS,04,20110919,58
RUS,RUS,13,20010331,7
RUS,RUS,02,20100920,3
RUS,RUS,04,20140718,8
RUS,RUS,01,20011113,4
RUS,RUS,11,20030609,2
RUS,RUS,09,20140820,5
RUS,RUS,03,20090604,1
RUS,RUS,09,20000902,3
RUS,RUS,04,20120909,1
RUS,RUS,05,20070123,6
RUS,RUS,13,20000720,9
RUS,RUS,17,20060209,1
RUS,RUS,18,20110420,2
RUS,RUS,08,20120426,6
RUS,RUS,01,20140527,8
RUS,RUS,17,20001210,2
RUS,RUS,04,20070530,2
RUS,RUS,15,20120707,1
RUS,RUS,19,20140321,1
RUS,RUS,03,20081029,8
RUS,RUS,05,20000109,2
RUS,RUS,19,20110701,5
RUS,RUS,18,20090718,5
RUS,RUS,13,20090505,2
RUS,RUS,04,20070811,2
RUS,RUS,01,20121120,17
RUS,RUS,05,20110821,9
RUS,RUS,09,20130126,4
RUS,RUS,11,20020218,2
RUS,RUS,14,20130503,20
RUS,RUS,04,20030115,8
RUS,RUS,15,20140416,2
RUS,RUS,13,20120221,6
RUS,RUS,17,20070527,5
RUS,RUS,17,20050513,4
RUS,RUS,14,20091008,4
RUS,RUS,02,20130713,6
RUS,RUS,01,20131019,2
RUS,RUS,12,20070220,5
RUS,RUS,17,20070717,8
RUS,RUS,04,20110406,57
RUS,RUS,07,20010922,4
RUS,RUS,12,20070210,9
RUS,RUS,03,20030917,6
RUS,RUS,03,20070330,5
RUS,RUS,01,20000409,5
RUS,RUS,04,20040601,1
RUS,RUS,04,20050830,6
RUS,RUS,02,20101126,2
RUS,RUS,03,20071129,3
RUS,RUS,01,20130924,7
RUS,RUS,04,20130111,10
RUS,RUS,13,20090817,9
RUS,RUS,19,20000505,7
RUS,RUS,17,20090630,4
RUS,RUS,01,20060712,4
RUS,RUS,01,20120919,2
RUS,RUS,04,20070729,3
RUS,RUS,03,20051110,7
RUS,RUS,19,20110610,4
RUS,RUS,04,20010926,6
RUS,RUS,03,20130207,2
RUS,RUS,01,20021217,5
RUS,RUS,17,20121116,2
RUS,RUS,19,20131230,3
RUS,RUS,04,20101130,8
RUS,RUS,19,20140131,2
RUS,RUS,12,20120619,1
RUS,RUS,01,20130915,5
RUS,RUS,04,20050213,1
RUS,RUS,08,20141109,1
RUS,RUS,11,20140131,6
RUS,RUS,01,20071203,54
RUS,RUS,13,20140301,2
RUS,RUS,04,20130615,1
RUS,RUS,11,20090622,6
RUS,RUS,07,20130825,5
RUS,RUS,04,20140107,6
RUS,RUS,17,20111213,6
RUS,RUS,08,20090301,1
RUS,RUS,10,20071026,3
RUS,RUS,01,20070603,6
RUS,RUS,05,20100818,4
RUS,RUS,08,20120711,1
RUS,RUS,10,20130904,4
RUS,RUS,01,20090309,14
RUS,RUS,02,20020713,2
RUS,RUS,07,20101120,8
RUS,RUS,11,20031007,3
RUS,RUS,05,20051007,4
RUS,RUS,17,20081008,2
RUS,RUS,03,20140520,2
RUS,RUS,03,20030208,6
RUS,RUS,03,20141201,20
RUS,RUS,01,20140802,2
RUS,RUS,04,20130412,4
RUS,RUS,03,20020904,3
RUS,RUS,01,20080803,1
RUS,RUS,11,20130913,5
RUS,RUS,16,20111128,4
RUS,RUS,03,20130910,12
RUS,RUS,01,20091014,8
RUS,RUS,07,20090726,1
RUS,RUS,01,20081001,1
RUS,RUS,10,20141212,6
RUS,RUS,01,20141109,8
RUS,RUS,02,20120201,20
RUS,RUS,07,20070305,4
RUS,RUS,05,20091019,4
RUS,RUS,12,20130627,6
RUS,RUS,01,20020127,4
RUS,RUS,12,20140901,4
RUS,RUS,19,20140806,10
RUS,RUS,19,20080322,6
RUS,RUS,04,20040901,14
RUS,RUS,11,20090516,9
RUS,RUS,18,20090520,4
RUS,RUS,06,20140917,2
RUS,RUS,17,20070321,2
RUS,RUS,05,20071012,5
RUS,RUS,04,20040528,2
RUS,RUS,11,20141204,68
RUS,RUS,10,20140414,2
RUS,RUS,08,20000324,7
RUS,RUS,02,20090225,1
RUS,RUS,03,20010627,6
RUS,RUS,19,20020926,3
RUS,RUS,07,20081224,4
RUS,RUS,12,20130529,3
RUS,RUS,01,20110821,7
RUS,RUS,10,20031028,5
RUS,RUS,19,20070930,4
RUS,RUS,01,20080327,7
RUS,RUS,01,20050621,7
RUS,RUS,19,20051017,3
RUS,RUS,04,20130602,8
RUS,RUS,05,20070904,2
RUS,RUS,04,20050903,5
RUS,RUS,03,20030506,4
RUS,RUS,04,20001025,6
RUS,RUS,08,20080224,10
RUS,RUS,11,20080121,1
RUS,RUS,12,20070205,2
RUS,RUS,01,20110318,1
RUS,RUS,16,20030523,1
RUS,RUS,04,20120305,8
RUS,RUS,02,20040120,10
RUS,RUS,02,20140527,2
RUS,RUS,11,20090910,4
RUS,RUS,10,20120404,4
RUS,RUS,19,20070801,1
RUS,RUS,11,20061030,3
RUS,RUS,01,20000313,5
RUS,RUS,13,20131015,1
RUS,RUS,03,20021011,4
RUS,RUS,08,20060303,2
RUS,RUS,04,20040509,2
RUS,RUS,04,20010528,4
RUS,RUS,15,20040430,3
RUS,RUS,03,20050902,1
RUS,RUS,11,20130726,2
RUS,RUS,02,20001011,8
RUS,RUS,01,20110620,15
RUS,RUS,18,20090605,9
RUS,RUS,03,20130729,2
RUS,RUS,10,20080108,4
RUS,RUS,02,20140422,26
RUS,RUS,11,20000807,3
RUS,RUS,11,20121115,6
RUS,RUS,01,20140417,66
SAU,RUS,06,20091001,9
SAU,RUS,11,20120221,1
SAU,RUS,16,20120613,1
SAU,RUS,05,20000819,3
SAU,RUS,04,20140501,2
SAU,RUS,11,20130814,2
SDN,RUS,08,20030728,5
SEA,RUS,04,20110721,45
SEA,RUS,06,20051210,9
SGP,RUS,04,20091026,1
SOM,RUS,04,20110926,14
SRB,RUS,05,20100417,3
SRB,RUS,01,20000401,12
SRB,RUS,16,20080213,7
SRB,RUS,06,20120225,2
SRB,RUS,16,20150216,1
SRB,RUS,04,20090518,2
SRB,RUS,06,20121031,10
SRB,RUS,03,20090204,2
SRB,RUS,05,20131114,18
SRB,RUS,05,20100723,3
SRB,RUS,04,20140516,32
SVK,RUS,04,20140830,2
SWE,RUS,08,20111121,7
SWE,RUS,04,20091015,8
SWE,RUS,04,20101216,2
SWE,RUS,03,20130907,8
SWE,RUS,03,20081029,4
SWE,RUS,09,20141025,2
SWE,RUS,09,20090519,9
SYR,RUS,04,20120817,4
SYR,RUS,04,20131118,14
SYR,RUS,02,20110423,7
SYR,RUS,02,20120406,2
SYR,RUS,04,20121109,12
SYR,RUS,08,20121214,2
SYR,RUS,04,20050123,4
SYR,RUS,03,20110501,1
SYR,RUS,01,20120805,2
SYR,RUS,05,20141013,2
SYR,RUS,04,20120720,8
SYR,RUS,07,20130922,2
SYR,RUS,01,20050127,3
SYR,RUS,02,20130426,7
SYR,RUS,04,20140925,8
SYR,RUS,04,20130111,8
SYR,RUS,01,20141117,8
SYR,RUS,12,20130202,1
SYR,RUS,01,20030617,3
SYR,RUS,02,20130829,5
SYR,RUS,04,20130812,8
SYR,RUS,04,20120402,28
SYR,RUS,06,20090524,1
SYR,RUS,03,20120511,1
SYR,RUS,11,20131101,2
SYR,RUS,12,20130614,12
SYR,RUS,11,20140604,8
SYR,RUS,12,20120605,2
SYR,RUS,03,20120816,2
SYR,RUS,01,20130104,7
SYR,RUS,05,20111122,3
THA,RUS,11,20140325,3
THA,RUS,17,20080309,1
THA,RUS,17,20100823,2
TJK,RUS,04,20020225,2
TJK,RUS,01,20090124,4
TJK,RUS,02,20100610,1
TJK,RUS,04,20020103,6
TJK,RUS,04,20001214,1
TJK,RUS,12,20111109,2
TJK,RUS,05,20071003,2
TJK,RUS,19,20120823,1
TJK,RUS,05,20060520,9
TJK,RUS,05,20020502,2
TJK,RUS,05,20141109,6
TJK,RUS,04,20120108,1
TJK,RUS,05,20140423,5
TJK,RUS,04,20091029,10
TJK,RUS,16,20110719,2
TJK,RUS,10,20060331,3
TJK,RUS,01,20011123,6
TJK,RUS,04,20041216,3
TJK,RUS,03,20090901,7
TJK,RUS,04,20060515,1
TJK,RUS,17,20121005,38
TJK,RUS,03,20120928,4
TJK,RUS,05,20121006,2
TJK,RUS,02,20070105,1
TJK,RUS,01,20140918,8
TJK,RUS,04,20100406,1
TJK,RUS,04,20051011,2
TJK,RUS,17,20101215,4
TJK,RUS,01,20130805,6
TKM,RUS,03,20020105,1
TKM,RUS,06,20080410,2
TKM,RUS,03,20011223,6
TKM,RUS,05,20010921,12
TKM,RUS,04,20050331,6
TKM,RUS,04,20121025,10
TUN,RUS,04,20000206,6
TUR,RUS,05,20120125,3
TUR,RUS,03,20071002,2
TUR,RUS,04,20110316,2
TUR,RUS,04,20140616,4
TUR,RUS,05,20000219,3
TUR,RUS,01,20141201,33
TUR,RUS,05,20140726,8
TUR,RUS,01,20021213,4
TUR,RUS,19,20140807,2
TUR,RUS,04,20140531,6
TUR,RUS,01,20150127,4
TUR,RUS,04,20110221,2
TUR,RUS,01,20131130,12
TUR,RUS,04,20040127,5
TUR,RUS,03,20060623,2
TUR,RUS,04,20141201,2
TUR,RUS,02,20130518,2
TUR,RUS,03,20111002,14
TUR,RUS,05,20110110,2
TUR,RUS,03,20030304,14
TUR,RUS,19,20120507,1
UKR,RUS,04,20041220,5
UKR,RUS,06,20141104,8
UKR,RUS,13,20140520,10
UKR,RUS,19,20140111,18
UKR,RUS,02,20090519,12
UKR,RUS,07,20100208,1
UKR,RUS,04,20131218,6
UKR,RUS,19,20140530,22
UKR,RUS,04,20090422,7
UKR,RUS,16,20140319,2
UKR,RUS,06,20011022,2
UKR,RUS,19,20141030,8
UKR,RUS,04,20080814,4
UKR,RUS,08,20131212,2
UKR,RUS,04,20120403,5
UKR,RUS,02,20141009,2
UKR,RUS,05,20150205,9
UKR,RUS,11,20050721,3
UKR,RUS,15,20140425,37
UKR,RUS,05,20140217,2
UKR,RUS,17,20140523,14
UKR,RUS,10,20090109,4
UKR,RUS,02,20121019,10
UKR,RUS,07,20150101,2
UKR,RUS,04,20120113,7
UKR,RUS,04,20090116,14
UKR,RUS,11,20140725,6
UKR,RUS,11,20141013,42
UKR,RUS,13,20140417,3
UKR,RUS,04,20080430,3
UKR,RUS,12,20090106,10
UKR,RUS,06,20140805,4
UKR,RUS,03,20140817,123
UKR,RUS,07,20140726,2
UKR,RUS,19,20140316,24
UKR,RUS,06,20110908,3
UKR,RUS,02,20021101,10
UKR,RUS,05,20100629,8
UKR,RUS,13,20140421,1
UKR,RUS,04,20010511,2
UKR,RUS,14,20140127,19
UKR,RUS,04,20140331,9
UKR,RUS,11,20150209,1
UKR,RUS,03,20130108,4
UKR,RUS,07,20140721,8
UKR,RUS,04,20140718,2
UKR,RUS,10,20091119,9
UKR,RUS,04,20081107,7
UKR,RUS,01,20140320,98
UKR,RUS,08,20140505,130
UKR,RUS,14,20140729,2
UKR,RUS,13,20041126,1
UKR,RUS,04,20150210,12
UKR,RUS,11,20090819,3
UKR,RUS,04,20130619,1
UKR,RUS,04,20011128,7
UKR,RUS,01,20140102,16
UKR,RUS,11,20140320,111
UKR,RUS,10,20090609,2
UKR,RUS,04,20140926,14
UKR,RUS,05,20140516,30
UKR,RUS,17,20140922,7
UKR,RUS,01,20130728,8
UKR,RUS,04,20140526,12
UKR,RUS,11,20140822,862
UKR,RUS,11,20140908,16
UKR,RUS,01,20140711,10
UKR,RUS,10,20140814,4
UKR,RUS,08,20141127,5
UKR,RUS,07,20140822,5
UKR,RUS,11,20141107,18
UKR,RUS,03,20140721,1
UKR,RUS,19,20140727,1
UKR,RUS,05,20080207,8
UKR,RUS,04,20140524,3
UKR,RUS,05,20110307,4
UKR,RUS,07,20021129,5
UKR,RUS,08,20140828,8
UKR,RUS,05,20130829,10
UKR,RUS,03,20110315,9
UKR,RUS,10,20140314,2
UKR,RUS,13,20090101,5
UKR,RUS,04,20140806,4
UKR,RUS,17,20140502,7
UKR,RUS,12,20110418,15
UKR,RUS,03,20100222,3
UKR,RUS,05,20120810,4
UKR,RUS,11,20090218,4
UKR,RUS,06,20100208,5
UKR,RUS,01,20140424,46
UKR,RUS,04,20050922,2
UKR,RUS,05,20030919,2
UKR,RUS,05,20100524,2
UKR,RUS,03,20140523,5
UKR,RUS,01,20140724,4
UKR,RUS,01,20141009,8
UKR,RUS,05,20040524,1
UKR,RUS,05,20100518,4
UKR,RUS,11,20140717,37
UKR,RUS,09,20140521,2
UKR,RUS,11,20140315,12
UKR,RUS,06,20140320,12
UKR,RUS,05,20141005,64
UKR,RUS,04,20150205,87
UKR,RUS,04,20140806,8
UKR,RUS,01,20150216,28
UKR,RUS,01,20100505,3
UKR,RUS,02,20140321,1
UKR,RUS,08,20140718,32
UKR,RUS,13,20131129,9
UKR,RUS,17,20090730,5
UKR,RUS,04,20090430,14
UKR,RUS,05,20091009,7
UKR,RUS,11,20140906,1
UKR,RUS,11,20141003,4
UKR,RUS,03,20121130,1
UKR,RUS,10,20140622,10
UKR,RUS,01,20090826,4
UKR,RUS,08,20150211,40
UKR,RUS,10,20140528,8
UKR,RUS,04,20070322,18
UKR,RUS,05,20141228,8
UKR,RUS,04,20001218,1
UKR,RUS,03,20080925,5
UKR,RUS,14,20100702,1
UKR,RUS,04,20121218,9
UKR,RUS,01,20001214,10
UKR,RUS,04,20020912,1
UKR,RUS,06,20070207,5
UKR,RUS,13,20140523,6
UKR,RUS,04,20030723,1
UKR,RUS,04,20130314,10
UKR,RUS,12,20140518,10
UKR,RUS,17,20080515,3
UKR,RUS,02,20140312,8
UKR,RUS,04,20150207,30
UKR,RUS,08,20140811,5
UKR,RUS,04,20130422,5
UKR,RUS,11,20090116,11
UKR,RUS,09,20140419,6
USA,RUS,05,20120409,5
USA,RUS,16,20140830,15
USA,RUS,04,20100824,4
USA,RUS,03,20090928,2
USA,RUS,03,20061220,10
USA,RUS,16,20140717,193
USA,RUS,02,20060829,3
USA,RUS,12,20030317,4
USA,RUS,01,20130220,12
USA,RUS,15,20080424,30
USA,RUS,11,20080818,34
USA,RUS,05,20090806,20
USA,RUS,09,20111206,20
USA,RUS,04,20110305,6
USA,RUS,04,20101217,2
USA,RUS,11,20080605,7
USA,RUS,04,20111116,4
USA,RUS,04,20131011,1
USA,RUS,03,20000817,9
USA,RUS,07,20140316,10
USA,RUS,05,20091124,4
USA,RUS,07,20130711,12
USA,RUS,03,20030721,5
USA,RUS,11,20070703,2
USA,RUS,12,20130720,12
USA,RUS,02,20080805,2
USA,RUS,11,20120215,7
USA,RUS,16,20100923,2
USA,RUS,01,20130227,1
USA,RUS,04,20021105,8
USA,RUS,04,20120823,6
USA,RUS,15,20140302,8
USA,RUS,03,20080510,8
USA,RUS,04,20021103,2
USA,RUS,03,20100127,2
USA,RUS,16,20140321,63
USA,RUS,12,20141029,10
USA,RUS,03,20110809,2
USA,RUS,19,20140827,6
USA,RUS,04,20121022,114
USA,RUS,03,20020211,2
USA,RUS,09,20021011,10
USA,RUS,03,20130916,9
USA,RUS,06,20140730,5
USA,RUS,01,20091229,5
USA,RUS,13,20130628,1
USA,RUS,07,20140329,6
USA,RUS,11,20140721,4
USA,RUS,04,20010618,9
USA,RUS,13,20141031,4
USA,RUS,02,20001124,3
USA,RUS,17,20120720,5
USA,RUS,17,20020729,1
USA,RUS,06,20100205,5
USA,RUS,08,20011118,2
USA,RUS,04,20130317,12
USA,RUS,06,20140405,6
USA,RUS,04,20040706,1
USA,RUS,17,20010829,3
USA,RUS,08,20120602,2
USA,RUS,09,20110922,3
USA,RUS,16,20130727,47
USA,RUS,07,20140502,24
USA,RUS,08,20010324,1
USA,RUS,01,20140423,5
USA,RUS,19,20121220,2
USA,RUS,05,20000329,2
USA,RUS,01,20130906,20
USA,RUS,02,20090323,2
USA,RUS,11,20130922,20
USA,RUS,17,20140308,7
USA,RUS,03,20121112,2
USA,RUS,03,20060911,5
USA,RUS,03,20120618,7
USA,RUS,19,20100406,4
USA,RUS,01,20001005,1
USA,RUS,04,20130212,6
USA,RUS,01,20130717,4
USA,RUS,10,20111109,2
USA,RUS,01,20000128,4
USA,RUS,04,20070710,10
USA,RUS,05,20101223,51
USA,RUS,05,20010707,5
USA,RUS,03,20011016,6
USA,RUS,03,20070302,8
USA,RUS,04,20080408,1
USA,RUS,05,20120320,8
USA,RUS,05,20010906,2
USA,RUS,03,20140312,12
USA,RUS,11,20091111,1
USA,RUS,11,20140529,5
USA,RUS,11,20140718,60
USA,RUS,09,20081216,12
USA,RUS,02,20140929,3
USA,RUS,17,20110730,1
USA,RUS,09,20120427,21
USA,RUS,01,20110923,3
USA,RUS,05,20091101,10
USA,RUS,02,20140323,20
USA,RUS,11,20000710,1
USA,RUS,12,20120310,1
USA,RUS,04,20091031,32
USA,RUS,19,20090427,4
USA,RUS,04,20070823,7
USA,RUS,05,20110923,10
USA,RUS,07,20131114,212
USA,RUS,05,20090628,2
USA,RUS,18,20090511,3
USA,RUS,17,20120514,1
USA,RUS,05,20071013,36
USA,RUS,11,20140413,28
USA,RUS,03,20090503,9
USA,RUS,01,20130415,2
USA,RUS,16,20121207,1
USA,RUS,02,20110302,4
USA,RUS,04,20090714,2
USA,RUS,11,20070303,1
USA,RUS,03,20131026,8
USA,RUS,09,20100913,2
USA,RUS,04,20140106,8
USA,RUS,04,20131227,60
USA,RUS,17,20140916,18
USA,RUS,08,20121205,8
USA,RUS,05,20130711,8
USA,RUS,04,20001208,12
USA,RUS,13,20100922,6
USA,RUS,17,20121024,30
USA,RUS,04,20110715,6
USA,RUS,05,20130917,16
USA,RUS,02,20121121,4
USA,RUS,04,20120410,5
USA,RUS,15,20140725,6
USA,RUS,10,20090210,4
USA,RUS,05,20140403,12
USA,RUS,04,20011218,6
USA,RUS,05,20121216,2
USA,RUS,19,20110503,4
USA,RUS,12,20140216,15
USA,RUS,09,20121022,10
USA,RUS,04,20140108,1
USA,RUS,11,20090513,4
USA,RUS,12,20001121,3
USA,RUS,04,20020204,11
USA,RUS,16,20141023,2
USA,RUS,01,20141012,1
USA,RUS,11,20120209,20
USA,RUS,04,20070814,1
USA,RUS,02,20080827,7
USA,RUS,05,20090723,3
USA,RUS,12,20150122,8
USA,RUS,04,20140922,6
USA,RUS,02,20131211,1
USA,RUS,17,20131013,10
USA,RUS,01,20070502,3
USA,RUS,05,20111230,9
USA,RUS,04,20050421,4
USA,RUS,15,20120525,6
USA,RUS,14,20061101,4
USA,RUS,01,20040210,3
USA,RUS,07,20130916,16
USA,RUS,02,20040306,1
USA,RUS,03,20120328,9
USA,RUS,04,20140822,60
USA,RUS,03,20070412,5
USA,RUS,03,20120908,14
USA,RUS,13,20141224,4
USA,RUS,09,20061001,3
USA,RUS,01,20071207,1
USA,RUS,05,20080826,3
USA,RUS,11,20011214,1
USA,RUS,01,20070126,12
USA,RUS,01,20140328,36
USA,RUS,17,20091229,2
USA,RUS,04,20060908,18
USA,RUS,03,20020506,3
USA,RUS,04,20100501,6
USA,RUS,01,20120304,9
USA,RUS,03,20130118,4
USA,RUS,13,20070612,9
USA,RUS,04,20100929,40
USA,RUS,04,20020425,10
USA,RUS,03,20130502,2
USA,RUS,03,20090401,135
USA,RUS,11,20130520,24
USA,RUS,12,20140216,4
USA,RUS,02,20150127,7
USA,RUS,04,20130828,3
USA,RUS,11,20130601,6
USA,RUS,14,20130906,3
USA,RUS,15,20130619,12
USA,RUS,04,20110708,28
USA,RUS,16,20090517,9
USA,RUS,01,20140511,8
USA,RUS,05,20060715,8
USA,RUS,04,20030812,18
USA,RUS,01,20071130,2
USA,RUS,05,20060704,2
USA,RUS,19,20121225,4
USA,RUS,05,20120619,3
USA,RUS,04,20100406,24
USA,RUS,03,20140813,2
USA,RUS,17,20140316,10
USA,RUS,04,20110512,3
USA,RUS,11,20090604,63
USA,RUS,01,20150202,3
USA,RUS,08,20101101,3
USA,RUS,08,20140930,4
USA,RUS,02,20080426,4
USA,RUS,06,20140927,1
USA,RUS,01,20090815,1
USA,RUS,04,20130829,13
USA,RUS,04,20131216,1
USA,RUS,03,20130918,84
USA,RUS,05,20000617,10
USA,RUS,03,20140418,16
USA,RUS,04,20071228,2
USA,RUS,19,20120726,8
USA,RUS,04,20090507,6
USA,RUS,05,20091012,5
USA,RUS,04,20101208,2
USA,RUS,03,20130820,18
USA,RUS,05,20010918,7
USA,RUS,04,20030326,10
USA,RUS,05,20121003,14
USA,RUS,16,20140303,36
USA,RUS,17,20091121,2
USA,RUS,07,20130115,6
USA,RUS,03,20120608,134
USA,RUS,17,20000908,2
USA,RUS,11,20130813,8
USA,RUS,13,20070421,18
USA,RUS,01,20121003,4
USA,RUS,03,20000902,6
USA,RUS,13,20130604,10
USA,RUS,04,20140307,102
USA,RUS,16,20070418,5
USA,RUS,04,20140223,22
USA,RUS,16,20141209,2
USA,RUS,02,20090215,2
USA,RUS,04,20000123,6
USA,RUS,05,20060912,1
UZB,RUS,03,20011005,4
UZB,RUS,04,20000927,2
UZB,RUS,04,20061122,16
UZB,RUS,04,20150114,5
UZB,RUS,04,20080717,1
UZB,RUS,06,20140411,8
UZB,RUS,06,20140315,2
UZB,RUS,04,20040906,5
UZB,RUS,04,20060210,7
VAT,RUS,03,20091203,8
VEN,RUS,10,20130702,6
VEN,RUS,04,20081204,2
VEN,RUS,18,20050925,1
VEN,RUS,05,20090914,1
VEN,RUS,05,20100922,6
VEN,RUS,01,20100402,2
VNM,RUS,04,20140311,2
VNM,RUS,04,20130910,10
VNM,RUS,05,20140619,5
VNM,RUS,04,20110723,3
WST,RUS,07,20140619,1
WST,RUS,05,20111003,17
WST,RUS,04,20040317,3
WST,RUS,13,20090519,2
WST,RUS,01,20090403,9
WST,RUS,14,20141006,20
WST,RUS,11,20140522,304
WST,RUS,01,20121123,10
WST,RUS,11,20140829,98
WST,RUS,04,20100120,2
WST,RUS,03,20140424,10
WST,RUS,03,20140403,1
WST,RUS,04,20101116,18
WST,RUS,02,20141006,1
WST,RUS,04,20101115,14
WST,RUS,03,20101110,8
WST,RUS,03,20021202,3
WST,RUS,15,20090507,2
WST,RUS,01,20140811,228
WST,RUS,04,20081219,35
WST,RUS,03,20080819,7
WST,RUS,04,20091117,1
WST,RUS,04,20090327,2
WST,RUS,17,20080304,2
WST,RUS,03,20140903,30
YEM,RUS,03,20130419,2
ZAF,RUS,05,20131001,16
ZMB,RUS,12,20140228,2
ZWE,RUS,05,20140513,22
ZWE,RUS,01,20020520,4
ZWE,RUS,04,20060521,7
ZWE,RUS,03,20070824,4
AFR,RWA,04,20010319,8
AFR,RWA,04,20140103,12
AFR,RWA,03,20100429,5
AFR,RWA,03,20070329,2
AFR,RWA,04,20130615,3
AFR,RWA,01,20121104,6
AFR,RWA,01,20120604,3
AFR,RWA,04,20120210,8
AFR,RWA,17,20140911,42
AGO,RWA,04,20020115,2
BDI,RWA,04,20091007,6
BDI,RWA,04,20041226,1
BDI,RWA,04,20110124,1
BDI,RWA,02,20041013,5
BDI,RWA,04,20120906,2
BDI,RWA,04,20090729,76
BDI,RWA,04,20091012,8
BDI,RWA,04,20120218,5
BEL,RWA,01,20071102,2
BEL,RWA,05,20030326,6
BGD,RWA,07,20091110,56
CHE,RWA,04,20080707,1
CHN,RWA,07,20141228,16
CHN,RWA,05,20101023,2
COD,RWA,04,20140806,6
COD,RWA,11,20120910,1
COD,RWA,15,20090226,1
COD,RWA,08,20111121,4
COD,RWA,01,20120907,3
COD,RWA,03,20060221,4
COD,RWA,05,20050202,6
COD,RWA,05,20090322,2
COD,RWA,06,20120406,1
COD,RWA,01,20010209,7
COG,RWA,07,20041204,6
COG,RWA,04,20051002,1
COG,RWA,11,20131105,2
COG,RWA,06,20070910,4
COG,RWA,19,20121119,26
FIN,RWA,04,20090608,4
FRA,RWA,08,20081031,3
FRA,RWA,02,20080110,2
FRA,RWA,04,20111220,2
FRA,RWA,03,20061127,1
FRA,RWA,12,20120110,4
JOR,RWA,11,20030822,1
JPN,RWA,05,20141106,2
KEN,RWA,04,20081101,1
KEN,RWA,03,20061117,7
KEN,RWA,04,20100828,6
LBR,RWA,07,20061105,7
LKA,RWA,01,20131215,4
MEX,RWA,04,20090617,2
MWI,RWA,02,20080630,6
NGA,RWA,09,20140104,8
NGA,RWA,01,20090108,3
NLD,RWA,16,20110905,8
RWA,RWA,17,20100813,9
RWA,RWA,06,20120910,6
RWA,RWA,03,20040228,4
RWA,RWA,17,20080229,5
RWA,RWA,11,20100721,5
RWA,RWA,19,20100902,2
RWA,RWA,01,20040519,1
RWA,RWA,17,20091107,8
RWA,RWA,02,20100128,4
RWA,RWA,04,20110802,1
RWA,RWA,05,20130729,10
RWA,RWA,11,20090823,6
RWA,RWA,19,20090918,3
RWA,RWA,04,20091111,2
RWA,RWA,01,20010520,3
RWA,RWA,13,20110323,2
RWA,RWA,05,20120626,16
RWA,RWA,08,20030408,7
RWA,RWA,01,20101013,3
RWA,RWA,11,20110219,6
RWA,RWA,02,20140313,2
RWA,RWA,01,20091129,1
RWA,RWA,04,20010721,7
RWA,RWA,04,20030624,4
SDN,RWA,05,20100822,1
SDN,RWA,03,20050223,9
SLE,RWA,03,20140923,8
SWE,RWA,16,20140317,6
SYR,RWA,12,20130909,4
TTO,RWA,01,20100309,2
TUN,RWA,04,20081207,3
TZA,RWA,17,20000108,4
TZA,RWA,08,20010210,9
TZA,RWA,04,20100825,4
TZA,RWA,11,20000804,4
TZA,RWA,04,20131108,12
UGA,RWA,03,20131031,2
UGA,RWA,05,20121002,6
UGA,RWA,19,20110727,3
UGA,RWA,04,20050719,2
UGA,RWA,05,20000602,3
UGA,RWA,17,20141104,2
UGA,RWA,04,20150131,8
UGA,RWA,17,20000515,12
UGA,RWA,19,20000611,6
UGA,RWA,11,20100703,3
UGA,RWA,12,20101210,2
UGA,RWA,04,20121119,2
UGA,RWA,04,20070730,2
USA,RWA,16,20081028,3
USA,RWA,05,20061016,1
USA,RWA,05,20001003,1
USA,RWA,04,20110424,6
USA,RWA,17,20100830,2
USA,RWA,04,20121005,2
USA,RWA,01,20030828,7
USA,RWA,08,20101222,2
ZAF,RWA,09,20140310,11
ZAF,RWA,03,20021127,5
ZAF,RWA,04,20001020,1
ZMB,RWA,01,20141229,4
AFR,SAF,11,20110714,2
AFR,SAF,04,20081208,3
AFR,SAF,03,20010906,4
AGO,SAF,03,20040914,7
CHN,SAF,04,20110128,9
DEU,SAF,03,20040302,2
DZA,SAF,01,20040705,2
EUR,SAF,03,20110115,3
MOZ,SAF,02,20000111,5
MOZ,SAF,04,20130623,10
MWI,SAF,01,20051128,3
NAM,SAF,03,20070321,2
NAM,SAF,04,20110724,9
SAF,SAF,02,20110707,18
SWZ,SAF,01,20120307,2
ZAF,SAF,04,20040923,6
ZMB,SAF,03,20091113,1
ZWE,SAF,04,20031001,9
ZWE,SAF,02,20090518,4
COL,SAM,07,20140911,10
AFG,SAS,04,20101010,8
AUS,SAS,06,20130304,3
BGD,SAS,04,20090430,5
BGD,SAS,19,20130208,10
IND,SAS,17,20020611,4
IND,SAS,17,20091112,7
IND,SAS,02,20110910,5
IND,SAS,11,20090713,12
IND,SAS,04,20081230,6
IND,SAS,03,20071020,9
ISR,SAS,19,20080102,5
ISR,SAS,11,20141003,2
LKA,SAS,02,20090129,9
LKA,SAS,17,20140811,10
NPL,SAS,09,20111117,6
NPL,SAS,03,20140606,24
NPL,SAS,03,20020104,2
NPL,SAS,04,20110825,4
PAK,SAS,04,20081001,4
PAK,SAS,04,20141210,4
PAK,SAS,04,20010602,3
PAK,SAS,12,20120318,4
PAK,SAS,03,20041022,7
PAK,SAS,19,20140611,20
PAK,SAS,10,20011009,2
PAK,SAS,03,20110609,3
PAK,SAS,01,20121117,10
PAK,SAS,19,20120512,2
PAK,SAS,04,20130708,3
PAK,SAS,04,20100803,2
PAK,SAS,11,20120127,2
PAK,SAS,04,20120408,7
PAK,SAS,03,20020729,1
PHL,SAS,02,20090923,2
SEA,SAS,07,20031112,7
TJK,SAS,04,20061026,9
USA,SAS,06,20140316,2
USA,SAS,05,20140903,2
USA,SAS,04,20090413,4
AFG,SAU,03,20111206,1
AFG,SAU,04,20050802,4
AFG,SAU,07,20090507,6
AFG,SAU,04,20091021,4
AFG,SAU,02,20131017,8
AFG,SAU,04,20100304,1
AFG,SAU,04,20030721,2
AFG,SAU,16,20091101,2
AFG,SAU,04,20091125,14
AFG,SAU,05,20140818,2
AFG,SAU,04,20081002,4
AFG,SAU,05,20110502,3
AFG,SAU,05,20140528,6
AFG,SAU,12,20140708,2
AFR,SAU,08,20140527,30
AFR,SAU,06,20050228,2
AFR,SAU,04,20060311,7
ARE,SAU,04,20150216,3
ARE,SAU,08,20070727,1
ARE,SAU,07,20091013,9
ARE,SAU,06,20010802,3
ARG,SAU,01,20090808,2
AUS,SAU,04,20130711,10
AUS,SAU,04,20141116,19
AUS,SAU,04,20090127,2
AUS,SAU,05,20130913,6
AUS,SAU,06,20101125,7
AUS,SAU,05,20141117,12
AUS,SAU,06,20120228,6
AUT,SAU,04,20070302,1
AZE,SAU,04,20041223,2
BEL,SAU,01,20110731,10
BEL,SAU,04,20071029,3
BGD,SAU,04,20150121,3
BGD,SAU,04,20140318,8
BHR,SAU,17,20080514,9
BHR,SAU,04,20141225,5
BHR,SAU,11,20131012,4
BHR,SAU,04,20140602,2
BHR,SAU,20,20110821,6
BHR,SAU,04,20120214,5
BHR,SAU,03,20080106,8
BHR,SAU,04,20150117,6
BHR,SAU,08,20140222,4
BHR,SAU,09,20140216,12
BHR,SAU,14,20120317,1
BRA,SAU,06,20111115,1
BRA,SAU,04,20110530,10
BRA,SAU,02,20080129,1
BRA,SAU,04,20101202,6
CAN,SAU,17,20110813,5
CAN,SAU,11,20150214,8
CAN,SAU,05,20140731,3
CHE,SAU,07,20141024,18
CHE,SAU,04,20130902,30
CHN,SAU,01,20100213,1
CHN,SAU,05,20100214,2
CHN,SAU,06,20140528,2
CHN,SAU,05,20090609,2
CHN,SAU,05,20080522,3
CHN,SAU,04,20121126,12
CHN,SAU,04,20100812,5
COL,SAU,17,20080625,7
CUB,SAU,04,20071208,1
DEU,SAU,18,20111023,8
DEU,SAU,04,20100420,2
DEU,SAU,04,20070104,4
DEU,SAU,04,20070508,4
DJI,SAU,04,20110115,2
DZA,SAU,04,20140601,7
EGY,SAU,03,20060107,2
EGY,SAU,03,20120707,104
EGY,SAU,05,20110403,7
EGY,SAU,04,20010109,4
EGY,SAU,01,20070108,1
EGY,SAU,06,20131011,6
EGY,SAU,17,20110214,5
EGY,SAU,02,20020318,1
EGY,SAU,04,20120508,2
EGY,SAU,04,20090603,76
EGY,SAU,03,20121105,10
EGY,SAU,04,20140115,5
EGY,SAU,04,20140308,6
EGY,SAU,03,20000821,2
EGY,SAU,04,20140511,1
EGY,SAU,04,20000528,2
EGY,SAU,06,20120409,4
EGY,SAU,05,20130905,3
EGY,SAU,07,20080320,1
EGY,SAU,11,20080330,6
EGY,SAU,03,20090905,1
EGY,SAU,01,20031122,1
ESP,SAU,10,20110825,2
EUR,SAU,02,20090528,1
EUR,SAU,01,20090722,5
FIN,SAU,03,20080107,2
FJI,SAU,04,20150217,2
FRA,SAU,11,20070327,5
FRA,SAU,04,20121104,60
FRA,SAU,05,20140112,3
GBR,SAU,04,20031024,1
GBR,SAU,06,20071126,2
GBR,SAU,04,20071124,1
GBR,SAU,05,20131111,8
GBR,SAU,04,20120404,4
GBR,SAU,04,20130526,2
GBR,SAU,04,20011007,6
GBR,SAU,11,20071029,10
GBR,SAU,04,20090706,1
GBR,SAU,04,20150127,40
GBR,SAU,04,20071030,11
GRC,SAU,11,20030526,3
IDN,SAU,01,20071111,9
IDN,SAU,16,20110623,2
IDN,SAU,03,20000224,7
IND,SAU,12,20130806,5
IND,SAU,05,20050330,2
IND,SAU,04,20131105,21
IRN,SAU,02,20091010,4
IRN,SAU,04,20030901,10
IRN,SAU,04,20091224,8
IRN,SAU,01,20140903,8
IRN,SAU,14,20120518,18
IRN,SAU,19,20111104,8
IRN,SAU,04,20090304,2
IRN,SAU,01,20131210,8
IRN,SAU,04,20141119,1
IRN,SAU,11,20130909,6
IRN,SAU,19,20070303,2
IRN,SAU,02,20090818,2
IRN,SAU,14,20121015,2
IRN,SAU,17,20130521,40
IRN,SAU,04,20140421,2
IRN,SAU,04,20120330,4
IRN,SAU,03,20131104,1
IRN,SAU,04,20100607,8
IRN,SAU,06,20120304,3
IRN,SAU,17,20150123,8
IRN,SAU,01,20060915,1
IRN,SAU,19,20050801,1
IRN,SAU,04,20120209,1
IRN,SAU,19,20070823,4
IRN,SAU,04,20010114,1
IRN,SAU,03,20040214,2
IRN,SAU,01,20131125,77
IRN,SAU,04,20060719,5
IRN,SAU,11,20110426,2
IRQ,SAU,04,20080812,4
IRQ,SAU,04,20150207,2
IRQ,SAU,04,20040628,2
IRQ,SAU,05,20140628,2
IRQ,SAU,11,20130811,4
IRQ,SAU,11,20140617,4
IRQ,SAU,05,20130729,8
IRQ,SAU,02,20140910,5
IRQ,SAU,05,20130806,1
IRQ,SAU,11,20140130,8
IRQ,SAU,04,20141112,2
IRQ,SAU,04,20041202,1
IRQ,SAU,04,20000229,2
IRQ,SAU,19,20000204,3
IRQ,SAU,11,20100114,6
IRQ,SAU,04,20101017,2
IRQ,SAU,12,20140812,4
IRQ,SAU,05,20020415,2
IRQ,SAU,08,20030909,1
IRQ,SAU,18,20120214,2
IRQ,SAU,01,20131126,7
ISR,SAU,04,20060722,3
ISR,SAU,18,20111011,2
ISR,SAU,01,20090211,1
ISR,SAU,04,20130320,16
ISR,SAU,03,20080511,1
ISR,SAU,05,20120926,5
ISR,SAU,05,20140104,2
ISR,SAU,04,20090205,1
ISR,SAU,03,20090126,1
ISR,SAU,12,20090509,2
ISR,SAU,12,20110706,9
ITA,SAU,04,20130927,2
ITA,SAU,19,20130619,5
JOR,SAU,04,20120506,6
JOR,SAU,04,20011030,6
JOR,SAU,01,20140501,6
JOR,SAU,01,20080610,9
JOR,SAU,04,20111103,4
JOR,SAU,04,20010927,1
JOR,SAU,09,20110702,2
JOR,SAU,03,20120728,200
JOR,SAU,03,20140708,3
JOR,SAU,01,20130822,1
JOR,SAU,02,20120728,118
JOR,SAU,04,20121104,4
JOR,SAU,11,20120306,24
JOR,SAU,17,20120515,2
JOR,SAU,04,20030616,2
JOR,SAU,04,20110204,7
JOR,SAU,05,20100819,2
JOR,SAU,05,20001104,1
JOR,SAU,14,20130124,4
JPN,SAU,04,20100614,8
KEN,SAU,17,20060505,3
KEN,SAU,03,20110917,1
KOR,SAU,06,20120413,7
KWT,SAU,13,20111230,2
KWT,SAU,04,20090618,2
KWT,SAU,03,20090115,2
KWT,SAU,05,20140912,5
KWT,SAU,04,20031027,1
KWT,SAU,04,20110629,2
KWT,SAU,04,20040615,27
LBN,SAU,05,20030428,7
LBN,SAU,04,20110111,2
LBN,SAU,08,20111123,15
LBN,SAU,18,20100807,1
LBN,SAU,04,20060729,2
LBN,SAU,11,20080316,8
LBN,SAU,05,20040218,7
LBN,SAU,03,20011115,7
LBN,SAU,19,20070711,12
LBN,SAU,11,20031109,1
LBN,SAU,13,20110803,2
LBN,SAU,17,20131217,2
LBN,SAU,04,20121022,4
LBY,SAU,04,20140603,4
LKA,SAU,16,20130119,4
LKA,SAU,03,20080324,6
MAR,SAU,05,20140725,2
MAR,SAU,05,20150123,6
MDV,SAU,04,20100223,9
MEA,SAU,04,20120617,4
MEX,SAU,19,20101109,2
MEX,SAU,01,20081208,5
MEX,SAU,03,20110706,1
MUS,SAU,19,20130617,6
MYS,SAU,02,20070619,1
MYS,SAU,18,20110511,2
MYS,SAU,04,20130730,8
MYS,SAU,14,20110506,10
MYS,SAU,04,20140625,3
MYS,SAU,03,20090820,4
MYS,SAU,01,20010430,2
MYS,SAU,04,20110204,4
MYS,SAU,02,20120606,1
MYS,SAU,02,20131005,1
MYS,SAU,09,20080514,5
MYS,SAU,04,20131114,1
NGA,SAU,01,20020912,1
NGA,SAU,04,20080909,1
NGA,SAU,01,20140511,2
NOR,SAU,01,20101009,6
NPL,SAU,04,20140806,4
NZL,SAU,04,20061111,6
OMN,SAU,04,20120318,20
OMN,SAU,03,20130228,12
OMN,SAU,05,20130115,4
OMN,SAU,05,20131117,2
PAK,SAU,01,20070607,5
PAK,SAU,11,20150123,6
PAK,SAU,06,20071123,6
PAK,SAU,02,20061122,4
PAK,SAU,04,20091101,3
PAK,SAU,04,20031024,1
PAK,SAU,03,20101201,1
PAK,SAU,19,20140612,20
PAK,SAU,04,20120220,6
PAK,SAU,02,20120724,2
PAK,SAU,01,20030515,3
PAK,SAU,05,20010130,7
PAK,SAU,17,20091231,2
PAK,SAU,01,20010911,10
PAK,SAU,08,20091003,4
PGS,SAU,04,20110427,1
PGS,SAU,04,20140602,1
PGS,SAU,04,20090116,10
PGS,SAU,04,20120305,7
PHL,SAU,01,20100819,5
PHL,SAU,04,20110518,2
PHL,SAU,17,20100318,5
PSE,SAU,04,20100111,8
PSE,SAU,11,20111014,8
PSE,SAU,04,20070406,6
PSE,SAU,02,20020227,6
PSE,SAU,19,20070329,2
PSE,SAU,05,20000304,4
QAT,SAU,04,20111226,1
QAT,SAU,04,20120523,14
QAT,SAU,11,20120315,6
QAT,SAU,04,20111031,1
QAT,SAU,03,20000610,1
QAT,SAU,04,20120926,1
QAT,SAU,03,20040611,6
QAT,SAU,06,20141029,2
QAT,SAU,04,20030317,7
QAT,SAU,12,20000527,4
QAT,SAU,02,20030104,8
QAT,SAU,01,20031022,2
QAT,SAU,04,20090802,4
QAT,SAU,03,20131108,6
QAT,SAU,04,20120214,1
RUS,SAU,02,20140108,2
RUS,SAU,04,20000413,2
RUS,SAU,01,20030902,7
RUS,SAU,04,20110326,1
RUS,SAU,04,20140611,2
RUS,SAU,04,20140610,5
RUS,SAU,05,20080122,5
SAU,SAU,04,20120131,1
SAU,SAU,04,20140228,6
SAU,SAU,08,20111003,2
SAU,SAU,04,20140624,8
SAU,SAU,17,20110117,2
SAU,SAU,05,20101220,1
SAU,SAU,02,20010111,6
SAU,SAU,12,20081020,6
SAU,SAU,17,20101219,3
SAU,SAU,17,20060418,2
SAU,SAU,04,20140810,90
SAU,SAU,05,20120429,2
SAU,SAU,12,20120327,3
SAU,SAU,05,20141120,2
SAU,SAU,01,20150206,2
SAU,SAU,10,20130820,2
SAU,SAU,06,20111005,4
SAU,SAU,04,20020929,6
SAU,SAU,04,20101206,2
SAU,SAU,01,20131012,6
SAU,SAU,05,20120624,4
SAU,SAU,04,20110624,6
SAU,SAU,01,20140116,12
SAU,SAU,17,20140318,6
SAU,SAU,04,20120131,8
SAU,SAU,04,20020226,7
SAU,SAU,04,20000612,4
SAU,SAU,02,20100719,2
SAU,SAU,09,20110605,1
SAU,SAU,01,20140617,12
SAU,SAU,04,20140620,5
SAU,SAU,11,20011110,5
SAU,SAU,04,20030719,2
SAU,SAU,02,20150211,2
SAU,SAU,07,20110821,11
SAU,SAU,17,20120616,7
SAU,SAU,04,20140925,4
SAU,SAU,07,20080515,1
SAU,SAU,04,20120411,3
SAU,SAU,17,20000512,10
SAU,SAU,01,20111102,3
SAU,SAU,04,20120425,5
SAU,SAU,04,20131106,6
SAU,SAU,01,20090930,1
SAU,SAU,02,20011217,2
SAU,SAU,04,20080302,1
SAU,SAU,04,20140530,2
SAU,SAU,14,20110306,2
SAU,SAU,18,20090319,11
SAU,SAU,02,20130107,10
SAU,SAU,09,20120509,4
SAU,SAU,02,20120301,4
SAU,SAU,10,20140819,4
SAU,SAU,03,20091122,5
SAU,SAU,08,20140330,1
SAU,SAU,05,20110329,2
SAU,SAU,04,20131007,3
SAU,SAU,04,20101006,2
SAU,SAU,02,20111124,3
SAU,SAU,02,20140904,6
SAU,SAU,04,20140620,16
SAU,SAU,05,20081026,1
SAU,SAU,05,20141024,10
SAU,SAU,11,20110104,7
SAU,SAU,04,20091105,1
SAU,SAU,04,20040122,10
SDN,SAU,05,20090628,5
SDN,SAU,01,20040416,2
SDN,SAU,02,20111127,1
SEA,SAU,12,20010227,10
SEA,SAU,01,20010401,3
SEA,SAU,04,20040128,9
SEN,SAU,04,20000825,2
SOM,SAU,04,20090929,2
SOM,SAU,08,20110706,5
SOM,SAU,17,20091008,1
SOM,SAU,04,20030108,12
SVK,SAU,11,20020822,5
SYR,SAU,05,20121111,4
SYR,SAU,01,20090312,5
SYR,SAU,11,20120515,4
SYR,SAU,11,20120614,6
SYR,SAU,04,20131031,8
SYR,SAU,06,20120915,6
SYR,SAU,01,20140716,2
SYR,SAU,11,20131121,8
SYR,SAU,04,20001017,1
SYR,SAU,04,20130917,1
SYR,SAU,12,20071009,5
SYR,SAU,19,20120321,2
SYR,SAU,11,20080427,2
SYR,SAU,09,20120124,14
SYR,SAU,04,20080428,2
SYR,SAU,08,20140713,6
SYR,SAU,04,20080301,2
TKM,SAU,03,20121017,10
TUN,SAU,08,20110620,3
TUN,SAU,08,20110615,1
TUN,SAU,04,20120520,2
TUN,SAU,08,20110207,1
TUN,SAU,08,20130207,2
TUN,SAU,17,20110312,8
TUR,SAU,05,20110308,1
TUR,SAU,06,20140915,18
TUR,SAU,04,20060807,2
TUR,SAU,11,20140220,4
TUR,SAU,04,20090510,2
TUR,SAU,02,20070130,2
TUR,SAU,02,20141007,8
TUR,SAU,03,20140523,2
TUR,SAU,11,20030711,7
TUR,SAU,01,20140809,30
TUR,SAU,04,20130914,2
TUR,SAU,04,20130304,8
UGA,SAU,01,20131002,10
USA,SAU,19,20150131,8
USA,SAU,01,20030326,9
USA,SAU,04,20130218,10
USA,SAU,19,20040531,4
USA,SAU,04,20140103,1
USA,SAU,02,20071123,4
USA,SAU,01,20131001,1
USA,SAU,03,20140310,16
USA,SAU,04,20020303,3
USA,SAU,07,20090214,8
USA,SAU,02,20101127,4
USA,SAU,01,20081209,5
USA,SAU,04,20120313,12
USA,SAU,14,20131025,5
USA,SAU,04,20011003,1
USA,SAU,01,20111012,3
USA,SAU,05,20130323,4
USA,SAU,11,20030513,9
USA,SAU,03,20130904,8
USA,SAU,04,20150129,3
USA,SAU,04,20141207,1
USA,SAU,03,20120330,63
USA,SAU,11,20140720,5
USA,SAU,04,20040405,6
USA,SAU,04,20141208,1
USA,SAU,01,20131217,6
USA,SAU,19,20100131,1
USA,SAU,09,20131024,6
USA,SAU,04,20040527,10
USA,SAU,12,20120303,2
USA,SAU,04,20120717,2
USA,SAU,19,20150202,3
USA,SAU,04,20000620,3
USA,SAU,01,20040806,1
USA,SAU,04,20030517,1
USA,SAU,02,20130104,12
USA,SAU,16,20140309,2
USA,SAU,13,20140530,2
USA,SAU,04,20040720,9
USA,SAU,04,20131014,1
USA,SAU,04,20090604,24
USA,SAU,03,20110104,2
USA,SAU,11,20110319,1
USA,SAU,06,20110921,2
USA,SAU,04,20110519,8
USA,SAU,10,20110131,2
USA,SAU,11,20100804,6
USA,SAU,03,20090723,5
USA,SAU,07,20110108,4
USA,SAU,06,20140904,13
USA,SAU,18,20111124,10
USA,SAU,03,20140401,10
USA,SAU,18,20131204,2
USA,SAU,19,20101005,4
USA,SAU,13,20110916,1
USA,SAU,01,20130114,1
USA,SAU,04,20120330,1
UZB,SAU,04,20111016,15
VAT,SAU,04,20081106,4
VEN,SAU,04,20150111,76
YEM,SAU,11,20111111,7
YEM,SAU,05,20140706,8
YEM,SAU,17,20090401,2
YEM,SAU,02,20150203,2
YEM,SAU,02,20091230,20
YEM,SAU,11,20130125,8
YEM,SAU,12,20110617,14
YEM,SAU,19,20141018,12
YEM,SAU,04,20130910,10
YEM,SAU,03,20000612,12
YEM,SAU,01,20090614,2
YEM,SAU,19,20091202,4
YEM,SAU,02,20091217,3
DNK,SCN,03,20141111,20
AFR,SDN,01,20090202,2
AFR,SDN,05,20111130,2
AFR,SDN,03,20050805,2
AFR,SDN,05,20080716,3
AFR,SDN,04,20060417,4
AFR,SDN,04,20040508,4
AFR,SDN,11,20120428,2
AFR,SDN,05,20050421,2
AFR,SDN,15,20101015,5
AFR,SDN,11,20120504,18
AFR,SDN,02,20080618,9
AFR,SDN,11,20111202,8
AFR,SDN,01,20090305,9
AFR,SDN,05,20090722,2
AFR,SDN,03,20070213,10
AFR,SDN,19,20120403,6
AFR,SDN,04,20070408,4
AFR,SDN,05,20080919,8
AGO,SDN,04,20111109,20
AGO,SDN,02,20120815,10
CAF,SDN,02,20100513,1
CAN,SDN,01,20101121,2
CHE,SDN,07,20090824,15
CHE,SDN,08,20070605,5
CHN,SDN,07,20060913,2
CHN,SDN,04,20070410,5
CHN,SDN,07,20110104,33
CHN,SDN,08,20090304,4
CHN,SDN,01,20090305,2
CHN,SDN,04,20130613,1
CHN,SDN,03,20110122,3
CHN,SDN,13,20080617,3
CHN,SDN,07,20081031,2
CHN,SDN,02,20070922,2
CHN,SDN,19,20080316,2
CHN,SDN,05,20061026,9
CHN,SDN,04,20040512,1
COD,SDN,03,20101016,8
DEU,SDN,11,20070326,15
DEU,SDN,03,20040709,3
DEU,SDN,09,20071023,1
DEU,SDN,07,20070530,7
DNK,SDN,10,20050401,1
EGY,SDN,01,20000902,4
EGY,SDN,19,20110903,2
EGY,SDN,03,20030914,2
EGY,SDN,04,20050217,2
EGY,SDN,17,20071217,4
EGY,SDN,03,20100125,2
EGY,SDN,03,20081108,1
EGY,SDN,03,20090525,1
EGY,SDN,04,20001102,6
EGY,SDN,05,20131114,16
EGY,SDN,08,20140831,4
EGY,SDN,04,20120419,9
EGY,SDN,08,20041203,1
EGY,SDN,02,20130717,5
EGY,SDN,17,20080524,5
EGY,SDN,08,20130428,2
EGY,SDN,04,20120107,4
EGY,SDN,10,20080714,4
EGY,SDN,03,20001101,1
EGY,SDN,01,20120827,8
EGY,SDN,04,20000102,1
EGY,SDN,04,20091026,5
EGY,SDN,02,20041002,3
EGY,SDN,05,20111024,1
ERI,SDN,04,20070619,1
ERI,SDN,04,20110321,6
ERI,SDN,05,20001007,8
ERI,SDN,04,20090323,1
ERI,SDN,04,20000207,2
ERI,SDN,04,20050212,1
ERI,SDN,11,20070324,4
ETH,SDN,06,20021228,16
ETH,SDN,04,20130106,64
ETH,SDN,04,20090218,1
ETH,SDN,04,20090226,3
ETH,SDN,05,20020525,4
ETH,SDN,02,20100930,9
ETH,SDN,02,20120807,2
EUR,SDN,12,20140731,8
FRA,SDN,02,20121110,2
FRA,SDN,12,20071221,2
FRA,SDN,05,20101111,2
GBR,SDN,13,20070410,12
GBR,SDN,04,20050118,5
GBR,SDN,01,20110511,1
GBR,SDN,11,20100710,2
GBR,SDN,05,20130728,6
GBR,SDN,04,20101216,7
GBR,SDN,04,20140530,26
GBR,SDN,05,20130217,7
GBR,SDN,04,20071203,14
GBR,SDN,08,20120526,2
GBR,SDN,04,20070720,2
GHA,SDN,03,20120807,4
GHA,SDN,04,20090831,7
IDN,SDN,07,20070812,1
IRN,SDN,04,20110622,9
IRN,SDN,01,20121102,1
IRQ,SDN,13,20060626,2
IRQ,SDN,16,20110115,5
IRQ,SDN,03,20021019,2
ISR,SDN,04,20130506,8
ISR,SDN,13,20121025,2
JPN,SDN,04,20140109,2
JPN,SDN,01,20011104,4
JPN,SDN,06,20110314,2
KEN,SDN,08,20010316,3
KEN,SDN,01,20090111,1
KEN,SDN,04,20090503,7
KEN,SDN,08,20011123,1
KEN,SDN,04,20120302,5
KEN,SDN,04,20111129,3
KEN,SDN,04,20041231,1
KEN,SDN,04,20090212,8
KEN,SDN,04,20030507,1
KEN,SDN,02,20080605,1
KGZ,SDN,05,20090217,6
KGZ,SDN,04,20140808,6
KHM,SDN,05,20090217,4
KWT,SDN,04,20061015,1
LBN,SDN,06,20090421,2
LBN,SDN,05,20070721,2
LBY,SDN,04,20030202,10
LBY,SDN,19,20001210,7
LBY,SDN,01,20071123,4
LBY,SDN,04,20100111,9
LBY,SDN,04,20020524,7
MEA,SDN,12,20090315,2
MEA,SDN,12,20060929,1
NGA,SDN,04,20060508,7
NGA,SDN,04,20101120,6
NGA,SDN,01,20040727,1
NGA,SDN,05,20061214,1
NGA,SDN,04,20070929,2
NLD,SDN,08,20110919,1
NLD,SDN,17,20101027,1
NOR,SDN,01,20121009,12
NOR,SDN,07,20050217,1
NOR,SDN,05,20070522,1
NOR,SDN,01,20131112,10
PAK,SDN,17,20120922,4
PAK,SDN,17,20011024,6
PAK,SDN,17,20110107,8
PHL,SDN,11,20140212,1
PHL,SDN,16,20130201,2
PSE,SDN,09,20030611,2
QAT,SDN,04,20080714,8
QAT,SDN,06,20140330,10
QAT,SDN,04,20080921,9
QAT,SDN,05,20111231,4
QAT,SDN,04,20111012,1
QAT,SDN,05,20090217,6
RUS,SDN,03,20110729,3
RWA,SDN,07,20090117,1
RWA,SDN,19,20091208,2
RWA,SDN,20,20120419,2
RWA,SDN,15,20070821,11
SAU,SDN,04,20020126,15
SAU,SDN,05,20090924,2
SAU,SDN,03,20101219,1
SAU,SDN,02,20061027,5
SDN,SDN,01,20071012,4
SDN,SDN,05,20141203,6
SDN,SDN,05,20100518,1
SDN,SDN,01,20120309,4
SDN,SDN,04,20120412,4
SDN,SDN,07,20140304,4
SDN,SDN,19,20080527,9
SDN,SDN,01,20061109,8
SDN,SDN,05,20111120,5
SDN,SDN,03,20091029,9
SDN,SDN,07,20110608,54
SDN,SDN,19,20100603,2
SDN,SDN,17,20090304,16
SDN,SDN,03,20071023,2
SDN,SDN,04,20121204,2
SDN,SDN,15,20070318,2
SDN,SDN,10,20040907,4
SDN,SDN,12,20040915,2
SDN,SDN,11,20090615,3
SDN,SDN,17,20140724,10
SDN,SDN,02,20070724,2
SDN,SDN,01,20110315,4
SDN,SDN,04,20130819,4
SDN,SDN,05,20080724,2
SDN,SDN,12,20041007,1
SDN,SDN,03,20120224,20
SDN,SDN,19,20060413,7
SDN,SDN,08,20070330,5
SDN,SDN,03,20130517,24
SDN,SDN,04,20111001,6
SDN,SDN,04,20070717,2
SDN,SDN,01,20041108,1
SDN,SDN,01,20120925,3
SDN,SDN,03,20071201,1
SDN,SDN,08,20041217,4
SDN,SDN,17,20080731,6
SDN,SDN,12,20140604,1
SDN,SDN,16,20100813,8
SDN,SDN,01,20060601,3
SDN,SDN,08,20110327,10
SDN,SDN,11,20070718,2
SDN,SDN,01,20140110,4
SDN,SDN,07,20070121,3
SDN,SDN,15,20010919,2
SDN,SDN,09,20100903,21
SDN,SDN,04,20120419,60
SDN,SDN,05,20070321,22
SDN,SDN,07,20140119,4
SDN,SDN,03,20031206,2
SDN,SDN,10,20090505,14
SDN,SDN,19,20140630,2
SDN,SDN,12,20090130,5
SDN,SDN,11,20090125,9
SDN,SDN,11,20061002,2
SDN,SDN,18,20140731,1
SDN,SDN,11,20100720,4
SDN,SDN,19,20110209,35
SDN,SDN,19,20071018,5
SDN,SDN,04,20101207,1
SDN,SDN,06,20030402,2
SDN,SDN,01,20150124,4
SDN,SDN,11,20040926,10
SDN,SDN,07,20140618,6
SDN,SDN,04,20110505,1
SDN,SDN,07,20130822,12
SEN,SDN,07,20060806,5
SEN,SDN,04,20060228,2
SLE,SDN,01,20100227,2
SOM,SDN,04,20040710,16
SOM,SDN,04,20070219,6
SOM,SDN,12,20061205,6
SOM,SDN,04,20011118,2
SSD,SDN,08,20140127,8
SSD,SDN,17,20131128,2
SSD,SDN,12,20140219,2
SSD,SDN,16,20140708,6
SSD,SDN,06,20131225,4
SSD,SDN,03,20140215,5
SSD,SDN,10,20140911,10
SSD,SDN,11,20130710,6
SSD,SDN,02,20140409,1
SSD,SDN,06,20140319,86
SSD,SDN,19,20130131,1
SSD,SDN,04,20130903,12
SSD,SDN,16,20150116,20
SSD,SDN,19,20140221,2
SSD,SDN,04,20140428,4
SSD,SDN,02,20140105,3
SSD,SDN,02,20141002,4
SYR,SDN,17,20080722,6
SYR,SDN,11,20141216,1
SYR,SDN,04,20091124,2
TCD,SDN,01,20050927,1
TCD,SDN,03,20111205,11
TCD,SDN,01,20050929,2
TCD,SDN,11,20130224,2
TCD,SDN,01,20090509,10
TCD,SDN,01,20110919,1
TCD,SDN,11,20090515,5
TCD,SDN,03,20030415,1
TCD,SDN,05,20100223,6
TCD,SDN,11,20070410,2
TCD,SDN,19,20080129,3
TCD,SDN,17,20091201,4
TCD,SDN,05,20100223,2
TCD,SDN,11,20100722,3
TCD,SDN,11,20061101,1
TCD,SDN,15,20080918,1
TCD,SDN,04,20140826,1
TGO,SDN,07,20080111,9
TGO,SDN,04,20111219,5
THA,SDN,04,20100528,4
TUN,SDN,14,20120912,2
TUN,SDN,04,20141211,2
TUR,SDN,04,20140620,6
TUR,SDN,04,20111126,1
TUR,SDN,04,20090408,2
TUR,SDN,05,20110530,1
TWN,SDN,19,20150216,2
TWN,SDN,02,20141226,1
UGA,SDN,19,20050802,7
UGA,SDN,02,20120102,10
UGA,SDN,10,20060722,2
UGA,SDN,02,20060624,5
UGA,SDN,19,20041217,7
UGA,SDN,04,20060905,1
UGA,SDN,04,20020729,8
UGA,SDN,13,20140918,10
UGA,SDN,01,20080411,10
UGA,SDN,08,20071021,5
UGA,SDN,19,20090113,7
UGA,SDN,07,20010802,6
UGA,SDN,18,20040831,3
UGA,SDN,11,20131116,6
UGA,SDN,03,20101116,2
UGA,SDN,16,20041216,3
UGA,SDN,01,20101221,4
UGA,SDN,16,20000120,1
UGA,SDN,04,20141009,10
UGA,SDN,16,20021013,9
UGA,SDN,18,20101111,8
UGA,SDN,19,20051022,3
USA,SDN,04,20100922,18
USA,SDN,01,20100218,20
USA,SDN,11,20040713,4
USA,SDN,04,20110111,8
USA,SDN,07,20100806,119
USA,SDN,05,20080617,9
USA,SDN,05,20040615,5
USA,SDN,04,20060719,9
USA,SDN,04,20071201,8
USA,SDN,11,20080511,9
USA,SDN,07,20050802,6
USA,SDN,03,20101004,1
USA,SDN,07,20061125,2
USA,SDN,04,20110611,12
USA,SDN,04,20101024,9
USA,SDN,05,20101107,1
USA,SDN,09,20080715,7
USA,SDN,19,20121220,4
USA,SDN,04,20100828,1
USA,SDN,16,20090730,54
USA,SDN,17,20120316,3
USA,SDN,05,20140318,2
USA,SDN,16,20101102,5
USA,SDN,04,20090630,2
USA,SDN,07,20080219,9
USA,SDN,09,20040627,4
USA,SDN,05,20090204,7
USA,SDN,01,20120924,2
USA,SDN,04,20110119,4
USA,SDN,13,20131219,28
USA,SDN,03,20101202,9
USA,SDN,04,20050721,2
USA,SDN,03,20100208,9
USA,SDN,04,20140217,4
USA,SDN,19,20130210,8
USA,SDN,01,20131221,8
USA,SDN,03,20140624,22
USA,SDN,03,20090416,9
USA,SDN,07,20091124,8
USA,SDN,01,20100915,32
USA,SDN,18,20141110,2
YEM,SDN,04,20050202,1
YEM,SDN,06,20090118,8
YEM,SDN,03,20120319,1
YEM,SDN,01,20080716,5
ZAF,SDN,02,20141210,10
ZWE,SDN,02,20080528,1
ARM,SEA,05,20150115,10
ASA,SEA,03,20091228,9
AUS,SEA,15,20120910,8
AUS,SEA,14,20141122,10
AUS,SEA,04,20080612,1
BEL,SEA,04,20101006,10
BEL,SEA,06,20040129,7
BGD,SEA,09,20131108,2
BRN,SEA,04,20110506,3
CHE,SEA,01,20150122,2
CHE,SEA,08,20090408,2
CHN,SEA,05,20120904,4
CHN,SEA,03,20130307,10
CHN,SEA,03,20140722,10
CHN,SEA,05,20021101,8
CHN,SEA,01,20040306,1
CHN,SEA,19,20111125,2
CHN,SEA,03,20140723,10
CHN,SEA,01,20091111,2
CHN,SEA,04,20130916,6
CHN,SEA,05,20141005,10
CHN,SEA,02,20141007,1
CHN,SEA,05,20120621,5
CHN,SEA,01,20011120,3
CHN,SEA,12,20100808,9
CHN,SEA,05,20071029,5
CHN,SEA,12,20140417,6
CHN,SEA,01,20110428,4
EUR,SEA,06,20120402,9
EUR,SEA,04,20140408,6
EUR,SEA,04,20080417,5
EUR,SEA,07,20050802,9
FJI,SEA,04,20110216,6
FRA,SEA,17,20121011,2
IDN,SEA,05,20020112,9
IDN,SEA,05,20090721,10
IDN,SEA,12,20050508,2
IDN,SEA,12,20110310,11
IDN,SEA,04,20111117,252
IDN,SEA,04,20091223,2
IDN,SEA,07,20120620,2
IDN,SEA,19,20080131,12
IDN,SEA,04,20090721,8
IDN,SEA,04,20091024,9
IDN,SEA,19,20150107,3
IDN,SEA,04,20120228,4
IDN,SEA,04,20120711,14
IDN,SEA,15,20030715,1
IDN,SEA,01,20120206,5
IDN,SEA,09,20070203,8
IDN,SEA,04,20150207,10
IND,SEA,14,20120127,6
IND,SEA,04,20130615,10
IND,SEA,04,20040905,9
IRQ,SEA,04,20060614,6
IRQ,SEA,04,20141022,1
IRQ,SEA,04,20030212,1
JOR,SEA,01,20101001,2
JOR,SEA,05,20110201,8
JOR,SEA,08,20050322,5
JPN,SEA,01,20130725,6
JPN,SEA,04,20120627,2
JPN,SEA,03,20011127,2
JPN,SEA,07,20040111,3
JPN,SEA,03,20141012,6
JPN,SEA,03,20110324,2
JPN,SEA,04,20110720,20
JPN,SEA,10,20031019,3
KHM,SEA,01,20021212,7
KHM,SEA,05,20090720,19
KHM,SEA,04,20121121,10
KOR,SEA,06,20011106,2
KOR,SEA,04,20060908,1
KOR,SEA,05,20130630,4
KWT,SEA,10,20120918,6
LAO,SEA,04,20130903,6
LBY,SEA,08,20110908,14
MEX,SEA,04,20090428,2
MMR,SEA,05,20121112,10
MMR,SEA,05,20141122,2
MMR,SEA,03,20090726,5
MMR,SEA,05,20101109,10
MMR,SEA,11,20031008,3
MMR,SEA,04,20140507,6
MMR,SEA,06,20120403,3
MMR,SEA,04,20111116,36
MMR,SEA,03,20111130,3
MMR,SEA,04,20140808,2
MMR,SEA,04,20051211,4
MYS,SEA,03,20150218,2
MYS,SEA,10,20141006,8
MYS,SEA,18,20000719,5
MYS,SEA,04,20040527,3
MYS,SEA,12,20141026,8
MYS,SEA,03,20141231,25
MYS,SEA,05,20110404,2
MYS,SEA,07,20141231,2
MYS,SEA,01,20140610,16
NZL,SEA,04,20101103,5
PAK,SEA,17,20120525,3
PAK,SEA,01,20140924,10
PHL,SEA,04,20090416,2
PHL,SEA,04,20031205,9
PHL,SEA,06,20090118,4
PHL,SEA,10,20110815,4
PHL,SEA,17,20010703,3
PHL,SEA,18,20130217,10
PHL,SEA,04,20130427,5
PHL,SEA,19,20020222,7
PHL,SEA,05,20140130,20
PHL,SEA,02,20111028,2
PHL,SEA,03,20140910,4
PHL,SEA,04,20000916,5
PHL,SEA,02,20030831,8
PHL,SEA,04,20010322,1
PHL,SEA,11,20050311,9
PHL,SEA,05,20071210,4
PHL,SEA,05,20080324,19
PHL,SEA,19,20050527,2
PHL,SEA,01,20130725,4
PHL,SEA,04,20130708,7
PHL,SEA,11,20070821,6
PHL,SEA,11,20090120,2
PHL,SEA,07,20040601,8
PHL,SEA,02,20020216,4
PHL,SEA,01,20080804,3
PHL,SEA,02,20010309,2
PHL,SEA,03,20000816,3
PHL,SEA,11,20030308,18
PHL,SEA,19,20080812,6
PHL,SEA,17,20140519,10
PHL,SEA,17,20020501,4
PHL,SEA,09,20071227,8
PHL,SEA,05,20130811,7
PHL,SEA,05,20140131,1
PHL,SEA,10,20130220,2
PHL,SEA,04,20141002,2
PHL,SEA,10,20150210,2
PHL,SEA,19,20130210,134
PHL,SEA,07,20001006,5
POL,SEA,19,20060608,20
SAU,SEA,03,20090418,7
SEA,SEA,04,20120912,6
SEA,SEA,02,20120914,8
SEA,SEA,02,20020620,5
SEA,SEA,11,20050603,2
SEA,SEA,19,20000502,18
SEA,SEA,01,20120425,9
SEA,SEA,13,20090401,2
SEA,SEA,11,20030822,2
SEA,SEA,01,20121122,15
SEA,SEA,05,20140128,10
SEA,SEA,19,20060630,6
SGP,SEA,01,20140304,3
SGP,SEA,04,20140311,10
SGP,SEA,04,20020702,2
SGP,SEA,05,20141225,2
SLB,SEA,04,20060509,9
THA,SEA,03,20110806,9
THA,SEA,15,20090410,7
THA,SEA,11,20130702,8
THA,SEA,07,20100822,2
THA,SEA,10,20141016,2
THA,SEA,13,20050712,1
THA,SEA,19,20110506,2
THA,SEA,05,20121211,1
THA,SEA,11,20011121,2
THA,SEA,02,20110921,5
THA,SEA,03,20130903,6
THA,SEA,06,20111118,9
THA,SEA,04,20140721,2
USA,SEA,13,20031025,5
USA,SEA,08,20110710,5
USA,SEA,19,20080819,3
USA,SEA,02,20101010,7
USA,SEA,19,20040621,2
USA,SEA,03,20100904,9
USA,SEA,05,20001219,2
USA,SEA,19,20061028,3
USA,SEA,17,20110126,16
USA,SEA,13,20010409,4
USA,SEA,10,20070426,17
USA,SEA,05,20140722,30
USA,SEA,05,20110507,8
USA,SEA,11,20120813,2
USA,SEA,11,20031203,12
VNM,SEA,04,20140426,1
VNM,SEA,04,20010915,2
VNM,SEA,02,20020402,2
VNM,SEA,04,20100730,9
VNM,SEA,04,20140710,8
AFR,SEN,17,20080916,10
BFA,SEN,04,20120517,12
BRA,SEN,01,20090531,2
COD,SEN,04,20140607,2
ESP,SEN,03,20061018,2
EUR,SEN,07,20091102,16
FRA,SEN,12,20080916,2
FRA,SEN,05,20120327,5
GAB,SEN,05,20141002,13
GHA,SEN,12,20110506,4
GHA,SEN,04,20120218,6
GMB,SEN,04,20080602,4
IDN,SEN,06,20090605,6
IRN,SEN,01,20040403,3
ISR,SEN,04,20060701,2
ITA,SEN,04,20121215,4
LUX,SEN,05,20070226,2
MLI,SEN,04,20060105,8
MLI,SEN,05,20130112,8
NGA,SEN,04,20141107,54
PSE,SEN,04,20120206,7
RUS,SEN,11,20140110,4
RUS,SEN,08,20140110,1
SEN,SEN,11,20100107,4
SEN,SEN,01,20020715,2
SEN,SEN,11,20130709,10
SEN,SEN,17,20090604,2
SEN,SEN,02,20140429,2
SEN,SEN,01,20040820,2
USA,SEN,04,20110725,16
USA,SEN,01,20120224,4
USA,SEN,01,20091023,2
USA,SEN,04,20131011,4
WAF,SEN,04,20021017,4
WAF,SEN,04,20021212,12
ARE,SGP,03,20140327,5
AUS,SGP,01,20130912,2
AUS,SGP,04,20101202,86
AUS,SGP,03,20131010,5
AUS,SGP,04,20130924,2
AUS,SGP,02,20090318,2
AUS,SGP,03,20140522,4
AUS,SGP,04,20141115,1
AUS,SGP,02,20090727,9
AUS,SGP,04,20090313,6
AUS,SGP,04,20140913,35
BRA,SGP,04,20130105,2
BRB,SGP,03,20130717,4
BRN,SGP,04,20090624,16
CHE,SGP,11,20101007,1
CHL,SGP,03,20131007,12
CHN,SGP,18,20131216,2
CHN,SGP,06,20130628,4
CHN,SGP,11,20130228,2
CHN,SGP,05,20150217,4
CHN,SGP,06,20120710,20
CHN,SGP,04,20041024,1
COL,SGP,08,20121025,4
CUB,SGP,04,20010222,1
FIN,SGP,03,20071201,6
FIN,SGP,17,20140606,3
GBR,SGP,04,20091125,1
GBR,SGP,06,20121008,8
GBR,SGP,06,20121018,2
GBR,SGP,05,20140908,4
GRC,SGP,04,20110531,4
GRC,SGP,04,20131005,40
IDN,SGP,05,20140703,6
IDN,SGP,06,20040924,6
IDN,SGP,11,20130620,38
IDN,SGP,11,20131127,2
IDN,SGP,08,20131028,2
IDN,SGP,06,20120809,4
IDN,SGP,01,20141215,10
IDN,SGP,04,20150101,4
IDN,SGP,02,20030521,2
IDN,SGP,05,20140711,6
IDN,SGP,03,20091105,6
IND,SGP,04,20010518,9
IND,SGP,04,20020530,7
IND,SGP,03,20080520,5
IND,SGP,06,20040306,6
IRL,SGP,02,20100921,9
ITA,SGP,04,20091221,1
ITA,SGP,04,20060928,3
JPN,SGP,04,20070225,6
JPN,SGP,01,20141211,2
JPN,SGP,05,20090108,8
JPN,SGP,11,20100110,2
JPN,SGP,04,20031214,3
JPN,SGP,04,20070926,1
JPN,SGP,04,20120609,5
KAZ,SGP,04,20031108,9
KHM,SGP,04,20090528,1
KHM,SGP,04,20091109,8
KHM,SGP,05,20050506,6
KOR,SGP,05,20120909,2
KOR,SGP,05,20141211,10
KOR,SGP,05,20140628,2
KOR,SGP,03,20080720,5
KOR,SGP,06,20070312,6
LAO,SGP,04,20040912,2
LIE,SGP,05,20010109,1
LKA,SGP,09,20101107,5
MEX,SGP,04,20101112,2
MYS,SGP,06,20121023,1
MYS,SGP,04,20110918,7
MYS,SGP,03,20120319,3
MYS,SGP,05,20030421,4
MYS,SGP,03,20040701,1
MYS,SGP,01,20100924,10
MYS,SGP,01,20120214,8
MYS,SGP,03,20140407,50
MYS,SGP,04,20091025,8
MYS,SGP,04,20080818,5
MYS,SGP,10,20141016,12
MYS,SGP,03,20121019,6
MYS,SGP,03,20140717,10
MYS,SGP,01,20130918,18
MYS,SGP,04,20070416,1
NGA,SGP,03,20030220,2
NZL,SGP,03,20011015,1
NZL,SGP,03,20090821,1
NZL,SGP,05,20030728,7
NZL,SGP,03,20140319,24
OMN,SGP,04,20090815,4
OMN,SGP,03,20141224,7
OMN,SGP,04,20090816,3
PHL,SGP,02,20100830,2
PHL,SGP,06,20101123,2
PHL,SGP,18,20120327,4
PHL,SGP,03,20120909,2
PHL,SGP,04,20120909,1
PHL,SGP,03,20101028,6
RUS,SGP,03,20100927,4
SAU,SGP,05,20060924,8
SAU,SGP,05,20130602,2
SAU,SGP,01,20011111,6
SEA,SGP,04,20001120,9
SEA,SGP,04,20081204,6
SEA,SGP,04,20021029,1
SEA,SGP,04,20110723,1
SGP,SGP,05,20050403,4
SGP,SGP,01,20110219,9
SGP,SGP,11,20041210,2
SGP,SGP,01,20081024,9
SGP,SGP,01,20140729,1
SGP,SGP,11,20090311,2
SGP,SGP,04,20100705,2
SGP,SGP,03,20000429,14
SGP,SGP,02,20110425,2
SGP,SGP,01,20090208,9
SGP,SGP,01,20120921,8
SGP,SGP,05,20130702,1
SGP,SGP,02,20150206,4
SGP,SGP,14,20150126,1
SGP,SGP,03,20020426,9
SGP,SGP,01,20140910,4
SGP,SGP,07,20120909,5
SGP,SGP,04,20110614,5
SGP,SGP,05,20060426,4
SGP,SGP,02,20141202,5
SGP,SGP,01,20110411,7
SWZ,SGP,01,20110524,2
THA,SGP,03,20110927,2
THA,SGP,06,20141013,2
THA,SGP,03,20031019,1
THA,SGP,04,20050928,8
THA,SGP,03,20110703,6
THA,SGP,03,20090624,8
THA,SGP,17,20030515,2
THA,SGP,01,20080221,4
THA,SGP,19,20130219,10
TUR,SGP,04,20140110,3
USA,SGP,05,20110501,10
USA,SGP,04,20091108,6
USA,SGP,11,20140628,10
USA,SGP,13,20141106,2
USA,SGP,07,20081114,4
USA,SGP,04,20130315,9
USA,SGP,09,20141209,6
USA,SGP,03,20110402,8
USA,SGP,02,20140128,6
USA,SGP,04,20060908,1
USA,SGP,04,20100819,9
USA,SGP,05,20100423,1
USA,SGP,04,20090622,9
USA,SGP,02,20130204,10
USA,SGP,03,20010313,4
USA,SGP,04,20091115,11
USA,SGP,06,20130906,16
USA,SGP,04,20141020,48
USA,SGP,04,20101118,9
VNM,SGP,05,20120912,2
VNM,SGP,06,20100911,3
VNM,SGP,04,20020417,4
VNM,SGP,05,20060725,1
VNM,SGP,04,20091122,2
VNM,SGP,19,20140521,6
VNM,SGP,05,20141009,4
PER,SHN,03,20001128,10
AUS,SLB,08,20000614,1
FJI,SLB,06,20121116,1
FJI,SLB,16,20140804,4
FRA,SLB,03,20101003,6
JPN,SLB,11,20060619,2
KIR,SLB,19,20090828,7
KIR,SLB,04,20090506,9
NLD,SLB,04,20000523,2
NZL,SLB,05,20040606,8
NZL,SLB,04,20040517,4
NZL,SLB,05,20140406,8
PNG,SLB,04,20100719,14
PNG,SLB,11,20020307,2
SEA,SLB,10,20060912,7
SLB,SLB,04,20130307,1
SLB,SLB,01,20130819,2
WSM,SLB,04,20040531,8
AFR,SLE,04,20030423,3
AFR,SLE,04,20021210,4
AFR,SLE,01,20000603,12
BRA,SLE,04,20130731,1
CHN,SLE,03,20131218,10
CHN,SLE,02,20100111,6
CIV,SLE,04,20120719,2
COG,SLE,04,20080131,2
ETH,SLE,01,20000104,7
GBR,SLE,03,20140730,2
GBR,SLE,03,20000515,1
GIN,SLE,04,20010816,8
GIN,SLE,05,20010911,3
GIN,SLE,17,20140619,8
GIN,SLE,01,20141201,4
GMB,SLE,04,20060425,1
GRC,SLE,09,20131110,2
ITA,SLE,01,20120616,9
JOR,SLE,04,20080725,5
LBR,SLE,08,20130326,1
LBR,SLE,11,20010406,2
LBR,SLE,11,20080702,2
LBR,SLE,09,20131210,2
LBR,SLE,04,20040626,9
LBR,SLE,08,20020602,1
LBR,SLE,04,20060327,40
LBR,SLE,04,20100824,4
LBR,SLE,04,20080124,2
MAR,SLE,06,20140621,6
NGA,SLE,03,20030822,3
NGA,SLE,01,20130710,2
NGA,SLE,04,20010613,8
NLD,SLE,03,20000126,2
NOR,SLE,16,20120827,6
PRK,SLE,01,20010427,4
RUS,SLE,12,20141023,4
SAU,SLE,02,20100803,1
SAU,SLE,04,20050211,3
SAU,SLE,05,20091217,2
SLE,SLE,02,20131029,6
SLE,SLE,01,20140919,2
SLE,SLE,03,20130704,2
SLE,SLE,03,20110826,7
SLE,SLE,04,20061214,9
SLE,SLE,17,20010224,2
SLE,SLE,04,20140916,4
SLE,SLE,07,20140305,4
SLE,SLE,19,20000522,24
SLE,SLE,11,20111026,7
SLE,SLE,17,20111206,2
USA,SLE,02,20050317,1
USA,SLE,04,20130822,9
USA,SLE,07,20141004,3
USA,SLE,03,20141031,8
USA,SLE,03,20141123,4
USA,SLE,04,20090109,7
WAF,SLE,03,20091206,9
ZMB,SLE,15,20000508,5
ESP,SLV,03,20010115,1
FRA,SLV,19,20090902,9
GTM,SLV,04,20090318,2
GTM,SLV,03,20051013,2
GTM,SLV,04,20101008,6
NGA,SLV,05,20110224,1
NIC,SLV,11,20120827,4
NIC,SLV,03,20070821,1
NIC,SLV,05,20090812,12
SLV,SLV,11,20140501,22
SLV,SLV,05,20051007,9
SLV,SLV,07,20120404,2
USA,SLV,03,20140909,22
USA,SLV,11,20111129,26
USA,SLV,08,20100625,2
USA,SLV,06,20080711,14
USA,SLV,04,20130703,4
USA,SLV,04,20141115,12
USA,SLV,04,20110322,3
USA,SLV,04,20141115,8
USA,SLV,04,20070328,13
USA,SLV,08,20130305,2
USA,SLV,09,20040930,2
AFG,SOM,19,20140606,2
AFR,SOM,15,20120910,2
AFR,SOM,03,20080602,42
AFR,SOM,04,20090201,7
AFR,SOM,11,20120815,5
AFR,SOM,04,20120108,5
AFR,SOM,03,20060619,32
AFR,SOM,12,20131101,6
AFR,SOM,01,20140909,4
ARE,SOM,04,20140301,10
BDI,SOM,04,20120303,1
BDI,SOM,06,20081012,2
BDI,SOM,02,20120819,3
BDI,SOM,07,20071215,1
BDI,SOM,15,20130804,2
CAF,SOM,15,20101202,1
CHN,SOM,17,20081213,9
CHN,SOM,04,20081226,18
CHN,SOM,08,20090208,14
CHN,SOM,19,20081219,5
DJI,SOM,04,20090221,10
DJI,SOM,11,20090204,1
DJI,SOM,19,20140318,2
DJI,SOM,04,20000502,7
DJI,SOM,19,20140527,6
DJI,SOM,01,20130910,4
DNK,SOM,06,20070117,5
EAF,SOM,04,20081027,9
EGY,SOM,05,20150208,6
EGY,SOM,11,20141112,6
ERI,SOM,11,20120220,3
ERI,SOM,13,20060730,8
ERI,SOM,04,20090423,3
ESP,SOM,02,20110720,5
ETH,SOM,05,20120904,2
ETH,SOM,08,20061009,1
ETH,SOM,17,20110721,4
ETH,SOM,15,20090826,6
ETH,SOM,11,20090625,2
ETH,SOM,16,20090119,6
ETH,SOM,08,20120417,7
ETH,SOM,04,20130820,3
ETH,SOM,04,20100904,5
ETH,SOM,19,20131110,4
ETH,SOM,06,20141013,2
ETH,SOM,07,20011231,2
ETH,SOM,07,20120609,8
ETH,SOM,15,20090124,20
ETH,SOM,11,20010614,2
ETH,SOM,19,20070101,9
ETH,SOM,04,20001109,1
ETH,SOM,07,20060721,36
ETH,SOM,03,20070403,2
ETH,SOM,05,20120717,2
ETH,SOM,11,20061215,5
ETH,SOM,11,20140317,1
ETH,SOM,17,20110510,1
ETH,SOM,04,20090623,1
ETH,SOM,04,20131206,2
ETH,SOM,04,20070123,11
ETH,SOM,08,20081220,2
ETH,SOM,06,20080119,6
ETH,SOM,07,20100804,2
ETH,SOM,07,20080929,1
ETH,SOM,18,20090122,3
ETH,SOM,09,20080502,2
EUR,SOM,04,20130726,8
EUR,SOM,01,20141006,2
EUR,SOM,11,20070426,8
EUR,SOM,05,20060328,9
EUR,SOM,04,20101002,7
FRA,SOM,19,20130113,1
FRA,SOM,18,20081123,5
FRA,SOM,19,20071216,1
FRA,SOM,08,20080411,3
FRA,SOM,19,20080415,3
FRA,SOM,08,20070104,8
GBR,SOM,17,20131119,12
GBR,SOM,17,20140818,24
GBR,SOM,01,20130425,4
GBR,SOM,04,20121223,2
GBR,SOM,05,20130407,7
GBR,SOM,18,20070515,5
GBR,SOM,18,20140407,2
GNQ,SOM,08,20110817,9
IRL,SOM,04,20140717,2
IRN,SOM,04,20110907,8
IRQ,SOM,02,20140625,1
IRQ,SOM,18,20130830,16
ITA,SOM,04,20120308,12
ITA,SOM,03,20121023,6
ITA,SOM,05,20021211,5
JOR,SOM,04,20140205,2
JOR,SOM,17,20140724,7
KEN,SOM,01,20080927,13
KEN,SOM,10,20140621,6
KEN,SOM,07,20060916,9
KEN,SOM,19,20120323,4
KEN,SOM,04,20070101,2
KEN,SOM,04,20140716,6
KEN,SOM,04,20141120,29
KEN,SOM,06,20111021,4
KEN,SOM,19,20111230,2
KEN,SOM,03,20090730,20
KEN,SOM,18,20111206,6
KEN,SOM,05,20050615,1
KEN,SOM,17,20140520,2
KEN,SOM,03,20110713,9
KEN,SOM,11,20080528,4
KEN,SOM,04,20130926,5
KEN,SOM,04,20110805,2
KEN,SOM,02,20090414,60
KEN,SOM,02,20130916,1
KEN,SOM,19,20120717,6
KEN,SOM,06,20130613,2
KEN,SOM,04,20110620,9
KEN,SOM,03,20131101,32
KEN,SOM,05,20120211,3
KEN,SOM,11,20111018,13
KOR,SOM,07,20110127,7
LBY,SOM,17,20080707,7
NLD,SOM,17,20101226,12
NMR,SOM,04,20081112,4
NOR,SOM,04,20130615,4
PAK,SOM,05,20090904,5
PHL,SOM,04,20110102,2
RUS,SOM,08,20100508,9
SDN,SOM,05,20141118,1
SDN,SOM,03,20060923,4
SLE,SOM,08,20120316,7
SOM,SOM,07,20120115,20
SOM,SOM,19,20140221,9
SOM,SOM,19,20091130,3
SOM,SOM,19,20090424,2
SOM,SOM,04,20111228,5
SOM,SOM,11,20091205,2
SOM,SOM,05,20091017,3
SOM,SOM,19,20111020,24
SOM,SOM,04,20010226,2
SOM,SOM,04,20101125,3
SOM,SOM,06,20140226,1
SOM,SOM,01,20131026,8
SOM,SOM,19,20140709,14
SOM,SOM,01,20110423,4
SOM,SOM,06,20140309,3
SOM,SOM,17,20131210,2
SOM,SOM,19,20070814,1
SOM,SOM,18,20110413,4
SOM,SOM,07,20100812,7
SOM,SOM,05,20080320,4
SOM,SOM,14,20100825,1
SOM,SOM,04,20100117,10
SOM,SOM,01,20121217,2
SOM,SOM,03,20140205,6
SOM,SOM,04,20001011,1
SOM,SOM,04,20071230,1
SOM,SOM,05,20090128,1
SOM,SOM,09,20060914,1
SOM,SOM,19,20020524,4
SOM,SOM,03,20100310,2
SOM,SOM,05,20120223,17
SOM,SOM,05,20091124,14
SOM,SOM,04,20110819,19
SOM,SOM,17,20140628,4
SOM,SOM,18,20091204,10
SOM,SOM,04,20101012,1
SOM,SOM,01,20121010,2
SOM,SOM,01,20130228,6
SOM,SOM,04,20100104,2
SOM,SOM,09,20070709,5
SOM,SOM,19,20140624,4
SOM,SOM,07,20130715,2
SOM,SOM,18,20090517,2
SOM,SOM,19,20091208,3
SOM,SOM,19,20140219,4
SOM,SOM,05,20080531,3
SOM,SOM,04,20110925,8
SOM,SOM,19,20091203,2
SOM,SOM,08,20110413,2
SOM,SOM,07,20130624,10
SOM,SOM,04,20140830,6
SOM,SOM,05,20130921,12
SOM,SOM,04,20111017,5
SOM,SOM,08,20080822,7
SWE,SOM,08,20110302,33
TUR,SOM,01,20130908,2
TUR,SOM,04,20130116,10
TUR,SOM,07,20100307,4
TUR,SOM,03,20110819,57
TUR,SOM,05,20120308,15
TZA,SOM,03,20140612,3
TZA,SOM,17,20110921,3
TZA,SOM,01,20120105,4
UGA,SOM,19,20090708,2
UGA,SOM,07,20111112,8
UGA,SOM,08,20100528,2
UGA,SOM,03,20140130,2
USA,SOM,07,20061214,1
USA,SOM,06,20071203,2
USA,SOM,01,20091124,18
USA,SOM,07,20141224,2
USA,SOM,01,20120722,2
USA,SOM,04,20120710,3
USA,SOM,04,20081004,1
USA,SOM,05,20140603,3
USA,SOM,04,20110719,4
USA,SOM,17,20111215,10
USA,SOM,01,20130329,135
USA,SOM,15,20150110,4
USA,SOM,19,20020916,2
USA,SOM,01,20101031,4
USA,SOM,09,20091201,7
USA,SOM,19,20090131,7
USA,SOM,08,20081230,3
USA,SOM,04,20090712,5
USA,SOM,02,20140110,6
USA,SOM,05,20070408,7
USA,SOM,11,20120404,20
USA,SOM,13,20130618,13
USA,SOM,19,20070918,5
USA,SOM,13,20131007,4
USA,SOM,13,20120503,9
USA,SOM,11,20110813,3
USA,SOM,04,20090607,1
USA,SOM,11,20100909,2
USA,SOM,07,20080603,1
USA,SOM,03,20110207,2
USA,SOM,07,20060816,4
YEM,SOM,19,20120519,5
YEM,SOM,13,20120911,1
YEM,SOM,07,20100118,3
YEM,SOM,04,20061201,3
YEM,SOM,07,20070308,2
YEM,SOM,04,20131019,4
YEM,SOM,04,20090526,2
YEM,SOM,05,20100103,4
YEM,SOM,01,20141007,3
YEM,SOM,13,20121106,10
ZAF,SOM,08,20110406,2
ALB,SRB,10,20090220,2
ALB,SRB,10,20070213,7
ALB,SRB,10,20110315,14
ALB,SRB,01,20110217,6
ALB,SRB,16,20010824,10
ALB,SRB,04,20010714,8
AZE,SRB,05,20121127,24
BEL,SRB,01,20070601,3
BEL,SRB,16,20091105,4
BEL,SRB,01,20070126,5
BEL,SRB,05,20091103,5
BGR,SRB,01,20000123,4
CHN,SRB,05,20141218,8
CZE,SRB,08,20130614,5
DEU,SRB,07,20140622,32
DEU,SRB,04,20140727,2
DEU,SRB,10,20120301,4
DNK,SRB,05,20130711,4
ESP,SRB,05,20121101,10
EUR,SRB,03,20080310,9
EUR,SRB,05,20101211,10
EUR,SRB,07,20031007,4
EUR,SRB,05,20111215,2
EUR,SRB,08,20120301,7
EUR,SRB,04,20060315,3
FRA,SRB,04,20111201,2
FRA,SRB,05,20060227,8
GBR,SRB,04,20100223,6
GBR,SRB,17,20090501,2
GBR,SRB,04,20131029,2
HRV,SRB,01,20090425,3
HRV,SRB,17,20071125,2
HRV,SRB,06,20141211,14
HRV,SRB,03,20040615,5
HRV,SRB,04,20041115,2
HRV,SRB,11,20150203,12
HRV,SRB,04,20070420,2
HRV,SRB,05,20030506,2
HRV,SRB,09,20060622,3
HUN,SRB,05,20050202,2
IRQ,SRB,04,20030402,4
MKD,SRB,06,20130808,10
NLD,SRB,04,20071116,1
NLD,SRB,04,20111116,9
NLD,SRB,01,20041122,1
NLD,SRB,12,20080116,1
NLD,SRB,04,20060322,1
NLD,SRB,08,20150109,2
NLD,SRB,11,20110722,4
NOR,SRB,05,20070621,9
RUS,SRB,05,20080806,2
RUS,SRB,12,20080118,1
RUS,SRB,03,20090204,6
RUS,SRB,10,20150108,2
RUS,SRB,07,20080222,20
RUS,SRB,04,20140908,1
RUS,SRB,04,20060728,4
RUS,SRB,04,20121103,4
RUS,SRB,01,20090219,2
RUS,SRB,05,20100205,3
RUS,SRB,06,20111210,9
RUS,SRB,02,20080215,3
SRB,SRB,11,20150204,3
SRB,SRB,17,20050702,1
SRB,SRB,02,20031117,1
SRB,SRB,04,20131214,6
SRB,SRB,01,20021203,2
SRB,SRB,04,20090520,1
SRB,SRB,12,20060724,2
SRB,SRB,13,20030205,4
SRB,SRB,17,20070613,2
SWE,SRB,05,20101217,4
SWE,SRB,01,20140609,6
TUR,SRB,01,20091027,1
TUR,SRB,03,20130813,4
UKR,SRB,01,20131217,16
UKR,SRB,02,20110531,2
USA,SRB,10,20070720,7
USA,SRB,07,20100714,1
USA,SRB,12,20070624,1
USA,SRB,12,20080218,9
USA,SRB,04,20090516,2
USA,SRB,04,20111202,2
WST,SRB,09,20110729,2
WST,SRB,05,20020724,1
WST,SRB,19,20131220,6
WST,SRB,15,20061221,19
WST,SRB,04,20030313,14
AFR,SSD,16,20140211,8
AFR,SSD,13,20131217,6
AFR,SSD,02,20131228,8
AUS,SSD,16,20131219,16
CHN,SSD,04,20130930,1
EAF,SSD,03,20131104,10
EAF,SSD,04,20140716,20
EGY,SSD,01,20131118,10
ESP,SSD,16,20131223,16
ETH,SSD,04,20140613,3
ETH,SSD,01,20140129,6
ETH,SSD,04,20140709,6
ETH,SSD,06,20140730,8
JOR,SSD,04,20140913,8
KEN,SSD,04,20140608,18
KEN,SSD,04,20131227,76
KEN,SSD,03,20131219,5
MNG,SSD,04,20140820,6
SDN,SSD,07,20140703,2
SDN,SSD,01,20131021,3
SDN,SSD,19,20140102,4
SDN,SSD,12,20130904,20
SDN,SSD,12,20140218,5
SDN,SSD,04,20140130,3
SDN,SSD,10,20131220,1
SDN,SSD,04,20150129,2
SDN,SSD,19,20141107,65
SDN,SSD,04,20131027,30
SSD,SSD,11,20150210,4
SSD,SSD,17,20140331,2
SSD,SSD,10,20140907,8
SSD,SSD,01,20141112,2
SSD,SSD,01,20140612,1
SSD,SSD,11,20140314,14
SSD,SSD,03,20140726,2
SSD,SSD,02,20140719,3
SSD,SSD,19,20140520,7
UGA,SSD,05,20140108,8
USA,SSD,02,20140108,10
USA,SSD,15,20140109,6
USA,SSD,07,20131223,65
AGO,STP,05,20090221,5
BRA,STP,04,20030422,5
ITA,STP,10,20080702,2
STP,STP,03,20030311,1
STP,STP,03,20050729,3
CHN,SUR,03,20080318,3
COL,SUR,04,20130829,2
ISR,SUR,11,20110209,18
SUR,SUR,05,20050608,9
USA,SUR,11,20090317,2
VEN,SUR,04,20100812,2
AFG,SVK,04,20080424,7
ALB,SVK,03,20100122,4
AUT,SVK,04,20110301,1
AUT,SVK,04,20141012,8
BEL,SVK,02,20080620,5
BEL,SVK,05,20010328,3
BGR,SVK,04,20090113,6
CHN,SVK,12,20070503,3
CZE,SVK,01,20070702,6
CZE,SVK,05,20131031,12
CZE,SVK,11,20101015,2
CZE,SVK,04,20131016,8
CZE,SVK,17,20020708,4
CZE,SVK,03,20001013,2
CZE,SVK,01,20061212,5
DEU,SVK,01,20130829,4
ESP,SVK,19,20140408,5
EST,SVK,04,20000204,6
EUR,SVK,03,20031002,2
FRA,SVK,05,20140519,2
GBR,SVK,04,20010716,10
HUN,SVK,05,20060618,9
HUN,SVK,04,20130225,8
HUN,SVK,04,20141011,2
HUN,SVK,03,20090901,12
IRL,SVK,04,20121211,2
IRL,SVK,05,20120220,27
IRN,SVK,11,20131212,68
ISR,SVK,04,20031111,2
ITA,SVK,04,20070330,2
ITA,SVK,11,20000710,5
KEN,SVK,05,20141207,5
LVA,SVK,04,20030425,6
LVA,SVK,05,20061113,8
POL,SVK,05,20090625,20
POL,SVK,04,20091022,6
PRK,SVK,05,20040423,5
RUS,SVK,01,20140405,16
RUS,SVK,01,20090115,32
RUS,SVK,19,20100219,9
RUS,SVK,05,20090115,1
SVK,SVK,07,20111011,2
SVK,SVK,10,20070524,3
SVK,SVK,10,20000807,2
SVK,SVK,19,20100314,3
SVK,SVK,01,20000125,1
SVK,SVK,11,20071101,5
SVK,SVK,04,20000614,14
SVK,SVK,17,20100422,4
SVK,SVK,09,20020206,8
SVK,SVK,04,20090123,2
SVK,SVK,01,20040406,5
SVK,SVK,08,20101008,2
UKR,SVK,05,20070622,1
USA,SVK,06,20050718,6
USA,SVK,06,20121113,6
AFG,SWE,08,20110221,2
AFG,SWE,04,20140628,2
AFG,SWE,19,20140404,8
AFR,SWE,19,20110106,3
AFR,SWE,01,20140225,2
AUS,SWE,01,20091111,4
AUS,SWE,11,20130207,4
AUS,SWE,18,20120201,4
AUT,SWE,16,20000510,2
AUT,SWE,16,20131108,6
AZE,SWE,04,20111012,1
BEL,SWE,03,20131015,2
CAN,SWE,03,20140902,8
CAN,SWE,04,20100703,2
CHN,SWE,03,20070609,2
CHN,SWE,04,20100730,4
CHN,SWE,05,20120416,7
CHN,SWE,04,20000511,2
CUB,SWE,04,20021230,3
CZE,SWE,06,20081007,5
DEU,SWE,04,20101011,2
DEU,SWE,01,20141108,2
DEU,SWE,02,20010119,1
DEU,SWE,05,20080207,2
DNK,SWE,03,20131029,86
DNK,SWE,04,20080224,5
DNK,SWE,03,20090910,4
DNK,SWE,04,20060728,4
DNK,SWE,03,20090514,1
ECU,SWE,04,20130401,2
ESP,SWE,04,20090831,12
EST,SWE,03,20091015,3
ETH,SWE,11,20111115,2
ETH,SWE,11,20111103,2
EUR,SWE,07,20071030,5
EUR,SWE,16,20091211,24
EUR,SWE,04,20070320,9
EUR,SWE,06,20111220,4
EUR,SWE,01,20140317,2
EUR,SWE,01,20140825,8
FIN,SWE,10,20031214,5
FIN,SWE,01,20101213,7
FIN,SWE,04,20090820,3
FIN,SWE,13,20140710,6
FIN,SWE,04,20100902,5
FIN,SWE,13,20050105,1
FIN,SWE,05,20090514,1
FRA,SWE,12,20000323,3
FRA,SWE,04,20041116,3
FRA,SWE,04,20130913,2
FRA,SWE,04,20070320,7
FRA,SWE,01,20081001,1
FRA,SWE,03,20010703,1
FRA,SWE,17,20080228,12
FRA,SWE,19,20070707,1
FRA,SWE,03,20120331,3
GBR,SWE,02,20110728,9
GBR,SWE,11,20120530,8
GBR,SWE,04,20020204,1
GBR,SWE,12,20111127,5
GBR,SWE,09,20131103,1
GBR,SWE,12,20130704,2
GBR,SWE,05,20120509,2
GBR,SWE,17,20101210,4
GBR,SWE,06,20140417,5
HRV,SWE,11,20091028,15
HUN,SWE,04,20040524,1
IDN,SWE,04,20091006,8
IRQ,SWE,01,20020924,2
ISR,SWE,16,20141031,4
ISR,SWE,14,20141007,1
ISR,SWE,01,20130414,6
JPN,SWE,03,20100527,8
KEN,SWE,03,20121203,2
KHM,SWE,04,20110111,4
LKA,SWE,01,20090428,6
LUX,SWE,04,20110411,6
LVA,SWE,04,20110218,1
MDV,SWE,04,20090615,5
MKD,SWE,04,20051220,2
MYS,SWE,04,20140202,2
MYS,SWE,04,20110725,3
NLD,SWE,12,20121214,2
NMR,SWE,01,20000425,2
NOR,SWE,04,20140930,3
NOR,SWE,04,20131011,2
NOR,SWE,04,20080506,2
NOR,SWE,19,20060312,5
NOR,SWE,01,20140903,4
PAK,SWE,17,20101231,11
POL,SWE,04,20080526,8
POL,SWE,02,20120308,1
POL,SWE,04,20100303,2
POL,SWE,07,20101202,4
RUS,SWE,09,20000725,3
RUS,SWE,16,20100811,8
RUS,SWE,17,20120528,24
RUS,SWE,18,20101215,2
RUS,SWE,04,20130902,264
RUS,SWE,04,20091020,6
SAU,SWE,06,20120401,1
SOM,SWE,04,20110913,14
SRB,SWE,14,20140212,2
SVK,SWE,05,20140403,4
SWE,SWE,04,20140622,6
SWE,SWE,01,20111020,4
SWE,SWE,17,20081227,3
SWE,SWE,02,20150218,2
SWE,SWE,01,20141007,12
SWE,SWE,04,20150115,4
SWE,SWE,01,20090915,14
SWE,SWE,08,20060321,7
SWE,SWE,08,20090814,2
SWE,SWE,06,20131205,12
SWE,SWE,17,20140103,1
SWE,SWE,04,20130205,10
SWE,SWE,04,20071001,3
SWE,SWE,06,20140924,18
SWE,SWE,02,20031112,6
SWE,SWE,04,20131030,4
SWE,SWE,19,20040128,9
SWE,SWE,02,20090914,2
SYR,SWE,04,20041127,3
THA,SWE,04,20080522,1
THA,SWE,05,20101123,1
THA,SWE,04,20141025,3
TJK,SWE,02,20120831,6
TUN,SWE,03,20140221,2
TUR,SWE,04,20130316,4
TUR,SWE,03,20110413,2
TUR,SWE,15,20090605,5
TUR,SWE,04,20111005,1
UKR,SWE,04,20150211,2
UKR,SWE,04,20140327,4
UKR,SWE,03,20140915,1
USA,SWE,02,20110308,2
USA,SWE,18,20121210,2
USA,SWE,03,20090113,2
USA,SWE,17,20130225,12
USA,SWE,11,20120112,18
USA,SWE,03,20091009,5
USA,SWE,04,20060822,6
USA,SWE,07,20120326,78
USA,SWE,04,20141128,3
USA,SWE,07,20130711,72
USA,SWE,04,20120807,2
USA,SWE,11,20090413,12
USA,SWE,05,20010614,3
USA,SWE,07,20120507,3
USA,SWE,19,20100904,5
USA,SWE,04,20080121,2
USA,SWE,03,20110511,2
USA,SWE,04,20141124,2
USA,SWE,02,20090324,1
USA,SWE,02,20101104,2
ZMB,SWE,01,20000203,1
AFR,SWZ,13,20020320,1
AGO,SWZ,04,20100121,3
ERI,SWZ,05,20080415,6
LSO,SWZ,03,20070307,2
MOZ,SWZ,03,20091103,3
MOZ,SWZ,05,20100118,8
SWZ,SWZ,04,20091009,1
SWZ,SWZ,01,20010130,4
SWZ,SWZ,14,20120119,2
USA,SWZ,04,20110531,4
USA,SWZ,05,20131017,10
ZAF,SWZ,07,20110707,7
ZAF,SWZ,01,20120909,3
ARE,SYC,08,20111101,9
ARG,SYC,05,20090401,3
ARG,SYC,01,20090511,2
AUS,SYC,19,20091108,2
AUS,SYC,04,20070412,1
AUS,SYC,03,20091002,5
AUS,SYC,02,20100914,1
AUS,SYC,01,20001006,1
AUS,SYC,09,20120117,10
AUS,SYC,04,20110519,4
AUS,SYC,04,20111016,2
AUS,SYC,13,20101209,12
AUS,SYC,01,20071011,4
AUS,SYC,04,20100116,2
AUS,SYC,13,20120524,3
AUS,SYC,17,20081205,2
AUS,SYC,12,20120523,8
AUS,SYC,04,20090117,4
AUS,SYC,01,20010105,3
AUS,SYC,03,20060629,2
AUS,SYC,04,20100528,4
AUS,SYC,03,20110418,4
AUS,SYC,02,20080428,8
BMU,SYC,19,20091007,4
CAN,SYC,19,20060720,4
CAN,SYC,04,20100502,2
CHE,SYC,02,20100908,16
GBR,SYC,04,20081112,2
IND,SYC,04,20120507,56
ITA,SYC,04,20140625,4
LKA,SYC,03,20130702,4
MCO,SYC,11,20010902,4
MEX,SYC,04,20101012,1
NZL,SYC,05,20111015,4
PER,SYC,07,20080411,1
SLE,SYC,04,20141018,4
SWZ,SYC,04,20150205,8
SYC,SYC,05,20091027,2
SYC,SYC,02,20090210,2
TZA,SYC,05,20100420,2
USA,SYC,19,20110317,3
USA,SYC,02,20110613,1
USA,SYC,04,20120709,5
USA,SYC,01,20071030,1
ZAF,SYC,04,20060425,4
ZWE,SYC,04,20110520,1
AFG,SYR,04,20091109,9
AFG,SYR,04,20111206,8
AFR,SYR,04,20100907,1
AFR,SYR,03,20120910,6
ARE,SYR,11,20120424,16
ARE,SYR,04,20040212,1
ARE,SYR,01,20130917,1
ARM,SYR,19,20121001,10
ARM,SYR,04,20121010,1
ARM,SYR,08,20121225,2
ARM,SYR,19,20140326,20
ARM,SYR,04,20130902,6
AUS,SYR,05,20140515,4
AUS,SYR,17,20141204,8
AUS,SYR,08,20130919,1
AUT,SYR,04,20051128,6
AUT,SYR,08,20130709,8
BEL,SYR,04,20141118,1
BEL,SYR,02,20120410,1
BEL,SYR,02,20110324,4
BEL,SYR,16,20120207,41
BGR,SYR,03,20120530,4
BGR,SYR,01,20140516,64
BHR,SYR,04,20110226,3
BHR,SYR,06,20141019,3
BHR,SYR,04,20000821,1
BRA,SYR,02,20120420,2
CAN,SYR,11,20120402,2
CAN,SYR,03,20130817,6
CAN,SYR,18,20071102,2
CAN,SYR,04,20101014,3
CAN,SYR,09,20131209,40
CAN,SYR,02,20120714,4
CAN,SYR,17,20101014,2
CHE,SYR,03,20131105,5
CHE,SYR,04,20130911,8
CHE,SYR,05,20130927,2
CHE,SYR,04,20000607,28
CHE,SYR,02,20120328,9
CHE,SYR,03,20120526,85
CHN,SYR,12,20120210,6
CHN,SYR,01,20140408,8
CHN,SYR,12,20120411,30
CHN,SYR,11,20110611,12
CHN,SYR,04,20090620,7
CHN,SYR,04,20120217,66
CHN,SYR,13,20130919,10
CHN,SYR,05,20120816,1
CHN,SYR,02,20120409,31
CHN,SYR,12,20120705,12
CHN,SYR,11,20120209,2
CHN,SYR,03,20090426,2
CYP,SYR,04,20010802,2
DEU,SYR,13,20120214,1
DEU,SYR,04,20120729,123
DEU,SYR,01,20130226,3
DEU,SYR,01,20130908,2
DEU,SYR,11,20110612,9
DEU,SYR,07,20140203,8
DEU,SYR,01,20110818,2
DEU,SYR,05,20130908,10
DEU,SYR,17,20150115,8
DNK,SYR,04,20131211,2
DNK,SYR,04,20070703,5
DZA,SYR,04,20020202,2
EGY,SYR,11,20140513,1
EGY,SYR,13,20080408,4
EGY,SYR,04,20130724,1
EGY,SYR,13,20130106,2
EGY,SYR,04,20111107,2
EGY,SYR,04,20100826,7
EGY,SYR,05,20130228,5
EGY,SYR,04,20141206,54
EGY,SYR,04,20070621,2
EGY,SYR,01,20111011,7
EGY,SYR,14,20110806,10
EGY,SYR,03,20111209,1
EGY,SYR,04,20020213,6
EGY,SYR,12,20100502,1
EGY,SYR,04,20121229,1
EGY,SYR,16,20110310,2
EGY,SYR,04,20140903,16
EGY,SYR,09,20120422,9
EGY,SYR,02,20050310,1
EGY,SYR,04,20140901,2
EGY,SYR,04,20120619,2
EGY,SYR,03,20040613,3
EGY,SYR,04,20010324,2
EGY,SYR,11,20120927,2
EGY,SYR,03,20090320,5
EGY,SYR,03,20101222,1
EGY,SYR,16,20111231,1
EGY,SYR,04,20130817,3
ESP,SYR,10,20050615,1
ESP,SYR,17,20141119,2
ESP,SYR,04,20110427,26
ESP,SYR,04,20140115,4
EST,SYR,04,20110720,8
EUR,SYR,12,20130828,1
EUR,SYR,01,20110513,117
EUR,SYR,11,20120130,15
EUR,SYR,01,20010419,2
EUR,SYR,04,20050614,4
EUR,SYR,04,20090305,2
EUR,SYR,16,20130529,2
EUR,SYR,01,20000929,7
EUR,SYR,10,20111227,20
EUR,SYR,04,20150121,1
EUR,SYR,11,20110504,2
EUR,SYR,05,20130406,2
EUR,SYR,16,20110905,9
EUR,SYR,06,20120619,4
EUR,SYR,04,20130604,20
EUR,SYR,02,20120128,1
FJI,SYR,06,20140909,8
FJI,SYR,09,20140913,15
FRA,SYR,04,20110824,4
FRA,SYR,05,20121019,1
FRA,SYR,02,20120831,1
FRA,SYR,11,20140702,2
FRA,SYR,08,20120314,42
FRA,SYR,04,20110705,1
FRA,SYR,02,20121113,4
FRA,SYR,04,20141007,4
FRA,SYR,17,20090301,2
FRA,SYR,11,20090325,1
FRA,SYR,11,20071012,4
FRA,SYR,17,20140818,16
FRA,SYR,04,20090830,5
FRA,SYR,02,20110324,1
FRA,SYR,03,20130915,9
FRA,SYR,02,20060512,2
FRA,SYR,07,20150114,2
FRA,SYR,08,20140925,4
FRA,SYR,11,20120801,5
FRA,SYR,03,20111111,2
FRA,SYR,16,20120207,68
FRA,SYR,04,20010614,5
FRA,SYR,04,20101203,9
FRA,SYR,08,20110421,3
FRA,SYR,02,20010625,5
FRA,SYR,10,20120622,4
FRA,SYR,04,20120709,14
FRA,SYR,02,20141218,2
FRA,SYR,16,20110820,6
FRA,SYR,08,20130910,32
FRA,SYR,04,20030608,6
FRA,SYR,17,20140826,8
FRA,SYR,02,20120419,30
FRA,SYR,02,20130117,6
FRA,SYR,02,20130822,95
FRA,SYR,05,20061213,1
FRA,SYR,10,20130910,6
FRA,SYR,04,20100915,2
FRA,SYR,19,20130923,18
FRA,SYR,01,20140422,10
FSM,SYR,01,20130505,6
FSM,SYR,03,20130901,6
GBR,SYR,09,20070716,1
GBR,SYR,19,20110901,9
GBR,SYR,19,20141213,1
GBR,SYR,02,20110618,1
GBR,SYR,03,20131023,2
GBR,SYR,03,20040526,2
GBR,SYR,04,20130827,6
GBR,SYR,13,20121208,18
GBR,SYR,11,20131207,6
GBR,SYR,04,20130713,2
GBR,SYR,11,20131031,12
GBR,SYR,19,20121005,4
GBR,SYR,03,20130313,2
GBR,SYR,11,20110720,1
GBR,SYR,02,20130829,24
GBR,SYR,01,20141208,23
GBR,SYR,03,20070710,2
GBR,SYR,01,20141204,2
GBR,SYR,04,20140813,24
GBR,SYR,04,20130914,10
GBR,SYR,03,20051108,3
GBR,SYR,11,20130727,2
GBR,SYR,11,20130821,1
GBR,SYR,01,20120526,2
GBR,SYR,08,20140925,4
GBR,SYR,01,20130225,24
GBR,SYR,04,20120801,1
GBR,SYR,05,20131031,8
GBR,SYR,04,20040126,4
GBR,SYR,04,20130827,30
GBR,SYR,07,20120224,94
GBR,SYR,10,20131222,6
GBR,SYR,06,20140602,6
GHA,SYR,11,20041022,4
GHA,SYR,04,20130320,4
GRC,SYR,02,20150127,6
IDN,SYR,03,20070126,2
IND,SYR,11,20110808,5
IRL,SYR,07,20150121,1
IRN,SYR,05,20090603,4
IRN,SYR,11,20070112,1
IRN,SYR,11,20060715,10
IRN,SYR,04,20120916,1
IRN,SYR,12,20140428,2
IRN,SYR,04,20091113,5
IRN,SYR,05,20120411,12
IRN,SYR,05,20110527,6
IRN,SYR,11,20130813,1
IRN,SYR,07,20100905,2
IRN,SYR,02,20131123,4
IRN,SYR,13,20140120,8
IRN,SYR,07,20150210,2
IRN,SYR,11,20070222,1
IRN,SYR,05,20120822,3
IRN,SYR,04,20081104,2
IRN,SYR,04,20130112,10
IRN,SYR,04,20080306,17
IRN,SYR,13,20120807,169
IRN,SYR,08,20131007,3
IRN,SYR,19,20131009,2
IRN,SYR,02,20130912,1
IRN,SYR,04,20070225,1
IRN,SYR,04,20140216,1
IRN,SYR,10,20120102,3
IRN,SYR,18,20120207,7
IRN,SYR,06,20110424,3
IRN,SYR,04,20140110,1
IRN,SYR,05,20141223,20
IRN,SYR,08,20120918,2
IRN,SYR,02,20130403,8
IRN,SYR,05,20130427,8
IRN,SYR,13,20121119,10
IRN,SYR,11,20130302,22
IRN,SYR,05,20150131,11
IRN,SYR,07,20140506,2
IRN,SYR,02,20120405,5
IRN,SYR,11,20130307,8
IRN,SYR,05,20141217,8
IRN,SYR,08,20131112,8
IRN,SYR,04,20110310,6
IRN,SYR,03,20130325,4
IRN,SYR,03,20090626,1
IRN,SYR,07,20110831,2
IRN,SYR,11,20120622,10
IRN,SYR,03,20130116,1
IRN,SYR,05,20060712,7
IRN,SYR,12,20120210,4
IRN,SYR,04,20141217,13
IRN,SYR,04,20120720,8
IRN,SYR,01,20140106,29
IRN,SYR,05,20100227,3
IRN,SYR,04,20120811,8
IRQ,SYR,07,20041208,7
IRQ,SYR,03,20080506,2
IRQ,SYR,04,20101002,3
IRQ,SYR,03,20140927,9
IRQ,SYR,06,20130907,1
IRQ,SYR,04,20140304,6
IRQ,SYR,03,20110512,2
IRQ,SYR,19,20131226,24
IRQ,SYR,11,20060817,26
IRQ,SYR,05,20110116,1
IRQ,SYR,01,20050106,2
IRQ,SYR,03,20130309,6
IRQ,SYR,05,20010823,3
IRQ,SYR,04,20140114,7
IRQ,SYR,04,20141210,13
IRQ,SYR,04,20140521,3
IRQ,SYR,04,20141102,3
IRQ,SYR,04,20081027,1
IRQ,SYR,12,20140616,3
IRQ,SYR,05,20140327,1
IRQ,SYR,03,20061119,5
IRQ,SYR,17,20130304,2
IRQ,SYR,03,20040216,1
IRQ,SYR,19,20080320,2
IRQ,SYR,06,20130920,12
IRQ,SYR,11,20080625,2
IRQ,SYR,04,20120214,2
IRQ,SYR,04,20141013,12
IRQ,SYR,13,20140901,30
IRQ,SYR,04,20040117,2
IRQ,SYR,01,20141206,3
IRQ,SYR,05,20061121,3
IRQ,SYR,08,20090212,2
IRQ,SYR,02,20140709,10
IRQ,SYR,04,20150110,27
IRQ,SYR,03,20120529,23
IRQ,SYR,04,20120216,7
IRQ,SYR,19,20060428,2
IRQ,SYR,04,20130827,2
IRQ,SYR,17,20090905,2
IRQ,SYR,04,20051227,4
IRQ,SYR,05,20111215,5
IRQ,SYR,04,20130820,4
ISR,SYR,01,20041201,4
ISR,SYR,14,20011010,2
ISR,SYR,19,20131017,4
ISR,SYR,19,20121115,14
ISR,SYR,04,20070905,5
ISR,SYR,08,20020301,2
ISR,SYR,04,20070521,5
ISR,SYR,01,20130127,344
ISR,SYR,02,20100919,7
ISR,SYR,19,20121111,96
ISR,SYR,19,20120807,6
ISR,SYR,04,20091025,1
ISR,SYR,01,20101224,57
ISR,SYR,19,20120725,4
ISR,SYR,11,20121114,3
ISR,SYR,04,20060810,7
ISR,SYR,01,20121111,2
ISR,SYR,11,20130917,6
ISR,SYR,04,20091126,2
ISR,SYR,12,20060825,2
ISR,SYR,11,20130320,3
ISR,SYR,11,20100804,54
ISR,SYR,04,20100511,2
ISR,SYR,05,20110607,4
ISR,SYR,19,20140714,16
ISR,SYR,19,20140830,1
ISR,SYR,11,20110831,2
ISR,SYR,02,20000721,2
ISR,SYR,04,20101231,6
ISR,SYR,13,20100606,2
ISR,SYR,04,20000118,14
ISR,SYR,12,20041124,7
ISR,SYR,05,20080521,5
ISR,SYR,04,20080825,6
ISR,SYR,04,20101213,4
ISR,SYR,04,20000514,1
ISR,SYR,13,20130614,4
ISR,SYR,01,20130915,12
ISR,SYR,04,20010807,5
ISR,SYR,04,20081227,1
ISR,SYR,01,20140109,10
ISR,SYR,07,20000125,2
ISR,SYR,17,20141001,7
ISR,SYR,03,20130327,10
ISR,SYR,04,20061004,12
ISR,SYR,01,20060716,2
ISR,SYR,12,20000225,4
ISR,SYR,12,20010806,6
ISR,SYR,14,20130515,4
ISR,SYR,04,20070825,8
ISR,SYR,01,20070611,6
ISR,SYR,14,20130914,2
ISR,SYR,01,20080902,2
ISR,SYR,02,20130910,10
ISR,SYR,19,20130722,8
ISR,SYR,04,20100207,1
ISR,SYR,08,20090408,1
ISR,SYR,04,20141218,4
ISR,SYR,02,20000124,1
ISR,SYR,04,20020520,7
ISR,SYR,01,20071226,3
ISR,SYR,04,20110324,1
ISR,SYR,08,20130915,18
ISR,SYR,19,20150118,115
ISR,SYR,03,20090508,1
ISR,SYR,05,20130917,2
ISR,SYR,04,20080324,1
ISR,SYR,11,20100105,2
ISR,SYR,02,20140905,8
ISR,SYR,19,20130802,1
ITA,SYR,04,20140115,5
ITA,SYR,18,20130909,2
ITA,SYR,04,20131020,76
ITA,SYR,04,20130925,3
ITA,SYR,09,20060912,2
ITA,SYR,01,20140116,18
ITA,SYR,10,20070504,2
ITA,SYR,03,20030929,3
JOR,SYR,18,20110802,31
JOR,SYR,04,20120801,22
JOR,SYR,04,20110326,7
JOR,SYR,07,20131108,6
JOR,SYR,10,20130716,6
JOR,SYR,19,20110921,79
JOR,SYR,04,20131023,129
JOR,SYR,03,20100313,6
JOR,SYR,11,20130526,2
JOR,SYR,19,20120824,8
JOR,SYR,08,20081123,4
JOR,SYR,06,20121130,4
JOR,SYR,03,20020714,2
JOR,SYR,14,20130420,6
JOR,SYR,04,20141120,218
JOR,SYR,13,20150112,2
JOR,SYR,17,20130804,3
JOR,SYR,01,20110608,2
JOR,SYR,04,20011117,1
JOR,SYR,04,20140430,29
JOR,SYR,19,20130905,4
JOR,SYR,04,20110809,9
JOR,SYR,04,20110213,3
JOR,SYR,02,20120502,9
JOR,SYR,01,20140519,6
JOR,SYR,17,20120418,3
JOR,SYR,01,20111206,7
JOR,SYR,12,20120812,2
JOR,SYR,03,20140128,5
JPN,SYR,18,20150122,1
JPN,SYR,18,20150129,2
JPN,SYR,04,20150205,1
JPN,SYR,05,20130219,6
KWT,SYR,04,20131021,10
KWT,SYR,10,20110616,3
KWT,SYR,05,20140331,10
KWT,SYR,04,20080212,5
KWT,SYR,04,20030426,7
KWT,SYR,05,20010815,1
KWT,SYR,01,20010621,3
KWT,SYR,07,20110609,1
LBN,SYR,18,20120502,65
LBN,SYR,19,20110323,2
LBN,SYR,10,20060223,3
LBN,SYR,13,20111110,7
LBN,SYR,02,20051122,2
LBN,SYR,05,20131115,2
LBN,SYR,17,20130722,12
LBN,SYR,11,20050428,2
LBN,SYR,11,20150202,16
LBN,SYR,05,20081220,7
LBN,SYR,14,20120725,1
LBN,SYR,14,20061203,5
LBN,SYR,11,20050304,4
LBN,SYR,19,20131218,5
LBN,SYR,08,20110122,2
LBN,SYR,17,20140314,6
LBN,SYR,19,20120717,1
LBN,SYR,07,20120426,4
LBN,SYR,15,20140201,4
LBN,SYR,05,20130210,8
LBN,SYR,16,20101029,2
LBN,SYR,19,20110603,50
LBN,SYR,12,20071005,2
LBN,SYR,18,20121020,6
LBN,SYR,19,20090906,2
LBN,SYR,03,20150216,4
LBN,SYR,04,20121029,4
LBN,SYR,02,20090113,3
LBN,SYR,06,20140322,10
LBN,SYR,04,20091214,4
LBN,SYR,02,20131012,20
LBN,SYR,04,20130919,2
LBN,SYR,18,20131227,14
LBN,SYR,12,20130705,4
LBN,SYR,05,20090520,3
LBN,SYR,03,20100212,9
LBN,SYR,01,20000312,4
LBN,SYR,19,20131117,5
LBN,SYR,04,20120710,46
LBN,SYR,04,20140928,12
LBN,SYR,01,20090329,3
LBN,SYR,05,20050726,1
LBN,SYR,12,20120806,11
LBN,SYR,04,20140204,2
LBN,SYR,19,20131101,1
LBN,SYR,11,20120305,1
LBN,SYR,06,20130120,2
LBN,SYR,02,20000403,1
LBN,SYR,04,20080526,4
LBN,SYR,11,20060226,1
LBN,SYR,01,20121220,5
LBN,SYR,01,20051007,1
LBN,SYR,11,20120816,4
LBN,SYR,03,20120813,16
LBN,SYR,11,20070602,10
LBN,SYR,04,20070401,8
LBN,SYR,16,20080602,2
LBN,SYR,05,20140805,2
LBN,SYR,05,20110727,17
LBN,SYR,05,20121018,2
LBN,SYR,04,20131231,6
LBN,SYR,19,20121030,2
LBN,SYR,11,20050426,22
LBN,SYR,17,20060925,4
LBN,SYR,11,20050222,2
LBN,SYR,04,20150105,2
LBN,SYR,18,20130821,10
LBN,SYR,01,20071029,6
LBN,SYR,02,20060816,4
LBN,SYR,11,20090214,7
LBN,SYR,19,20141020,4
LBN,SYR,10,20010615,2
LBN,SYR,18,20121105,3
LBN,SYR,08,20040903,3
LBN,SYR,04,20140930,8
LBN,SYR,02,20120716,6
LBN,SYR,04,20140923,24
LBN,SYR,01,20150103,6
LBN,SYR,01,20061003,2
LBN,SYR,05,20120222,2
LBN,SYR,01,20061124,4
LBN,SYR,19,20100906,15
LBN,SYR,10,20130625,2
LBN,SYR,11,20121031,12
LBN,SYR,02,20091203,1
LBN,SYR,08,20120430,4
LBN,SYR,13,20131121,9
LBN,SYR,18,20051230,1
LBN,SYR,03,20090217,24
LBN,SYR,18,20120926,12
LBY,SYR,04,20110425,3
LBY,SYR,19,20141107,7
LBY,SYR,04,20130210,8
LBY,SYR,15,20120210,9
LBY,SYR,01,20110123,2
LBY,SYR,19,20130829,8
MAR,SYR,01,20111115,7
MEA,SYR,04,20071120,4
MEA,SYR,04,20031005,5
MEA,SYR,03,20120120,2
MEA,SYR,05,20110622,20
MEA,SYR,01,20130831,2
MEA,SYR,04,20051225,7
MEA,SYR,02,20130217,4
MEA,SYR,16,20131020,1
MEA,SYR,10,20130804,12
MEA,SYR,07,20120112,7
MEA,SYR,04,20121226,6
MEA,SYR,10,20130916,4
MEA,SYR,01,20120213,4
MEA,SYR,04,20131030,15
MEA,SYR,19,20111230,2
MEA,SYR,04,20080330,7
MEA,SYR,04,20120519,18
MEA,SYR,03,20111224,1
MEA,SYR,08,20140225,2
MLI,SYR,11,20130823,1
MMR,SYR,19,20120726,2
MWI,SYR,04,20090304,1
NGA,SYR,05,20140825,3
NGA,SYR,19,20120622,2
NLD,SYR,03,20090623,1
NLD,SYR,08,20140109,8
NOR,SYR,01,20131210,40
NOR,SYR,11,20060208,7
NOR,SYR,01,20140823,1
NZL,SYR,09,20131204,2
PAK,SYR,13,20130928,8
PAK,SYR,04,20131020,4
PGS,SYR,13,20110807,186
PHL,SYR,11,20140506,20
PHL,SYR,08,20141012,3
PHL,SYR,09,20110817,5
PHL,SYR,04,20130918,4
PRK,SYR,04,20130820,8
PRK,SYR,05,20130905,10
PRK,SYR,03,20000612,5
PRK,SYR,04,20010220,2
PSE,SYR,13,20121017,2
PSE,SYR,14,20120715,10
PSE,SYR,05,20130909,8
PSE,SYR,14,20110820,14
PSE,SYR,06,20120717,1
PSE,SYR,11,20121111,2
PSE,SYR,14,20011027,2
PSE,SYR,12,20080428,1
PSE,SYR,01,20090924,1
PSE,SYR,05,20140111,2
PSE,SYR,04,20020504,4
PSE,SYR,05,20030610,7
PSE,SYR,04,20000521,7
PSE,SYR,01,20090317,10
PSE,SYR,04,20130516,3
PSE,SYR,04,20111207,7
PSE,SYR,04,20000613,5
QAT,SYR,02,20120109,4
QAT,SYR,01,20110510,3
QAT,SYR,07,20110409,21
QAT,SYR,05,20130202,8
QAT,SYR,04,20130204,1
QAT,SYR,11,20110905,2
QAT,SYR,01,20121007,2
RUS,SYR,03,20140406,56
RUS,SYR,11,20120610,8
RUS,SYR,05,20131015,1
RUS,SYR,12,20130218,6
RUS,SYR,05,20120217,8
RUS,SYR,02,20130809,2
RUS,SYR,02,20140627,1
RUS,SYR,05,20121129,30
RUS,SYR,12,20140121,24
RUS,SYR,19,20130905,30
RUS,SYR,03,20121208,10
RUS,SYR,04,20130513,2
RUS,SYR,03,20020918,2
RUS,SYR,09,20130321,4
RUS,SYR,09,20130728,2
RUS,SYR,03,20130906,1
RUS,SYR,13,20140928,4
RUS,SYR,05,20121017,10
RUS,SYR,03,20120711,19
RUS,SYR,02,20130306,3
RUS,SYR,03,20130918,3
RUS,SYR,04,20111009,1
RUS,SYR,02,20120803,18
RUS,SYR,12,20140212,62
RUS,SYR,01,20130407,5
RUS,SYR,17,20130911,26
RUS,SYR,11,20120404,9
RUS,SYR,09,20130911,32
RUS,SYR,02,20130927,6
RUS,SYR,03,20120517,7
RUS,SYR,02,20111216,47
RUS,SYR,04,20121129,9
RUS,SYR,06,20090523,6
RUS,SYR,12,20070817,9
RUS,SYR,13,20120713,5
RUS,SYR,09,20120417,22
RUS,SYR,02,20120201,6
RUS,SYR,11,20110802,1
RUS,SYR,01,20130507,6
RUS,SYR,12,20051025,6
RUS,SYR,08,20140205,10
RUS,SYR,12,20130921,10
RUS,SYR,03,20120709,7
RUS,SYR,11,20130530,10
RUS,SYR,12,20140115,2
RUS,SYR,08,20120425,5
SAU,SYR,12,20080610,2
SAU,SYR,04,20040719,1
SAU,SYR,06,20131025,46
SAU,SYR,01,20110814,32
SAU,SYR,13,20130304,36
SAU,SYR,04,20110409,2
SAU,SYR,18,20041223,1
SAU,SYR,11,20140707,3
SAU,SYR,04,20040215,6
SAU,SYR,04,20130117,25
SAU,SYR,09,20120122,8
SAU,SYR,12,20121105,1
SAU,SYR,10,20120726,2
SAU,SYR,04,20030116,2
SAU,SYR,04,20070310,3
SAU,SYR,04,20010314,2
SAU,SYR,01,20120731,6
SAU,SYR,13,20121112,1
SAU,SYR,19,20131119,1
SAU,SYR,04,20121029,2
SAU,SYR,04,20031031,2
SAU,SYR,03,20110705,2
SAU,SYR,03,20140524,17
SAU,SYR,06,20120613,8
SAU,SYR,02,20130105,15
SAU,SYR,17,20150126,2
SAU,SYR,06,20140307,1
SAU,SYR,10,20110811,4
SDN,SYR,02,20120922,8
SDN,SYR,01,20010530,1
SEA,SYR,08,20141018,8
SEA,SYR,17,20141103,2
SWE,SYR,05,20050110,4
SWE,SYR,16,20130827,2
SYR,SYR,08,20111226,2
SYR,SYR,06,20140319,8
SYR,SYR,19,20141006,9
SYR,SYR,19,20141112,5
SYR,SYR,11,20111114,1
SYR,SYR,05,20120910,98
SYR,SYR,10,20120530,9
SYR,SYR,11,20130205,8
SYR,SYR,04,20120619,3
SYR,SYR,11,20120109,5
SYR,SYR,04,20090901,2
SYR,SYR,08,20100815,2
SYR,SYR,04,20140703,763
SYR,SYR,11,20131030,10
SYR,SYR,14,20081030,48
SYR,SYR,02,20110925,2
SYR,SYR,11,20141225,2
SYR,SYR,18,20121105,10
SYR,SYR,05,20121212,40
SYR,SYR,14,20120315,64
SYR,SYR,01,20131210,10
SYR,SYR,10,20141030,6
SYR,SYR,04,20100213,4
SYR,SYR,14,20130303,12
SYR,SYR,14,20120720,6
SYR,SYR,05,20130110,3
SYR,SYR,03,20140116,1
SYR,SYR,14,20110618,1
SYR,SYR,02,20050614,1
SYR,SYR,07,20120827,2
SYR,SYR,04,20011101,2
SYR,SYR,07,20150216,2
SYR,SYR,19,20130823,4
SYR,SYR,19,20140114,272
SYR,SYR,11,20120613,15
SYR,SYR,11,20110901,14
SYR,SYR,04,20100924,1
SYR,SYR,04,20120613,1
SYR,SYR,14,20120913,2
SYR,SYR,02,20130204,12
SYR,SYR,19,20131230,9
SYR,SYR,09,20120531,6
SYR,SYR,11,20121104,16
SYR,SYR,04,20130114,3
SYR,SYR,17,20141112,28
SYR,SYR,05,20110630,1
SYR,SYR,12,20120225,8
SYR,SYR,03,20100507,2
SYR,SYR,04,20031201,4
SYR,SYR,04,20120420,8
SYR,SYR,04,20050731,2
SYR,SYR,11,20121020,2
SYR,SYR,14,20110317,2
SYR,SYR,04,20041022,7
SYR,SYR,14,20120722,4
SYR,SYR,01,20120923,2
SYR,SYR,01,20101009,5
SYR,SYR,01,20120102,2
SYR,SYR,18,20060718,1
SYR,SYR,19,20141103,22
SYR,SYR,15,20070822,4
SYR,SYR,19,20120204,9
SYR,SYR,16,20070601,1
SYR,SYR,03,20090105,10
SYR,SYR,14,20140328,2
SYR,SYR,02,20140327,1
SYR,SYR,11,20120814,16
SYR,SYR,08,20121209,6
SYR,SYR,01,20130916,1
SYR,SYR,19,20150111,8
SYR,SYR,11,20140514,32
SYR,SYR,05,20120928,2
SYR,SYR,11,20120322,34
SYR,SYR,04,20080703,10
SYR,SYR,08,20110506,4
SYR,SYR,04,20120814,10
SYR,SYR,19,20130910,2
SYR,SYR,14,20121106,2
SYR,SYR,17,20131209,1
SYR,SYR,11,20141125,18
SYR,SYR,09,20111227,3
SYR,SYR,19,20140815,3
SYR,SYR,17,20120412,2
SYR,SYR,04,20060520,4
SYR,SYR,17,20100721,8
SYR,SYR,01,20140816,2
SYR,SYR,05,20141015,4
SYR,SYR,01,20130910,24
SYR,SYR,04,20130126,1
SYR,SYR,03,20141030,3
SYR,SYR,04,20121205,6
SYR,SYR,11,20120612,32
SYR,SYR,20,20120404,3
SYR,SYR,04,20090624,1
SYR,SYR,11,20140623,10
SYR,SYR,04,20070406,7
SYR,SYR,19,20121224,32
SYR,SYR,05,20130912,2
SYR,SYR,04,20080430,2
SYR,SYR,04,20111229,2
SYR,SYR,05,20120801,18
SYR,SYR,13,20000109,2
SYR,SYR,18,20110923,2
SYR,SYR,05,20140303,4
SYR,SYR,06,20150203,10
SYR,SYR,04,20061222,1
SYR,SYR,03,20130221,2
SYR,SYR,17,20140311,4
SYR,SYR,14,20110822,3
SYR,SYR,04,20141014,4
SYR,SYR,02,20140906,3
SYR,SYR,04,20100530,11
SYR,SYR,10,20121204,1
SYR,SYR,01,20121009,6
SYR,SYR,08,20130616,8
SYR,SYR,19,20121029,8
SYR,SYR,12,20010110,3
SYR,SYR,02,20120217,36
SYR,SYR,19,20141013,8
SYR,SYR,19,20140930,8
SYR,SYR,04,20100902,5
SYR,SYR,05,20121224,2
SYR,SYR,12,20141026,2
SYR,SYR,08,20140824,26
TTO,SYR,19,20150124,1
TTO,SYR,03,20150124,1
TUN,SYR,16,20131226,2
TUN,SYR,03,20120212,2
TUR,SYR,01,20091108,1
TUR,SYR,01,20120729,1
TUR,SYR,08,20121014,11
TUR,SYR,03,20130527,8
TUR,SYR,05,20111201,2
TUR,SYR,18,20120820,2
TUR,SYR,04,20120626,68
TUR,SYR,11,20120706,6
TUR,SYR,01,20131101,12
TUR,SYR,04,20130813,1
TUR,SYR,11,20110921,2
TUR,SYR,01,20040428,3
TUR,SYR,03,20030330,2
TUR,SYR,19,20140325,18
TUR,SYR,17,20120514,1
TUR,SYR,01,20120511,8
TUR,SYR,02,20120902,2
TUR,SYR,05,20110619,14
TUR,SYR,11,20130512,3
TUR,SYR,03,20141019,5
TUR,SYR,13,20120310,6
TUR,SYR,04,20140920,12
TUR,SYR,04,20110916,15
TUR,SYR,19,20141028,4
TUR,SYR,13,20140423,2
TUR,SYR,05,20120222,6
TUR,SYR,19,20130702,4
TUR,SYR,04,20150127,6
TUR,SYR,11,20110629,8
TUR,SYR,04,20141022,18
TUR,SYR,01,20120705,8
TUR,SYR,05,20140116,3
TUR,SYR,01,20130212,1
TUR,SYR,10,20110424,14
TUR,SYR,05,20110325,2
TUR,SYR,17,20130824,10
TUR,SYR,11,20120306,1
TUR,SYR,01,20141013,3
TUR,SYR,05,20031217,10
TUR,SYR,06,20110720,1
TUR,SYR,03,20140913,2
TUR,SYR,04,20141128,2
TUR,SYR,12,20141015,4
TUR,SYR,13,20130830,5
TUR,SYR,04,20140122,2
TUR,SYR,04,20150119,4
TUR,SYR,11,20120926,40
TUR,SYR,07,20130328,3
TUR,SYR,19,20120708,10
TUR,SYR,19,20121005,12
TUR,SYR,01,20150119,3
TUR,SYR,04,20110618,160
TUR,SYR,04,20120503,1
TUR,SYR,01,20131023,7
TUR,SYR,05,20130329,1
TUR,SYR,04,20090520,2
TUR,SYR,18,20030511,2
TUR,SYR,02,20121017,6
TUR,SYR,02,20130305,4
TUR,SYR,01,20130514,1
TUR,SYR,07,20141213,8
TUR,SYR,11,20130615,6
TUR,SYR,14,20111128,9
TUR,SYR,19,20121105,6
TUR,SYR,02,20120316,16
TUR,SYR,03,20120313,25
TUR,SYR,13,20111115,2
TUR,SYR,16,20120624,7
TUR,SYR,05,20140710,4
TUR,SYR,04,20120729,10
TUR,SYR,01,20130127,4
TUR,SYR,19,20120625,468
TUR,SYR,01,20141001,2
TUR,SYR,03,20140109,1
TUR,SYR,01,20101221,4
TUR,SYR,04,20081103,2
TUR,SYR,13,20120822,7
TUR,SYR,16,20111214,6
TUR,SYR,19,20130325,10
TUR,SYR,11,20110206,6
TUR,SYR,13,20130515,5
TUR,SYR,01,20141219,40
TUR,SYR,02,20121013,1
TUR,SYR,04,20110224,5
UKR,SYR,04,20101101,2
UKR,SYR,12,20111215,1
USA,SYR,04,20130503,10
USA,SYR,02,20120529,5
USA,SYR,04,20000823,2
USA,SYR,02,20110212,18
USA,SYR,13,20130916,2
USA,SYR,15,20120705,2
USA,SYR,18,20140907,2
USA,SYR,07,20090108,6
USA,SYR,11,20130318,2
USA,SYR,10,20081030,5
USA,SYR,19,20130911,5
USA,SYR,07,20150118,28
USA,SYR,18,20121121,8
USA,SYR,03,20090218,8
USA,SYR,04,20131123,4
USA,SYR,10,20130912,20
USA,SYR,10,20130911,5
USA,SYR,07,20131113,72
USA,SYR,04,20140107,24
USA,SYR,02,20131126,8
USA,SYR,04,20081028,4
USA,SYR,19,20150119,32
USA,SYR,15,20120820,16
USA,SYR,12,20131219,2
USA,SYR,10,20080116,8
USA,SYR,02,20121011,22
USA,SYR,05,20140213,4
USA,SYR,01,20120207,8
USA,SYR,19,20110523,20
USA,SYR,05,20130318,6
USA,SYR,05,20111119,2
USA,SYR,05,20100331,6
USA,SYR,02,20120327,2
USA,SYR,05,20121007,6
USA,SYR,07,20141227,6
USA,SYR,04,20080902,1
USA,SYR,08,20120424,9
USA,SYR,19,20130914,1
USA,SYR,03,20090610,6
USA,SYR,12,20130902,92
USA,SYR,04,20101023,12
USA,SYR,02,20131205,3
USA,SYR,04,20090313,2
USA,SYR,05,20120814,6
USA,SYR,06,20031209,1
USA,SYR,03,20020715,2
USA,SYR,04,20120620,6
USA,SYR,11,20070601,2
USA,SYR,04,20120717,1
USA,SYR,16,20131212,10
USA,SYR,02,20130312,1
USA,SYR,17,20141101,2
USA,SYR,01,20130830,15
USA,SYR,04,20141009,10
USA,SYR,04,20071128,4
USA,SYR,11,20120519,9
USA,SYR,12,20130915,64
USA,SYR,07,20130910,22
USA,SYR,02,20120411,10
USA,SYR,07,20080713,2
USA,SYR,04,20120719,9
USA,SYR,13,20120427,54
USA,SYR,11,20070914,2
USA,SYR,19,20121005,10
USA,SYR,17,20120623,60
USA,SYR,13,20061122,2
USA,SYR,05,20141022,4
USA,SYR,12,20120926,6
USA,SYR,01,20130417,8
USA,SYR,19,20060912,3
USA,SYR,04,20111012,12
USA,SYR,18,20110525,1
USA,SYR,11,20130908,14
USA,SYR,11,20111013,1
USA,SYR,02,20020124,2
USA,SYR,01,20141129,5
USA,SYR,19,20120211,3
USA,SYR,01,20120816,12
USA,SYR,13,20130825,102
USA,SYR,02,20110519,9
USA,SYR,05,20140528,82
USA,SYR,04,20141022,2
USA,SYR,01,20150114,14
USA,SYR,01,20100216,3
USA,SYR,10,20120222,2
USA,SYR,09,20120821,20
USA,SYR,14,20130913,3
USA,SYR,04,20131130,1
USA,SYR,11,20120321,22
USA,SYR,19,20130804,126
USA,SYR,04,20090804,2
USA,SYR,07,20141130,2
USA,SYR,05,20150113,12
USA,SYR,01,20110804,12
USA,SYR,07,20100809,20
USA,SYR,04,20120222,9
USA,SYR,15,20130906,2
USA,SYR,11,20080426,1
USA,SYR,05,20080213,2
USA,SYR,17,20100222,1
USA,SYR,02,20120703,4
USA,SYR,11,20130922,8
USA,SYR,11,20130910,42
USA,SYR,01,20130828,5
USA,SYR,01,20130430,4
USA,SYR,11,20150126,8
USA,SYR,16,20110619,1
USA,SYR,19,20120616,6
USA,SYR,06,20120420,4
USA,SYR,01,20130728,10
USA,SYR,04,20141030,2
USA,SYR,19,20120215,23
USA,SYR,12,20070801,2
USA,SYR,13,20130909,10
USA,SYR,01,20141124,8
USA,SYR,02,20140603,20
UZB,SYR,04,20140911,4
VAT,SYR,12,20120623,1
VAT,SYR,02,20141217,14
VAT,SYR,01,20130905,4
VEN,SYR,05,20100716,3
VEN,SYR,03,20090421,12
WST,SYR,13,20121009,30
WST,SYR,19,20121024,10
WST,SYR,01,20140907,2
YEM,SYR,04,20140510,2
YEM,SYR,04,20120625,7
AFR,TCD,03,20081011,8
AUS,TCD,16,20060724,4
AUS,TCD,04,20061115,3
BEL,TCD,11,20120716,6
CAF,TCD,07,20140110,2
CAF,TCD,03,20080322,1
CAF,TCD,07,20140206,2
CAF,TCD,13,20100217,2
CAF,TCD,09,20021104,4
CHE,TCD,06,20080117,2
CHN,TCD,04,20101015,1
CHN,TCD,04,20070920,1
CMR,TCD,17,20031219,2
CMR,TCD,19,20150206,7
CMR,TCD,03,20150210,18
CRI,TCD,04,20000824,2
EUR,TCD,15,20071006,5
FRA,TCD,17,20111223,2
FRA,TCD,04,20071110,1
FRA,TCD,01,20080927,9
FSM,TCD,04,20100107,3
GBR,TCD,09,20101126,4
GBR,TCD,02,20130217,7
GUY,TCD,19,20110614,8
IRQ,TCD,04,20090611,6
KWT,TCD,04,20100105,1
LBY,TCD,05,20070412,2
LBY,TCD,03,20071129,2
MCO,TCD,17,20100831,2
MLI,TCD,07,20130114,1
MLI,TCD,04,20140701,2
MRT,TCD,07,20100202,6
MWI,TCD,04,20111214,6
NAF,TCD,04,20100725,1
NER,TCD,03,20150130,12
NER,TCD,05,20040402,6
NGA,TCD,04,20141017,2
NGA,TCD,07,20140811,10
NGA,TCD,10,20150129,10
NIC,TCD,04,20000813,4
PAK,TCD,19,20091217,2
RUS,TCD,07,20091222,1
RWA,TCD,07,20100930,81
SAU,TCD,17,20050512,2
SAU,TCD,05,20070512,2
SDN,TCD,15,20100116,6
SDN,TCD,03,20050421,2
SDN,TCD,06,20120507,20
SDN,TCD,04,20001112,18
SDN,TCD,05,20081213,2
SDN,TCD,16,20081114,5
SDN,TCD,04,20060120,5
SDN,TCD,03,20080314,1
SDN,TCD,11,20080405,6
SDN,TCD,05,20110616,5
SEN,TCD,17,20080820,10
SEN,TCD,01,20110701,80
SEN,TCD,10,20051115,5
TCD,TCD,11,20080120,9
TCD,TCD,17,20080729,4
TCD,TCD,01,20110207,2
TCD,TCD,04,20040219,5
TCD,TCD,11,20130303,3
TCD,TCD,08,20080211,1
TCD,TCD,03,20141205,9
TCD,TCD,05,20130205,4
TCD,TCD,03,20130828,5
TCD,TCD,11,20021028,8
TCD,TCD,02,20080204,1
TCD,TCD,04,20020103,4
TCD,TCD,05,20090915,4
TCD,TCD,01,20110710,5
TCD,TCD,18,20070130,3
USA,TCD,17,20120730,2
USA,TCD,06,20120828,3
USA,TCD,17,20120727,4
USA,TCD,17,20120317,2
USA,TCD,17,20110626,6
USA,TCD,10,20150203,1
USA,TCD,01,20060414,12
USA,TCD,11,20121113,8
USA,TCD,03,20130326,8
USA,TCD,08,20070419,9
USA,TCD,01,20130728,1
USA,TCD,05,20120510,35
USA,TCD,03,20110929,4
ZAF,TCD,16,20080207,5
AFR,TGO,04,20000720,7
AFR,TGO,09,20140513,1
BEL,TGO,04,20060904,5
BEN,TGO,04,20070428,1
BEN,TGO,03,20091005,1
CAF,TGO,12,20041222,1
CHN,TGO,06,20111127,3
CIV,TGO,04,20000924,5
CIV,TGO,05,20020710,9
CIV,TGO,19,20110325,6
FRA,TGO,04,20050207,4
GHA,TGO,05,20141130,10
GHA,TGO,04,20120602,2
GHA,TGO,08,20080907,1
GNB,TGO,04,20030121,6
LBR,TGO,04,20121022,4
TGO,TGO,02,20050209,2
TGO,TGO,04,20021030,9
TGO,TGO,03,20150216,6
TGO,TGO,05,20080618,8
TGO,TGO,04,20050412,7
AFR,THA,02,20001016,2
AFR,THA,06,20140905,1
AFR,THA,17,20110722,2
AFR,THA,04,20110129,2
ARE,THA,03,20130325,2
ARE,THA,04,20131205,4
ARM,THA,03,20040726,8
AUS,THA,03,20121206,2
AUS,THA,04,20090417,2
AUS,THA,01,20090309,2
AUS,THA,04,20140829,2
AUS,THA,04,20080715,1
AUS,THA,02,20100519,7
AUS,THA,05,20140830,8
AUS,THA,04,20090515,2
AUS,THA,04,20060605,8
AUS,THA,01,20031020,4
AUS,THA,19,20150214,12
BGD,THA,01,20090619,2
BRA,THA,04,20131212,6
BRA,THA,04,20120514,4
BRA,THA,11,20121220,10
BRA,THA,05,20100502,3
BRA,THA,04,20110128,4
BRN,THA,04,20110711,1
BRN,THA,04,20101111,2
BRN,THA,03,20050909,2
CAN,THA,19,20140313,4
CAN,THA,10,20140621,1
CAN,THA,02,20140806,1
CAN,THA,01,20080310,3
CAN,THA,04,20141219,6
CHE,THA,04,20140811,6
CHL,THA,04,20140311,20
CHN,THA,19,20150217,7
CHN,THA,03,20030118,1
CHN,THA,19,20110705,1
CHN,THA,03,20070216,1
CHN,THA,04,20140706,2
CHN,THA,06,20100125,9
CHN,THA,04,20120513,1
CHN,THA,04,20050412,9
CHN,THA,03,20080629,8
CHN,THA,07,20070604,9
CHN,THA,04,20080630,10
CHN,THA,03,20121113,12
CHN,THA,18,20111205,7
CHN,THA,11,20101120,6
COD,THA,03,20010712,2
CZE,THA,01,20150115,3
DEU,THA,09,20121221,2
DEU,THA,04,20110204,5
DEU,THA,04,20030512,1
DNK,THA,04,20041227,4
EUR,THA,03,20140706,10
EUR,THA,01,20061222,9
FRA,THA,17,20110411,9
GBR,THA,05,20131002,4
GBR,THA,04,20121205,2
GBR,THA,01,20091105,5
GBR,THA,01,20081126,5
GBR,THA,19,20140916,8
GBR,THA,19,20140919,6
GBR,THA,04,20141013,62
GBR,THA,08,20120721,3
GBR,THA,04,20130903,10
GIN,THA,04,20100921,1
GRC,THA,03,20131117,6
HTI,THA,04,20140625,2
IDN,THA,05,20030628,1
IDN,THA,04,20130618,1
IDN,THA,04,20110624,7
IDN,THA,04,20111112,1
IDN,THA,04,20110207,2
IDN,THA,01,20111027,1
IDN,THA,04,20110208,5
IDN,THA,03,20130918,2
IDN,THA,04,20130731,4
IND,THA,04,20141104,1
IND,THA,04,20101006,1
IND,THA,04,20140218,1
IRL,THA,07,20140915,8
IRN,THA,01,20130518,12
IRQ,THA,04,20030827,1
ITA,THA,02,20120408,2
ITA,THA,04,20020610,1
ITA,THA,11,20091019,5
JPN,THA,04,20150104,6
JPN,THA,12,20120524,5
JPN,THA,04,20140224,7
JPN,THA,01,20070608,28
JPN,THA,03,20010323,1
JPN,THA,08,20140930,1
JPN,THA,04,20120121,2
JPN,THA,17,20120511,9
JPN,THA,04,20121122,2
JPN,THA,04,20110613,9
JPN,THA,07,20120502,1
JPN,THA,03,20110812,5
KHM,THA,17,20090810,9
KHM,THA,02,20090504,6
KHM,THA,02,20070702,2
KHM,THA,12,20110303,10
KHM,THA,19,20020113,2
KHM,THA,11,20080812,6
KHM,THA,17,20110117,1
KHM,THA,03,20080211,5
KHM,THA,02,20130415,5
KHM,THA,04,20050927,2
KHM,THA,04,20130328,6
KHM,THA,04,20121118,6
KHM,THA,05,20031104,2
KHM,THA,03,20140618,6
KHM,THA,03,20140617,34
KHM,THA,05,20110530,6
KHM,THA,01,20110303,4
KOR,THA,03,20080804,3
KOR,THA,04,20140409,8
KOR,THA,01,20140525,16
KOR,THA,04,20131031,1
KWT,THA,05,20141027,2
LAO,THA,17,20111208,1
LAO,THA,03,20111125,1
LAO,THA,08,20080711,14
LAO,THA,06,20120423,4
LAO,THA,19,20140213,8
LBN,THA,04,20131104,10
LKA,THA,11,20070721,7
LKA,THA,04,20040203,7
MEX,THA,04,20030604,2
MMR,THA,08,20001221,5
MMR,THA,05,20140715,14
MMR,THA,05,20120710,6
MMR,THA,04,20141014,2
MMR,THA,01,20140226,8
MMR,THA,11,20140520,2
MMR,THA,08,20101109,17
MMR,THA,19,20101108,40
MMR,THA,04,20120712,10
MMR,THA,05,20000126,11
MMR,THA,03,20121224,2
MMR,THA,03,20130925,1
MMR,THA,04,20111223,1
MMR,THA,07,20121217,1
MMR,THA,03,20020110,8
MMR,THA,03,20030214,2
MMR,THA,01,20030123,2
MMR,THA,19,20020713,3
MMR,THA,04,20091021,6
MMR,THA,06,20040911,9
MMR,THA,04,20010620,6
MMR,THA,04,20081111,4
MMR,THA,05,20070115,5
MMR,THA,04,20101201,1
MMR,THA,06,20110508,2
MMR,THA,06,20010802,9
MMR,THA,08,20120919,1
MMR,THA,01,20090120,2
MMR,THA,04,20071125,1
MYS,THA,04,20100915,2
MYS,THA,05,20070618,1
MYS,THA,06,20140203,7
MYS,THA,06,20140318,2
MYS,THA,06,20140410,4
MYS,THA,04,20101205,10
MYS,THA,07,20050903,8
MYS,THA,04,20070416,4
MYS,THA,06,20010424,7
MYS,THA,08,20050928,9
MYS,THA,04,20131222,18
MYS,THA,11,20141119,2
NGA,THA,19,20140303,2
NGA,THA,07,20141126,14
NGA,THA,18,20140520,10
NLD,THA,04,20091222,2
NLD,THA,19,20110526,1
NOR,THA,05,20141117,2
NOR,THA,04,20120917,10
NZL,THA,04,20090301,6
NZL,THA,17,20030512,4
NZL,THA,06,20100917,2
PAK,THA,07,20100902,2
PAK,THA,17,20111120,9
PAK,THA,03,20121023,2
PAK,THA,04,20000101,1
PAK,THA,19,20150116,5
PHL,THA,03,20110525,10
PHL,THA,04,20020508,5
PHL,THA,04,20080330,4
PHL,THA,04,20101224,8
PHL,THA,04,20090814,7
PHL,THA,04,20100824,1
POL,THA,04,20080512,1
PRK,THA,03,20090720,4
PRK,THA,04,20000724,4
PSE,THA,19,20140727,13
QAT,THA,06,20140128,9
RUS,THA,05,20020521,4
RUS,THA,10,20100828,4
RUS,THA,01,20131117,2
SAS,THA,04,20141210,1
SEA,THA,06,20130715,6
SEA,THA,06,20080327,5
SEA,THA,04,20141126,5
SEA,THA,06,20060321,1
SEA,THA,04,20120402,12
SEA,THA,04,20130611,42
SGP,THA,05,20081210,2
SGP,THA,04,20130726,2
SGP,THA,11,20101212,2
SGP,THA,03,20130820,2
SGP,THA,05,20080502,4
SOM,THA,04,20001020,4
SWE,THA,04,20090511,6
SWE,THA,08,20141020,5
SWE,THA,05,20030208,5
THA,THA,09,20120130,9
THA,THA,19,20120206,7
THA,THA,04,20120225,3
THA,THA,17,20131102,6
THA,THA,17,20130711,2
THA,THA,11,20070228,7
THA,THA,08,20140220,2
THA,THA,05,20091205,3
THA,THA,11,20090113,2
THA,THA,05,20120426,2
THA,THA,02,20140820,4
THA,THA,07,20011115,5
THA,THA,05,20110614,9
THA,THA,17,20081209,9
THA,THA,17,20060925,7
THA,THA,03,20130823,4
THA,THA,03,20110922,2
THA,THA,01,20140826,6
THA,THA,08,20130621,6
THA,THA,09,20140828,6
THA,THA,01,20120704,2
THA,THA,05,20120125,9
THA,THA,10,20080925,4
THA,THA,12,20100812,4
THA,THA,19,20070629,10
THA,THA,16,20090925,9
THA,THA,17,20090322,3
THA,THA,02,20070531,6
THA,THA,05,20100121,1
THA,THA,12,20101223,2
THA,THA,03,20100126,4
THA,THA,02,20111019,4
THA,THA,08,20081112,9
THA,THA,04,20130119,4
THA,THA,02,20110924,1
THA,THA,19,20141213,10
THA,THA,04,20120126,4
THA,THA,01,20010921,1
THA,THA,01,20110223,28
THA,THA,12,20131218,2
THA,THA,14,20060204,2
THA,THA,01,20140826,4
THA,THA,01,20050127,1
THA,THA,03,20140115,4
THA,THA,13,20111026,4
THA,THA,04,20050127,4
THA,THA,04,20131213,170
THA,THA,05,20140313,1
THA,THA,04,20060302,3
THA,THA,18,20141003,1
THA,THA,01,20100725,44
THA,THA,02,20150107,2
THA,THA,02,20131104,8
THA,THA,04,20080227,33
THA,THA,14,20111119,2
THA,THA,17,20101005,2
THA,THA,19,20020606,1
THA,THA,18,20041206,1
THA,THA,08,20120626,3
THA,THA,17,20050302,2
THA,THA,08,20141115,2
THA,THA,18,20140113,127
THA,THA,01,20140526,1
THA,THA,19,20080802,8
THA,THA,11,20140711,4
THA,THA,17,20100227,5
THA,THA,08,20110607,18
THA,THA,02,20120305,2
THA,THA,17,20140116,6
THA,THA,03,20050218,9
THA,THA,02,20140527,4
THA,THA,19,20090220,8
THA,THA,01,20111102,5
THA,THA,06,20061231,5
THA,THA,01,20030218,12
THA,THA,19,20061004,2
TMP,THA,04,20090828,2
TWN,THA,06,20141122,10
TWN,THA,04,20140114,12
UGA,THA,04,20020919,7
USA,THA,03,20030809,6
USA,THA,04,20110128,2
USA,THA,03,20000614,1
USA,THA,11,20140425,3
USA,THA,17,20120503,6
USA,THA,04,20130305,10
USA,THA,08,20130402,16
USA,THA,04,20140315,60
USA,THA,15,20091231,27
USA,THA,04,20110404,2
USA,THA,11,20101202,2
USA,THA,17,20120412,9
USA,THA,12,20150115,6
USA,THA,17,20100927,4
USA,THA,19,20101023,2
USA,THA,04,20101126,2
USA,THA,03,20100515,6
USA,THA,04,20110407,4
USA,THA,04,20101001,6
USA,THA,04,20120616,8
USA,THA,12,20120625,4
USA,THA,01,20110707,3
USA,THA,06,20140930,7
USA,THA,03,20141119,7
USA,THA,03,20100312,48
USA,THA,13,20120113,4
VNM,THA,08,20120710,10
VNM,THA,04,20140405,7
VNM,THA,04,20070109,1
VNM,THA,04,20001121,9
AFG,TJK,03,20051207,5
AFG,TJK,04,20010921,10
AFG,TJK,05,20111208,10
AFG,TJK,05,20100827,2
AFG,TJK,12,20010112,1
AFG,TJK,03,20130728,38
AFG,TJK,04,20010913,2
AFG,TJK,04,20010228,4
AFG,TJK,19,20011018,7
AFG,TJK,05,20131216,2
AFG,TJK,18,20141026,1
ARM,TJK,04,20121211,2
AZE,TJK,04,20140403,6
AZE,TJK,04,20120611,2
AZE,TJK,06,20130903,14
BLR,TJK,05,20001011,1
BLR,TJK,04,20140531,2
CHN,TJK,04,20080514,6
CHN,TJK,11,20100708,1
CHN,TJK,03,20071123,1
CHN,TJK,04,20100618,3
CHN,TJK,07,20111208,8
DNK,TJK,04,20020527,2
EUR,TJK,07,20030724,9
FRA,TJK,04,20011126,4
IRN,TJK,03,20070427,2
IRN,TJK,04,20140611,6
IRN,TJK,11,20140317,3
IRN,TJK,03,20130126,2
IRN,TJK,03,20120415,4
IRN,TJK,05,20050211,8
IRN,TJK,04,20100518,8
IRQ,TJK,04,20100327,6
JPN,TJK,06,20021019,1
JPN,TJK,07,20011005,5
KAZ,TJK,05,20121219,3
KAZ,TJK,07,20080318,1
KAZ,TJK,07,20040424,8
KGZ,TJK,04,20141015,4
KGZ,TJK,04,20021017,1
KGZ,TJK,05,20120327,2
KGZ,TJK,04,20141112,3
KGZ,TJK,04,20120620,3
KGZ,TJK,19,20010405,2
KGZ,TJK,04,20140626,1
KGZ,TJK,05,20090115,6
KGZ,TJK,19,20140901,1
KGZ,TJK,04,20130730,1
KWT,TJK,04,20030304,2
MYS,TJK,05,20140623,10
OMN,TJK,04,20101109,8
PAK,TJK,03,20090729,11
PAK,TJK,02,20090909,8
PAK,TJK,04,20130503,6
PAK,TJK,05,20140524,8
PAK,TJK,04,20140608,6
PAK,TJK,04,20120828,3
PAK,TJK,05,20140721,8
RUS,TJK,05,20110422,27
RUS,TJK,05,20080828,1
RUS,TJK,05,20140729,2
RUS,TJK,06,20110429,4
RUS,TJK,03,20111021,1
RUS,TJK,05,20130302,4
RUS,TJK,19,20010824,2
RUS,TJK,04,20011012,6
RUS,TJK,01,20150120,18
RUS,TJK,01,20010504,2
RUS,TJK,04,20090718,2
RUS,TJK,04,20090715,9
RUS,TJK,03,20131029,6
RUS,TJK,02,20000826,7
RUS,TJK,06,20141229,2
RUS,TJK,08,20120328,1
RUS,TJK,03,20040908,1
RUS,TJK,01,20000114,8
RUS,TJK,02,20110920,9
SAU,TJK,03,20140512,2
SYR,TJK,03,20090223,1
SYR,TJK,04,20150213,8
THA,TJK,04,20130823,2
TJK,TJK,04,20111022,18
TJK,TJK,06,20001029,4
TJK,TJK,01,20100104,2
TJK,TJK,05,20140723,2
TJK,TJK,04,20070825,1
TJK,TJK,04,20000422,6
TJK,TJK,05,20130920,12
TJK,TJK,04,20081030,2
TJK,TJK,04,20020815,1
TJK,TJK,04,20070817,5
TJK,TJK,01,20120919,3
TJK,TJK,17,20120520,7
TJK,TJK,03,20020111,21
TJK,TJK,05,20050623,2
TJK,TJK,04,20091013,2
TJK,TJK,02,20060731,8
TJK,TJK,05,20131003,10
TJK,TJK,03,20060116,2
TKM,TJK,05,20130625,2
TUR,TJK,04,20031023,2
TUR,TJK,04,20140812,30
UKR,TJK,04,20140204,4
USA,TJK,01,20110830,18
USA,TJK,04,20140310,6
USA,TJK,05,20120802,20
UZB,TJK,11,20131107,6
UZB,TJK,05,20080827,2
UZB,TJK,11,20131105,3
UZB,TJK,06,20100324,7
UZB,TJK,01,20101009,2
UZB,TJK,03,20090929,1
UZB,TJK,04,20020805,1
UZB,TJK,03,20090305,16
AFG,TKM,19,20141217,2
AFG,TKM,05,20140624,2
AFG,TKM,04,20150128,3
AFG,TKM,04,20010331,4
AFG,TKM,05,20130325,5
AFG,TKM,04,20141017,8
AFG,TKM,04,20150122,6
ARE,TKM,02,20130220,10
ARM,TKM,03,20120414,6
AZE,TKM,04,20100113,1
AZE,TKM,03,20140424,10
AZE,TKM,12,20020227,1
BLR,TKM,03,20071102,12
BLR,TKM,01,20100126,3
CHN,TKM,04,20101121,2
CHN,TKM,02,20140516,7
ERI,TKM,01,20140211,4
EUR,TKM,04,20110112,5
FRA,TKM,07,20140831,2
GBR,TKM,04,20050324,1
GBR,TKM,04,20131119,1
IRN,TKM,05,20120427,8
IRN,TKM,06,20150211,16
IRN,TKM,05,20060130,3
IRN,TKM,04,20011030,4
IRN,TKM,04,20111020,2
IRN,TKM,06,20141218,2
IRN,TKM,03,20090220,1
IRN,TKM,03,20030309,2
IRQ,TKM,18,20091122,5
IRQ,TKM,19,20140710,4
ISR,TKM,04,20070327,4
ISR,TKM,05,20090520,20
ISR,TKM,07,20090520,1
KAZ,TKM,04,20130425,2
KAZ,TKM,04,20020503,3
KAZ,TKM,05,20100116,1
KGZ,TKM,05,20090907,8
KGZ,TKM,04,20140715,8
NLD,TKM,04,20090205,2
PAK,TKM,05,20040401,2
PAK,TKM,04,20130304,6
RUS,TKM,04,20120821,1
RUS,TKM,11,20061121,1
RUS,TKM,06,20101122,3
RUS,TKM,05,20090326,4
RUS,TKM,03,20130912,4
RUS,TKM,01,20120915,6
RUS,TKM,05,20150110,2
SYR,TKM,12,20120221,1
TJK,TKM,04,20021222,4
TKM,TKM,01,20110115,1
TKM,TKM,03,20140226,8
TKM,TKM,04,20110329,7
TKM,TKM,17,20020401,6
TKM,TKM,04,20070216,2
TKM,TKM,03,20000821,3
TUR,TKM,03,20000117,2
UZB,TKM,03,20120328,2
UZB,TKM,05,20091202,8
UZB,TKM,03,20091212,4
UZB,TKM,08,20110415,8
UZB,TKM,05,20090508,3
AUS,TMP,05,20060602,1
AUS,TMP,19,20061030,2
AUS,TMP,04,20070830,6
AUS,TMP,02,20060612,1
AUS,TMP,05,20100817,5
BRA,TMP,03,20020727,4
CHN,TMP,06,20090922,1
IDN,TMP,01,20051229,3
IDN,TMP,14,20050919,3
IDN,TMP,07,20000913,6
IDN,TMP,07,20070508,2
IDN,TMP,04,20080405,2
IDN,TMP,01,20070322,5
IDN,TMP,17,20060329,5
IRL,TMP,07,20140909,4
JPN,TMP,03,20011022,9
MYS,TMP,10,20060602,8
NZL,TMP,09,20010810,8
PHL,TMP,05,20090515,5
PHL,TMP,04,20000223,3
PSE,TMP,03,20110217,4
SGP,TMP,04,20100817,1
TMP,TMP,01,20060630,14
USA,TMP,06,20010916,2
USA,TMP,04,20120828,6
USA,TMP,04,20120906,16
USA,TMP,04,20010918,1
VNM,TMP,05,20020509,2
CHN,TON,16,20061122,4
COK,TON,04,20060221,4
FJI,TON,08,20110515,1
FJI,TON,04,20090811,5
JPN,TON,03,20131024,4
KIR,TON,05,20130326,6
NZL,TON,03,20140114,5
NZL,TON,01,20090806,9
NZL,TON,04,20110728,4
NZL,TON,02,20030606,2
TON,TON,01,20000420,2
TON,TON,17,20140822,4
USA,TON,04,20140221,3
USA,TON,03,20070815,9
WSM,TON,04,20080917,4
ZMB,TON,04,20080219,1
AFR,TTO,03,20110126,8
AGO,TTO,04,20080627,1
ATG,TTO,04,20111128,3
AUS,TTO,04,20130313,2
CHN,TTO,04,20150124,10
CHN,TTO,04,20130925,2
CUB,TTO,04,20030325,6
ESP,TTO,09,20131008,4
ESP,TTO,04,20040105,2
GBR,TTO,19,20140409,1
GHA,TTO,04,20110107,1
PER,TTO,18,20130315,2
TTO,TTO,18,20111122,4
TTO,TTO,05,20110830,190
TTO,TTO,11,20141105,5
TTO,TTO,01,20070710,2
TTO,TTO,01,20130919,6
TTO,TTO,04,20100224,2
TTO,TTO,01,20011204,1
TTO,TTO,01,20140812,8
USA,TTO,01,20070604,1
USA,TTO,04,20090418,6
USA,TTO,04,20091005,1
USA,TTO,04,20090520,4
USA,TTO,11,20090205,1
USA,TTO,04,20090419,54
USA,TTO,03,20131029,2
USA,TTO,04,20081123,6
AFR,TUN,19,20120307,2
AFR,TUN,04,20040909,6
ALB,TUN,04,20101202,2
ARE,TUN,04,20110926,1
AUS,TUN,03,20060104,3
BEL,TUN,05,20110203,6
BGD,TUN,16,20111025,2
CHN,TUN,04,20130912,3
CHN,TUN,19,20110225,8
CYP,TUN,04,20030924,1
DEU,TUN,16,20120213,2
DEU,TUN,04,20140801,4
DZA,TUN,08,20120819,59
DZA,TUN,04,20080228,3
DZA,TUN,05,20131026,1
EGY,TUN,03,20111102,1
EGY,TUN,14,20110406,1
EGY,TUN,08,20110814,2
EGY,TUN,01,20110212,72
EGY,TUN,02,20110118,4
EGY,TUN,14,20110123,3
EGY,TUN,04,20140204,4
EGY,TUN,08,20121201,3
FRA,TUN,04,20120715,12
FRA,TUN,01,20110114,15
FRA,TUN,19,20090207,2
FRA,TUN,04,20010310,2
FRA,TUN,05,20131119,4
FRA,TUN,05,20100620,5
GAB,TUN,04,20140604,1
IRN,TUN,04,20111104,2
IRQ,TUN,04,20110214,2
IRQ,TUN,04,20000205,1
ISR,TUN,04,20110915,7
ISR,TUN,04,20140521,14
ISR,TUN,12,20120108,4
ITA,TUN,04,20120624,20
ITA,TUN,04,20110604,2
ITA,TUN,17,20060218,2
JOR,TUN,04,20140612,8
LBN,TUN,04,20120109,2
LBN,TUN,03,20030313,1
LBY,TUN,18,20140417,150
LBY,TUN,04,20110321,8
LBY,TUN,02,20110227,252
LBY,TUN,02,20110115,2
LBY,TUN,19,20110411,4
LBY,TUN,04,20140702,12
LBY,TUN,04,20021130,9
MAR,TUN,01,20121213,10
MAR,TUN,04,20140317,8
MAR,TUN,06,20120125,7
MYS,TUN,03,20110702,9
NLD,TUN,06,20110114,1
PER,TUN,04,20150203,4
PHL,TUN,04,20140801,100
PSE,TUN,04,20001231,5
PSE,TUN,04,20130119,1
QAT,TUN,17,20121007,2
RUS,TUN,03,20120224,8
RUS,TUN,12,20120225,54
SAU,TUN,04,20090615,4
SDN,TUN,14,20120913,42
SDN,TUN,04,20091124,4
SVK,TUN,04,20140629,10
SYR,TUN,05,20060420,6
SYR,TUN,02,20120224,2
SYR,TUN,04,20071012,2
SYR,TUN,04,20100510,7
SYR,TUN,11,20090813,4
SYR,TUN,04,20120621,1
SYR,TUN,04,20130829,4
TUN,TUN,08,20110113,6
TUN,TUN,17,20070509,1
TUN,TUN,03,20060529,5
TUN,TUN,03,20110125,2
TUN,TUN,04,20140630,8
TUN,TUN,04,20091225,1
TUN,TUN,14,20130206,24
TUN,TUN,01,20111226,1
TUN,TUN,03,20130207,1
TUN,TUN,14,20120205,12
TUN,TUN,05,20131105,8
TUN,TUN,17,20121102,2
TUN,TUN,18,20110522,12
TUN,TUN,05,20120417,2
TUN,TUN,17,20130301,12
TUN,TUN,08,20110522,5
TUN,TUN,17,20120719,40
TUN,TUN,04,20100103,2
TUN,TUN,03,20110214,3
TUR,TUN,04,20120307,4
TUR,TUN,04,20120605,36
TUR,TUN,04,20110205,1
UGA,TUN,05,20131025,1
UGA,TUN,08,20020508,1
USA,TUN,07,20111112,18
USA,TUN,04,20110808,14
USA,TUN,05,20110525,2
USA,TUN,05,20130629,3
USA,TUN,01,20140806,2
USA,TUN,04,20120319,1
USA,TUN,04,20130722,2
USA,TUN,07,20130208,56
USA,TUN,04,20130518,6
AFG,TUR,04,20110412,20
AFG,TUR,10,20100211,1
AFG,TUR,19,20011103,1
AFG,TUR,04,20101224,6
AFG,TUR,04,20090817,1
AFG,TUR,08,20130423,2
AFG,TUR,04,20080229,16
AFG,TUR,08,20080325,4
AFG,TUR,01,20030729,9
AFR,TUR,04,20130124,12
AFR,TUR,01,20120707,2
ARE,TUR,11,20140509,8
ARE,TUR,11,20110324,1
ARE,TUR,06,20130903,36
ARE,TUR,01,20130501,6
ARG,TUR,04,20100725,5
ARM,TUR,04,20110408,5
ARM,TUR,04,20090827,2
ARM,TUR,16,20130513,2
ARM,TUR,03,20101111,6
ARM,TUR,19,20090427,1
ARM,TUR,11,20090430,2
ARM,TUR,04,20090525,3
ARM,TUR,04,20100121,9
ARM,TUR,03,20120204,2
ARM,TUR,08,20040127,2
ARM,TUR,01,20091208,10
ARM,TUR,12,20110410,1
ARM,TUR,05,20091201,2
ARM,TUR,04,20131209,10
ARM,TUR,04,20130131,4
ARM,TUR,08,20100511,2
ARM,TUR,19,20140710,8
ARM,TUR,03,20090914,2
ARM,TUR,05,20090423,1
ARM,TUR,04,20120422,7
ARM,TUR,05,20100420,2
AUS,TUR,03,20131114,18
AUT,TUR,04,20010423,2
AUT,TUR,03,20080327,1
AZE,TUR,05,20120306,2
AZE,TUR,04,20121126,12
AZE,TUR,17,20140922,16
AZE,TUR,03,20061011,5
AZE,TUR,05,20080604,1
AZE,TUR,05,20130216,6
AZE,TUR,06,20110302,3
AZE,TUR,04,20091012,6
AZE,TUR,01,20110527,1
AZE,TUR,04,20000119,2
AZE,TUR,12,20110609,5
AZE,TUR,04,20091019,9
AZE,TUR,04,20130228,12
AZE,TUR,05,20150126,2
AZE,TUR,04,20071018,2
AZE,TUR,05,20011031,8
AZE,TUR,03,20061121,8
AZE,TUR,17,20100217,2
AZE,TUR,06,20100329,5
AZE,TUR,04,20010626,1
AZE,TUR,03,20050125,2
AZE,TUR,04,20120329,5
BEL,TUR,04,20130201,4
BEL,TUR,04,20120118,6
BEL,TUR,03,20121119,32
BEL,TUR,04,20100926,3
BEL,TUR,04,20140702,8
BEL,TUR,17,20030104,1
BEL,TUR,04,20120208,5
BGD,TUR,04,20121122,2
BGD,TUR,07,20080830,5
BGD,TUR,14,20131213,7
BGR,TUR,04,20120927,2
BGR,TUR,01,20000210,2
BGR,TUR,01,20020515,3
BGR,TUR,19,20131001,2
BGR,TUR,04,20090519,2
BGR,TUR,11,20141130,10
BHR,TUR,05,20030806,14
BHR,TUR,03,20110111,1
BHR,TUR,10,20110208,12
BHR,TUR,01,20141029,2
BLR,TUR,04,20130603,2
BRA,TUR,05,20130708,2
BRA,TUR,06,20141227,2
BRA,TUR,04,20110923,2
CAN,TUR,05,20090422,3
CAN,TUR,04,20140519,4
CHE,TUR,04,20110707,1
CHE,TUR,17,20140218,5
CHE,TUR,06,20140505,10
CHE,TUR,02,20130615,1
CHN,TUR,06,20131126,2
CHN,TUR,01,20120410,2
CHN,TUR,04,20090802,5
CHN,TUR,04,20130924,3
CHN,TUR,03,20120517,2
CHN,TUR,03,20000419,1
CHN,TUR,04,20140119,10
CIV,TUR,04,20140812,2
COL,TUR,06,20130906,5
COL,TUR,05,20090905,5
CYP,TUR,04,20060705,9
CYP,TUR,07,20060604,2
CYP,TUR,12,20090702,4
CYP,TUR,05,20000327,7
CYP,TUR,16,20010907,2
CYP,TUR,04,20011115,1
CYP,TUR,05,20140312,2
CYP,TUR,04,20081106,5
CYP,TUR,04,20090116,2
CYP,TUR,11,20140808,2
CYP,TUR,01,20120120,4
CYP,TUR,10,20001114,6
CYP,TUR,04,20010615,4
CYP,TUR,04,20000714,4
CYP,TUR,18,20001229,3
CYP,TUR,04,20011114,2
CYP,TUR,05,20000831,2
CYP,TUR,04,20050329,6
CYP,TUR,03,20040122,3
CYP,TUR,04,20031230,2
CYP,TUR,01,20100816,1
CYP,TUR,11,20000319,2
CYP,TUR,01,20001019,2
CYP,TUR,10,20120109,5
CYP,TUR,14,20050220,2
CYP,TUR,04,20000226,1
CYP,TUR,03,20040121,8
CYP,TUR,11,20110909,9
CYP,TUR,04,20100423,8
CZE,TUR,17,20120111,1
DEU,TUR,08,20130225,2
DEU,TUR,12,20130327,4
DEU,TUR,04,20141119,1
DEU,TUR,01,20030919,2
DEU,TUR,01,20110212,2
DEU,TUR,02,20030902,1
DEU,TUR,04,20141028,2
DEU,TUR,05,20090710,8
DEU,TUR,04,20141111,8
DEU,TUR,04,20101012,4
DEU,TUR,01,20120128,6
DEU,TUR,17,20110125,1
DEU,TUR,09,20140902,2
DEU,TUR,04,20011002,2
DEU,TUR,11,20080313,6
DEU,TUR,03,20090505,1
DEU,TUR,17,20080211,3
DNK,TUR,02,20011123,2
DNK,TUR,02,20140905,66
DNK,TUR,07,20140213,8
DOM,TUR,03,20140415,4
DZA,TUR,04,20090625,5
DZA,TUR,05,20030912,6
EGY,TUR,17,20130709,1
EGY,TUR,05,20121002,8
EGY,TUR,04,20090203,8
EGY,TUR,04,20101011,2
EGY,TUR,14,20131124,10
EGY,TUR,11,20050724,2
EGY,TUR,02,20100407,182
EGY,TUR,01,20120915,2
EGY,TUR,17,20130709,14
EGY,TUR,05,20120921,3
EGY,TUR,11,20150204,2
EGY,TUR,03,20090729,4
EGY,TUR,12,20131124,2
ESP,TUR,08,20140331,13
ESP,TUR,05,20140905,4
ESP,TUR,08,20030313,2
ESP,TUR,04,20040507,4
EST,TUR,03,20141024,11
ETH,TUR,07,20111126,1
ETH,TUR,06,20150203,2
EUR,TUR,04,20030305,5
EUR,TUR,06,20100902,1
EUR,TUR,10,20071210,4
EUR,TUR,05,20000823,3
EUR,TUR,03,20150216,10
EUR,TUR,01,20040817,5
EUR,TUR,12,20140212,2
EUR,TUR,10,20100907,2
EUR,TUR,17,20010731,10
EUR,TUR,01,20080401,9
EUR,TUR,12,20001114,1
EUR,TUR,02,20101018,9
EUR,TUR,04,20110228,9
EUR,TUR,03,20041005,7
EUR,TUR,04,20110219,9
EUR,TUR,05,20080410,3
EUR,TUR,04,20011017,6
EUR,TUR,04,20110818,4
EUR,TUR,13,20130320,10
EUR,TUR,13,20111010,6
EUR,TUR,05,20101107,28
EUR,TUR,07,20071031,2
EUR,TUR,07,20110509,2
EUR,TUR,12,20110326,2
EUR,TUR,01,20020711,2
EUR,TUR,04,20131015,8
EUR,TUR,12,20081008,4
EUR,TUR,05,20080316,9
EUR,TUR,01,20120127,4
EUR,TUR,09,20110908,9
EUR,TUR,02,20141215,2
EUR,TUR,04,20140703,8
EUR,TUR,02,20051004,29
EUR,TUR,11,20040421,5
FIN,TUR,04,20030406,2
FRA,TUR,03,20131228,20
FRA,TUR,04,20110530,4
FRA,TUR,02,20060403,7
FRA,TUR,03,20140725,1
FRA,TUR,04,20091028,2
FRA,TUR,04,20130111,2
FRA,TUR,04,20130125,2
FRA,TUR,11,20090405,1
FRA,TUR,05,20080219,2
FRA,TUR,02,20051005,2
FRA,TUR,04,20140905,16
FRA,TUR,14,20121020,2
FRA,TUR,03,20110704,8
FRA,TUR,05,20121123,4
FRA,TUR,04,20000907,1
FRA,TUR,04,20121214,6
FRA,TUR,01,20111212,1
FRA,TUR,05,20081219,2
FRA,TUR,07,20021109,3
FRA,TUR,01,20070909,1
FSM,TUR,01,20080118,9
GAB,TUR,04,20130717,14
GBR,TUR,04,20070725,7
GBR,TUR,13,20141210,2
GBR,TUR,04,20130106,2
GBR,TUR,04,20140815,1
GBR,TUR,17,20111129,1
GBR,TUR,04,20090130,9
GBR,TUR,03,20110605,2
GBR,TUR,02,20010426,1
GBR,TUR,05,20141210,4
GBR,TUR,01,20031227,1
GBR,TUR,10,20021104,1
GBR,TUR,04,20150205,15
GBR,TUR,04,20150207,6
GBR,TUR,06,20121207,4
GBR,TUR,04,20110423,6
GBR,TUR,11,20090204,1
GBR,TUR,19,20091228,7
GBR,TUR,12,20110727,2
GBR,TUR,08,20110608,10
GBR,TUR,04,20070522,1
GBR,TUR,04,20061116,8
GBR,TUR,11,20031115,9
GBR,TUR,01,20000820,1
GHA,TUR,05,20111217,5
GRC,TUR,03,20111129,25
GRC,TUR,11,20000831,2
GRC,TUR,04,20090403,2
GRC,TUR,19,20061116,8
GRC,TUR,01,20111024,1
GRC,TUR,01,20141021,4
GRC,TUR,05,20040427,3
GRC,TUR,04,20040912,6
GRC,TUR,04,20131118,3
GRC,TUR,04,20130720,12
GRC,TUR,19,20140306,3
GRC,TUR,05,20040217,8
GRC,TUR,03,20021212,1
GRC,TUR,04,20080415,12
GRC,TUR,19,20090113,9
GRC,TUR,10,20020628,7
GRC,TUR,01,20090312,2
GRC,TUR,04,20140723,2
GRC,TUR,04,20130316,4
GRC,TUR,01,20150104,4
GRC,TUR,11,20091112,1
GRC,TUR,01,20031114,5
GRC,TUR,19,20140212,2
GRC,TUR,04,20110403,76
HUN,TUR,05,20090806,12
IRL,TUR,19,20131119,4
IRL,TUR,19,20110825,1
IRL,TUR,16,20061211,1
IRN,TUR,11,20121004,8
IRN,TUR,04,20131018,10
IRN,TUR,19,20031121,2
IRN,TUR,02,20101018,3
IRN,TUR,19,20030826,4
IRN,TUR,12,20141202,8
IRN,TUR,04,20100524,6
IRN,TUR,05,20080320,3
IRN,TUR,16,20070328,1
IRN,TUR,04,20110820,2
IRN,TUR,04,20100104,4
IRN,TUR,04,20091026,3
IRN,TUR,03,20101219,5
IRN,TUR,04,20130104,10
IRN,TUR,04,20090913,14
IRN,TUR,19,20080417,18
IRN,TUR,06,20140110,40
IRN,TUR,03,20060612,5
IRN,TUR,11,20121225,1
IRN,TUR,06,20050205,3
IRN,TUR,04,20060214,2
IRN,TUR,05,20140609,26
IRN,TUR,01,20121121,2
IRN,TUR,13,20140811,36
IRN,TUR,03,20030224,6
IRN,TUR,19,20071223,4
IRN,TUR,06,20100422,1
IRN,TUR,05,20010228,1
IRN,TUR,04,20091111,4
IRN,TUR,05,20090615,16
IRN,TUR,04,20120121,1
IRN,TUR,04,20021015,5
IRN,TUR,03,20121116,2
IRN,TUR,16,20040619,2
IRN,TUR,02,20091027,3
IRN,TUR,12,20050719,6
IRN,TUR,01,20111021,3
IRN,TUR,01,20100120,2
IRN,TUR,06,20131207,2
IRQ,TUR,15,20030526,9
IRQ,TUR,05,20131121,14
IRQ,TUR,06,20130903,6
IRQ,TUR,17,20010701,6
IRQ,TUR,05,20010528,3
IRQ,TUR,17,20141113,6
IRQ,TUR,04,20090504,5
IRQ,TUR,13,20030228,2
IRQ,TUR,04,20090111,10
IRQ,TUR,05,20140107,4
IRQ,TUR,02,20110105,9
IRQ,TUR,04,20090219,2
IRQ,TUR,10,20120721,2
IRQ,TUR,02,20141114,1
IRQ,TUR,04,20041230,1
IRQ,TUR,06,20040118,7
IRQ,TUR,01,20080228,3
IRQ,TUR,11,20100326,8
IRQ,TUR,04,20100606,8
IRQ,TUR,18,20031014,1
IRQ,TUR,04,20110329,2
IRQ,TUR,08,20081025,5
IRQ,TUR,06,20121107,3
IRQ,TUR,06,20140520,14
IRQ,TUR,04,20081223,1
IRQ,TUR,04,20121204,2
IRQ,TUR,02,20131204,1
IRQ,TUR,04,20001025,2
IRQ,TUR,06,20130722,10
IRQ,TUR,19,20071226,2
IRQ,TUR,19,20140821,8
IRQ,TUR,13,20031225,9
IRQ,TUR,04,20090215,5
IRQ,TUR,04,20110317,6
IRQ,TUR,10,20110829,27
IRQ,TUR,08,20110911,2
IRQ,TUR,18,20040627,2
IRQ,TUR,16,20061214,1
IRQ,TUR,12,20031002,2
IRQ,TUR,11,20080226,2
IRQ,TUR,19,20020301,7
IRQ,TUR,19,20080228,2
IRQ,TUR,19,20071017,12
IRQ,TUR,11,20110824,4
IRQ,TUR,04,20041230,7
IRQ,TUR,05,20121016,1
ISR,TUR,15,20120517,6
ISR,TUR,05,20060607,7
ISR,TUR,04,20100307,2
ISR,TUR,04,20040525,1
ISR,TUR,01,20130106,7
ISR,TUR,03,20030513,2
ISR,TUR,19,20110907,2
ISR,TUR,19,20100606,7
ISR,TUR,05,20150118,4
ISR,TUR,09,20111113,7
ISR,TUR,19,20100629,4
ISR,TUR,11,20090131,4
ISR,TUR,05,20140716,2
ISR,TUR,04,20091030,1
ISR,TUR,19,20120528,2
ISR,TUR,06,20090407,4
ISR,TUR,01,20080820,1
ISR,TUR,04,20110706,24
ISR,TUR,19,20120727,2
ISR,TUR,04,20080505,1
ISR,TUR,16,20100821,2
ISR,TUR,11,20121119,6
ISR,TUR,04,20140725,6
ISR,TUR,06,20140718,4
ISR,TUR,19,20140515,3
ISR,TUR,04,20010302,2
ISR,TUR,04,20140128,1
ISR,TUR,01,20110317,2
ISR,TUR,19,20140417,18
ISR,TUR,19,20111112,91
ITA,TUR,02,20110116,4
ITA,TUR,05,20050530,8
ITA,TUR,04,20121112,4
ITA,TUR,03,20110825,4
ITA,TUR,04,20000523,16
ITA,TUR,04,20130328,2
ITA,TUR,10,20000810,6
ITA,TUR,04,20110621,1
ITA,TUR,16,20140806,1
JAM,TUR,04,20131126,20
JOR,TUR,06,20091109,1
JOR,TUR,04,20131227,5
JOR,TUR,04,20140912,24
JOR,TUR,03,20040614,2
JOR,TUR,04,20120925,12
JOR,TUR,04,20140915,48
JOR,TUR,01,20140910,6
JOR,TUR,03,20141018,8
JOR,TUR,04,20070722,2
JPN,TUR,04,20100104,9
JPN,TUR,05,20110908,16
KAZ,TUR,04,20100916,7
KAZ,TUR,03,20110519,4
KAZ,TUR,02,20130307,4
KAZ,TUR,05,20100211,8
KEN,TUR,05,20090221,2
KGZ,TUR,10,20070510,2
KGZ,TUR,03,20031019,5
KGZ,TUR,04,20130617,4
KNA,TUR,17,20080516,5
KOR,TUR,06,20131106,6
KOR,TUR,04,20030728,1
KWT,TUR,04,20141026,10
LBN,TUR,16,20120526,9
LBN,TUR,04,20110306,2
LBN,TUR,01,20120825,4
LBN,TUR,03,20140501,5
LBY,TUR,08,20110827,5
LBY,TUR,04,20110715,28
LBY,TUR,03,20120107,8
LCA,TUR,04,20130701,20
LUX,TUR,04,20000223,1
MCO,TUR,17,20110409,2
MEX,TUR,05,20100813,15
MKD,TUR,04,20071019,1
MLT,TUR,04,20140516,4
MNG,TUR,04,20050715,4
MRT,TUR,04,20100123,2
MYS,TUR,10,20070228,1
MYS,TUR,04,20131118,4
MYS,TUR,05,20120402,1
NLD,TUR,11,20110629,1
NLD,TUR,04,20120112,9
NLD,TUR,05,20041003,1
NZL,TUR,06,20140109,2
PAK,TUR,04,20140211,2
PAK,TUR,05,20140220,1
PAK,TUR,19,20091110,8
PAK,TUR,03,20040130,1
PAK,TUR,03,20100422,6
PAK,TUR,03,20111101,4
PAK,TUR,03,20100712,7
PAK,TUR,04,20091014,8
PAK,TUR,03,20111024,2
PAK,TUR,01,20100120,1
PAN,TUR,03,20110427,9
PGS,TUR,04,20140911,8
POL,TUR,06,20051011,1
PRT,TUR,04,20110413,1
PRT,TUR,04,20030915,1
PRT,TUR,04,20060113,6
PRT,TUR,05,20140910,3
PSE,TUR,04,20140714,1
PSE,TUR,04,20100822,32
PSE,TUR,02,20140728,2
PSE,TUR,04,20111019,13
PSE,TUR,01,20140812,5
PSE,TUR,10,20140719,6
PSE,TUR,19,20130330,4
PSE,TUR,02,20090422,2
PSE,TUR,04,20100603,8
PSE,TUR,04,20060105,5
QAT,TUR,01,20150126,8
QAT,TUR,05,20100510,6
QAT,TUR,05,20140828,2
QAT,TUR,04,20100509,6
RUS,TUR,04,20110715,3
RUS,TUR,04,20080104,1
RUS,TUR,11,20140422,4
RUS,TUR,01,20140418,4
RUS,TUR,11,20121203,5
RUS,TUR,11,20121010,1
RUS,TUR,04,20150210,3
RUS,TUR,03,20100420,5
RUS,TUR,04,20120620,4
RUS,TUR,03,20130212,2
RUS,TUR,19,20010819,1
RUS,TUR,07,20120617,3
RUS,TUR,05,20130306,2
RUS,TUR,04,20090806,11
RUS,TUR,05,20141226,2
RUS,TUR,19,20010422,5
RUS,TUR,06,20141006,3
RUS,TUR,04,20121202,3
RUS,TUR,05,20010621,2
RUS,TUR,04,20040310,1
RUS,TUR,05,20110404,4
RUS,TUR,05,20040225,7
RUS,TUR,01,20120712,3
RUS,TUR,03,20011102,4
RUS,TUR,05,20090905,9
RUS,TUR,11,20080907,1
RUS,TUR,05,20100824,2
SAU,TUR,04,20110318,1
SAU,TUR,03,20080214,5
SAU,TUR,04,20140417,2
SAU,TUR,04,20130821,6
SAU,TUR,04,20101102,1
SAU,TUR,04,20120612,63
SAU,TUR,01,20051029,2
SAU,TUR,19,20141212,4
SAU,TUR,04,20130321,450
SAU,TUR,04,20010619,9
SAU,TUR,04,20140707,4
SAU,TUR,03,20071028,6
SDN,TUR,05,20021114,2
SDN,TUR,05,20070115,1
SEA,TUR,04,20060211,2
SEA,TUR,03,20141006,18
SGP,TUR,04,20140528,2
SOM,TUR,01,20111228,3
SOM,TUR,04,20110821,1
SOM,TUR,11,20130729,8
SOM,TUR,02,20140611,8
SOM,TUR,04,20131206,8
SRB,TUR,07,20091101,2
SRB,TUR,04,20081108,6
SVK,TUR,04,20031215,4
SWE,TUR,01,20090624,18
SYR,TUR,04,20120316,38
SYR,TUR,04,20131218,12
SYR,TUR,01,20120505,2
SYR,TUR,08,20140317,8
SYR,TUR,04,20090916,16
SYR,TUR,04,20120726,9
SYR,TUR,19,20140921,42
SYR,TUR,04,20130627,3
SYR,TUR,03,20090105,4
SYR,TUR,04,20080308,10
SYR,TUR,07,20140811,2
SYR,TUR,19,20140828,4
SYR,TUR,04,20130902,4
SYR,TUR,03,20120328,245
SYR,TUR,19,20121023,20
SYR,TUR,01,20140319,5
SYR,TUR,03,20130905,8
SYR,TUR,04,20120808,16
SYR,TUR,04,20130104,1
SYR,TUR,04,20130329,44
SYR,TUR,04,20080901,1
SYR,TUR,06,20121111,2
SYR,TUR,11,20130917,151
SYR,TUR,17,20110822,4
SYR,TUR,11,20131109,2
SYR,TUR,02,20110807,9
SYR,TUR,04,20080519,2
SYR,TUR,19,20130201,6
SYR,TUR,05,20080119,4
SYR,TUR,08,20140106,10
SYR,TUR,15,20141115,2
SYR,TUR,11,20120809,8
SYR,TUR,03,20110116,5
SYR,TUR,11,20120625,2
SYR,TUR,05,20091206,6
SYR,TUR,04,20080825,10
SYR,TUR,08,20130828,5
SYR,TUR,08,20120312,6
SYR,TUR,11,20120808,4
SYR,TUR,17,20121128,32
SYR,TUR,02,20110615,49
SYR,TUR,12,20140824,27
SYR,TUR,05,20120410,2
SYR,TUR,14,20120924,1
SYR,TUR,11,20141030,16
SYR,TUR,04,20130618,16
SYR,TUR,04,20140918,2
SYR,TUR,11,20091019,2
SYR,TUR,04,20130806,1
SYR,TUR,04,20140117,8
SYR,TUR,19,20120208,5
SYR,TUR,04,20130908,14
SYR,TUR,19,20141201,4
SYR,TUR,03,20141120,28
SYR,TUR,19,20120702,1
SYR,TUR,03,20121013,3
SYR,TUR,19,20111215,2
THA,TUR,03,20130703,1
TKM,TUR,02,20120823,2
TKM,TUR,04,20001018,3
TKM,TUR,04,20090104,1
TKM,TUR,03,20090521,1
TKM,TUR,04,20120229,6
TUN,TUR,10,20120308,30
TUN,TUR,04,20140207,8
TUR,TUR,01,20110426,4
TUR,TUR,17,20060809,5
TUR,TUR,11,20070614,5
TUR,TUR,03,20110122,42
TUR,TUR,02,20100305,7
TUR,TUR,06,20130617,3
TUR,TUR,04,20081218,2
TUR,TUR,01,20150218,7
TUR,TUR,19,20090908,8
TUR,TUR,01,20110123,7
TUR,TUR,09,20140716,7
TUR,TUR,17,20120916,2
TUR,TUR,19,20141227,8
TUR,TUR,03,20090424,3
TUR,TUR,08,20100127,2
TUR,TUR,04,20140801,2
TUR,TUR,01,20070819,2
TUR,TUR,05,20140311,2
TUR,TUR,13,20111020,19
TUR,TUR,05,20121002,6
TUR,TUR,14,20010413,9
TUR,TUR,01,20041208,1
TUR,TUR,01,20100217,1
TUR,TUR,17,20041230,9
TUR,TUR,17,20000711,2
TUR,TUR,05,20141123,4
TUR,TUR,04,20060212,2
TUR,TUR,02,20110926,10
TUR,TUR,01,20150121,20
TUR,TUR,04,20091219,1
TUR,TUR,01,20120121,2
TUR,TUR,03,20141020,16
TUR,TUR,02,20141006,2
TUR,TUR,04,20140329,8
TUR,TUR,04,20100117,16
TUR,TUR,19,20131225,4
TUR,TUR,06,20120711,4
TUR,TUR,09,20140612,1
TUR,TUR,10,20081105,4
TUR,TUR,19,20120213,10
TUR,TUR,08,20130501,2
TUR,TUR,13,20130207,1
TUR,TUR,01,20110516,7
TUR,TUR,01,20040309,7
TUR,TUR,12,20141024,2
TUR,TUR,04,20040123,1
TUR,TUR,11,20070212,4
TUR,TUR,04,20040513,6
TUR,TUR,01,20130131,2
TUR,TUR,04,20070905,12
TUR,TUR,09,20010524,2
TUR,TUR,04,20081006,2
TUR,TUR,04,20121017,4
TUR,TUR,13,20140811,3
TUR,TUR,11,20120120,4
TUR,TUR,04,20091109,8
TUR,TUR,18,20090329,1
TUR,TUR,01,20100920,6
TUR,TUR,04,20041014,5
TUR,TUR,10,20001023,2
TUR,TUR,04,20030911,2
TUR,TUR,12,20080110,6
TUR,TUR,01,20070507,13
TUR,TUR,01,20010927,2
TUR,TUR,07,20111021,9
TUR,TUR,11,20140902,10
TUR,TUR,17,20140611,15
TUR,TUR,05,20130408,4
TUR,TUR,18,20130910,10
TUR,TUR,09,20140710,4
TUR,TUR,04,20100103,4
TUR,TUR,05,20121019,2
TUR,TUR,16,20140311,6
TUR,TUR,04,20120513,40
TUR,TUR,10,20120304,2
TUR,TUR,03,20100915,4
TUR,TUR,12,20141013,9
TUR,TUR,04,20140814,12
TUR,TUR,04,20130214,3
TUR,TUR,17,20070313,4
TUR,TUR,02,20120601,7
TUR,TUR,11,20090914,6
TUR,TUR,12,20141022,1
TUR,TUR,10,20140410,4
TUR,TUR,12,20140215,10
TUR,TUR,16,20111027,3
TUR,TUR,17,20130611,2
TUR,TUR,09,20000504,8
TUR,TUR,07,20140325,4
TUR,TUR,03,20090402,2
TUR,TUR,04,20140212,27
TUR,TUR,11,20140801,1
TUR,TUR,12,20040723,2
TUR,TUR,02,20091025,8
TUR,TUR,05,20000904,5
TUR,TUR,18,20111004,4
TUR,TUR,18,20120812,4
TUR,TUR,05,20120511,19
TUR,TUR,19,20070623,35
TUR,TUR,09,20011230,1
TUR,TUR,05,20140223,6
TUR,TUR,17,20121213,6
TUR,TUR,04,20090612,6
TUR,TUR,04,20050418,3
TUR,TUR,04,20020723,8
TUR,TUR,05,20060111,1
TUR,TUR,01,20120429,3
TUR,TUR,07,20071029,2
TUR,TUR,17,20100611,20
TUR,TUR,17,20090413,10
TUR,TUR,17,20071231,9
TUR,TUR,11,20120101,10
TUR,TUR,01,20130924,3
TUR,TUR,19,20050919,1
TUR,TUR,18,20031014,2
TUR,TUR,19,20090519,1
TUR,TUR,17,20121121,1
TUR,TUR,03,20031101,9
TUR,TUR,09,20121009,2
TUR,TUR,09,20010323,3
TUR,TUR,03,20111014,3
TUR,TUR,17,20141105,2
TUR,TUR,13,20100620,1
TUR,TUR,11,20041229,2
TUR,TUR,19,20130317,4
TUR,TUR,08,20101221,2
TUR,TUR,01,20100125,12
TUR,TUR,02,20110610,21
TUR,TUR,03,20130225,10
UGA,TUR,05,20000901,21
UKR,TUR,03,20140515,2
UKR,TUR,05,20140918,10
UKR,TUR,04,20120605,3
UKR,TUR,03,20120701,6
UKR,TUR,04,20040402,12
UKR,TUR,04,20040629,11
UKR,TUR,05,20080627,1
UKR,TUR,03,20071012,1
USA,TUR,19,20140411,10
USA,TUR,05,20090217,13
USA,TUR,03,20101111,2
USA,TUR,03,20020116,1
USA,TUR,16,20091015,6
USA,TUR,03,20090825,7
USA,TUR,02,20091019,5
USA,TUR,19,20100803,2
USA,TUR,11,20130303,4
USA,TUR,02,20070412,10
USA,TUR,01,20010930,5
USA,TUR,04,20141126,8
USA,TUR,02,20140521,4
USA,TUR,02,20140114,1
USA,TUR,11,20121017,2
USA,TUR,19,20131105,2
USA,TUR,08,20071105,5
USA,TUR,06,20090930,4
USA,TUR,01,20091011,1
USA,TUR,03,20091027,1
USA,TUR,06,20120121,1
USA,TUR,04,20121003,18
USA,TUR,05,20091030,5
USA,TUR,01,20110327,9
USA,TUR,05,20110415,1
USA,TUR,07,20110417,3
USA,TUR,11,20110805,4
USA,TUR,03,20111128,6
USA,TUR,04,20110818,430
USA,TUR,03,20140731,3
USA,TUR,11,20071018,18
USA,TUR,08,20121203,2
USA,TUR,04,20121212,16
USA,TUR,01,20140429,3
USA,TUR,10,20140408,1
USA,TUR,05,20000221,5
USA,TUR,03,20120413,4
USA,TUR,07,20070806,16
USA,TUR,19,20040702,1
USA,TUR,05,20090618,3
USA,TUR,04,20101220,2
USA,TUR,01,20131229,7
USA,TUR,04,20130702,2
USA,TUR,13,20030323,5
USA,TUR,05,20110915,1
USA,TUR,01,20071223,1
USA,TUR,07,20141012,6
USA,TUR,11,20111022,9
USA,TUR,13,20131126,10
USA,TUR,07,20110906,54
USA,TUR,06,20101212,1
USA,TUR,04,20061212,6
USA,TUR,04,20030714,1
USA,TUR,04,20000904,9
USA,TUR,01,20090916,8
USA,TUR,19,20140916,3
USA,TUR,03,20010619,3
USA,TUR,19,20130116,1
USA,TUR,04,20091209,3
USA,TUR,04,20030106,5
USA,TUR,02,20120915,8
USA,TUR,03,20110707,1
USA,TUR,04,20141103,6
USA,TUR,04,20021227,5
USA,TUR,03,20110526,10
USA,TUR,04,20100703,9
USA,TUR,03,20110719,1
USA,TUR,07,20110409,4
USA,TUR,11,20120828,2
USA,TUR,12,20100126,9
USA,TUR,07,20140421,8
USA,TUR,06,20071022,5
USA,TUR,01,20090417,9
USA,TUR,06,20101127,2
USA,TUR,04,20020131,4
USA,TUR,17,20110730,7
USA,TUR,16,20130906,40
USA,TUR,19,20141008,6
USA,TUR,05,20121129,2
USA,TUR,17,20140613,2
USA,TUR,12,20141112,1
USA,TUR,03,20110210,6
USA,TUR,05,20030308,10
UZB,TUR,04,20011105,4
VNM,TUR,04,20050620,2
WST,TUR,04,20040629,9
WST,TUR,05,20071012,1
WST,TUR,01,20031202,1
WST,TUR,06,20101008,10
WST,TUR,08,20120616,5
WST,TUR,03,20040127,9
WST,TUR,01,20121107,9
WST,TUR,01,20090404,23
WST,TUR,06,20101015,10
WST,TUR,05,20090104,7
YEM,TUR,03,20080226,4
ZAF,TUR,11,20120703,6
AUS,TUV,04,20130827,4
CHN,TUV,12,20091211,15
SLB,TUV,03,20120916,4
TUV,TUV,04,20060701,4
CAN,TWN,04,20140424,5
CHN,TWN,06,20130330,10
CHN,TWN,06,20140401,20
CHN,TWN,02,20141201,114
CHN,TWN,03,20140111,4
CHN,TWN,11,20141231,2
CHN,TWN,03,20140226,20
CHN,TWN,04,20140711,4
CHN,TWN,14,20140516,9
CHN,TWN,04,20140218,30
CHN,TWN,05,20140330,1
CHN,TWN,04,20141216,28
CHN,TWN,01,20140616,6
CHN,TWN,08,20131212,8
CHN,TWN,04,20141020,10
CHN,TWN,14,20140330,16
GBR,TWN,04,20141018,10
GMB,TWN,13,20131115,78
JPN,TWN,17,20140606,5
JPN,TWN,05,20140925,4
JPN,TWN,05,20131104,8
KOR,TWN,02,20140918,4
KOR,TWN,12,20131102,2
NZL,TWN,06,20140127,2
PHL,TWN,04,20131129,12
RUS,TWN,11,20131107,10
TWN,TWN,19,20130601,2
TWN,TWN,14,20141125,1
TWN,TWN,05,20130913,4
TWN,TWN,01,20140115,6
TWN,TWN,04,20150212,6
TWN,TWN,17,20131127,6
TWN,TWN,04,20140521,2
TWN,TWN,11,20140610,6
TWN,TWN,01,20131124,4
USA,TWN,09,20140208,2
USA,TWN,19,20100723,15
USA,TWN,05,20140218,1
USA,TWN,05,20131101,1
AFR,TZA,04,20141213,1
AFR,TZA,05,20040304,7
AFR,TZA,04,20131105,16
AFR,TZA,19,20111214,4
AFR,TZA,04,20040302,2
AFR,TZA,04,20110617,5
AFR,TZA,03,20130703,4
AFR,TZA,01,20090218,3
AFR,TZA,04,20020810,2
AFR,TZA,04,20141117,4
AGO,TZA,04,20141205,4
AGO,TZA,04,20030209,1
BDI,TZA,04,20040817,2
BDI,TZA,04,20090904,10
BDI,TZA,04,20020214,12
BDI,TZA,18,20010212,9
BDI,TZA,04,20021114,7
BRA,TZA,03,20110525,5
CAN,TZA,04,20111205,3
CAN,TZA,01,20140422,1
CHN,TZA,04,20120530,6
DEU,TZA,02,20150205,2
ETH,TZA,04,20141023,1
EUR,TZA,07,20060121,9
FIN,TZA,04,20101207,7
FRA,TZA,04,20081103,1
GBR,TZA,04,20130809,10
GBR,TZA,01,20070512,6
GBR,TZA,04,20030625,1
JPN,TZA,04,20130602,2
KEN,TZA,04,20011123,1
KEN,TZA,05,20150121,4
KEN,TZA,04,20000719,7
KEN,TZA,11,20010115,7
KEN,TZA,04,20050323,3
KEN,TZA,04,20001111,2
KEN,TZA,17,20040415,2
KEN,TZA,04,20090806,1
KEN,TZA,03,20090428,4
KEN,TZA,05,20111223,1
KEN,TZA,05,20010225,1
KEN,TZA,04,20090309,12
KEN,TZA,08,20140616,2
MWI,TZA,01,20120818,16
NGA,TZA,03,20100917,6
PAK,TZA,19,20040729,4
RWA,TZA,04,20080217,1
RWA,TZA,04,20131115,9
RWA,TZA,10,20130829,2
RWA,TZA,05,20080217,1
SDN,TZA,10,20100519,1
SLE,TZA,05,20040708,6
SOM,TZA,02,20130629,2
SOM,TZA,10,20110810,7
TUR,TZA,04,20090221,6
TZA,TZA,17,20140724,1
TZA,TZA,19,20030209,9
TZA,TZA,09,20101019,1
TZA,TZA,04,20061103,2
TZA,TZA,04,20000622,3
TZA,TZA,07,20140223,2
TZA,TZA,03,20120821,2
TZA,TZA,19,20060530,4
TZA,TZA,01,20051015,1
TZA,TZA,05,20120820,2
TZA,TZA,04,20010623,4
TZA,TZA,01,20120713,1
TZA,TZA,01,20101018,9
TZA,TZA,05,20070526,10
TZA,TZA,15,20000224,6
TZA,TZA,04,20130730,4
TZA,TZA,01,20140322,2
TZA,TZA,01,20000107,3
UGA,TZA,06,20090706,12
UGA,TZA,03,20050825,5
UGA,TZA,03,20031218,7
UGA,TZA,04,20031012,2
UGA,TZA,02,20141015,8
UGA,TZA,04,20010519,1
UGA,TZA,04,20011029,11
USA,TZA,01,20090610,6
USA,TZA,03,20020717,6
USA,TZA,01,20120723,1
USA,TZA,04,20131228,2
USA,TZA,11,20091123,6
USA,TZA,07,20050103,7
USA,TZA,19,20000925,4
USA,TZA,19,20090323,5
USA,TZA,05,20070425,9
USA,TZA,01,20090601,2
USA,TZA,01,20101227,2
ZAF,TZA,02,20140829,2
ZMB,TZA,02,20080630,6
ZMB,TZA,04,20111123,9
AFR,UGA,07,20110130,5
AFR,UGA,16,20140402,4
AFR,UGA,04,20100922,5
AFR,UGA,02,20060704,4
AFR,UGA,04,20081101,9
AFR,UGA,01,20031010,2
AFR,UGA,01,20080827,2
AFR,UGA,04,20130829,8
AFR,UGA,12,20090324,9
AUS,UGA,19,20131126,4
AUS,UGA,08,20150218,2
AUS,UGA,04,20050719,1
BDI,UGA,11,20130614,2
BDI,UGA,04,20011111,1
BDI,UGA,19,20011014,7
CAF,UGA,18,20150112,4
CAN,UGA,04,20120326,4
CHN,UGA,04,20111130,2
CHN,UGA,06,20090909,5
CHN,UGA,03,20150112,3
COD,UGA,04,20031017,3
COD,UGA,01,20131210,20
COD,UGA,04,20000108,7
COD,UGA,19,20050709,4
COD,UGA,03,20000518,2
COD,UGA,19,20000111,2
COD,UGA,15,20121205,5
COD,UGA,04,20010605,2
COD,UGA,04,20090309,2
COD,UGA,04,20030228,7
COD,UGA,04,20070327,6
COG,UGA,03,20130318,88
COG,UGA,05,20100113,1
COG,UGA,04,20110726,3
COG,UGA,19,20131104,8
COG,UGA,04,20001130,2
DEU,UGA,05,20040627,1
DJI,UGA,19,20060104,2
DJI,UGA,04,20060821,1
EGY,UGA,10,20050429,2
EGY,UGA,04,20001010,1
ERI,UGA,04,20000307,2
ESP,UGA,07,20111016,1
ETH,UGA,05,20020527,6
ETH,UGA,02,20140926,2
ETH,UGA,05,20020913,8
ETH,UGA,04,20131227,2
ETH,UGA,04,20090524,8
ETH,UGA,01,20120724,1
GBR,UGA,05,20050704,2
GBR,UGA,11,20050602,1
GBR,UGA,11,20040609,1
GBR,UGA,07,20090826,2
GBR,UGA,05,20010216,14
GBR,UGA,01,20150127,4
GBR,UGA,02,20020320,2
GBR,UGA,16,20090210,5
GBR,UGA,03,20100919,1
GHA,UGA,04,20120518,1
GUY,UGA,04,20000331,4
IND,UGA,11,20140122,2
IND,UGA,11,20030215,1
IRL,UGA,03,20011016,2
IRN,UGA,02,20050121,2
IRN,UGA,02,20100430,7
ISR,UGA,04,20111130,1
ISR,UGA,04,20020331,2
ISR,UGA,05,20090910,2
ISR,UGA,06,20130830,32
JPN,UGA,09,20121010,1
KEN,UGA,06,20060602,5
KEN,UGA,04,20021104,7
KEN,UGA,09,20041102,1
KEN,UGA,06,20140718,132
KEN,UGA,17,20050209,1
KEN,UGA,04,20121206,2
KEN,UGA,01,20140310,1
KEN,UGA,12,20090811,8
KEN,UGA,03,20090418,16
KEN,UGA,02,20090122,2
KEN,UGA,07,20140520,3
KEN,UGA,11,20090605,12
KEN,UGA,04,20101201,16
MOZ,UGA,04,20080609,7
MRT,UGA,04,20110314,1
NLD,UGA,01,20081123,2
NOR,UGA,03,20140301,2
PAK,UGA,04,20071123,6
RWA,UGA,04,20030828,3
RWA,UGA,05,20060605,6
RWA,UGA,19,20140405,2
RWA,UGA,04,20020828,8
RWA,UGA,02,20050620,1
RWA,UGA,08,20030402,5
RWA,UGA,01,20040331,6
RWA,UGA,04,20131121,1
RWA,UGA,19,20050623,2
RWA,UGA,07,20110906,1
SDN,UGA,04,20051020,4
SDN,UGA,04,20080617,4
SDN,UGA,08,20090904,2
SDN,UGA,04,20030410,7
SDN,UGA,03,20000127,1
SDN,UGA,18,20120803,3
SDN,UGA,19,20030612,6
SDN,UGA,08,20040709,10
SDN,UGA,18,20020225,3
SDN,UGA,04,20080110,3
SOM,UGA,04,20110126,5
SOM,UGA,04,20110127,6
SOM,UGA,07,20130801,3
SOM,UGA,04,20140214,3
SOM,UGA,04,20040213,1
SOM,UGA,04,20041104,1
SOM,UGA,04,20050306,8
SOM,UGA,06,20070306,4
SSD,UGA,08,20140116,16
SSD,UGA,08,20140921,2
SYR,UGA,04,20130508,6
TZA,UGA,01,20090930,1
TZA,UGA,03,20101126,1
TZA,UGA,04,20140917,4
TZA,UGA,01,20111213,1
TZA,UGA,05,20120528,8
TZA,UGA,05,20110914,9
TZA,UGA,17,20100705,1
TZA,UGA,05,20100517,4
TZA,UGA,03,20030321,4
TZA,UGA,05,20140204,1
UGA,UGA,01,20020620,9
UGA,UGA,19,20100204,3
UGA,UGA,02,20030818,4
UGA,UGA,09,20121008,2
UGA,UGA,05,20131114,100
UGA,UGA,04,20080905,5
UGA,UGA,01,20060913,2
UGA,UGA,05,20091217,2
UGA,UGA,01,20021231,11
UGA,UGA,11,20071123,2
UGA,UGA,13,20051106,4
UGA,UGA,02,20120312,6
UGA,UGA,04,20131115,45
UGA,UGA,08,20110221,4
UGA,UGA,04,20020911,3
UGA,UGA,10,20020325,2
UGA,UGA,04,20041105,6
UGA,UGA,19,20090918,5
UGA,UGA,02,20070622,2
UGA,UGA,04,20090422,5
UGA,UGA,18,20130914,9
UGA,UGA,05,20100928,2
UGA,UGA,19,20090909,2
UGA,UGA,02,20140213,1
UGA,UGA,05,20060513,5
UGA,UGA,15,20030311,4
UGA,UGA,11,20101223,2
UGA,UGA,07,20140724,2
UGA,UGA,05,20150125,3
UGA,UGA,05,20120206,3
UGA,UGA,12,20140813,15
UGA,UGA,11,20030529,1
UGA,UGA,04,20070611,2
UGA,UGA,10,20050425,3
UGA,UGA,10,20040202,7
UGA,UGA,14,20070417,1
UGA,UGA,04,20030626,1
UGA,UGA,05,20080219,3
UGA,UGA,04,20150103,4
UGA,UGA,02,20061013,4
UGA,UGA,01,20110219,2
UGA,UGA,02,20101216,9
UGA,UGA,03,20000323,9
UGA,UGA,17,20020814,2
UGA,UGA,02,20010125,7
UGA,UGA,01,20000523,2
UGA,UGA,06,20130513,2
UGA,UGA,01,20000322,5
UGA,UGA,19,20020223,1
UGA,UGA,11,20111101,7
UGA,UGA,01,20000420,8
UGA,UGA,01,20140801,46
UGA,UGA,01,20110110,1
UGA,UGA,13,20050306,2
UGA,UGA,01,20120503,9
UGA,UGA,04,20011030,2
UGA,UGA,09,20010816,5
UGA,UGA,13,20131231,3
UGA,UGA,01,20000918,2
UGA,UGA,01,20080108,2
UGA,UGA,11,20140206,4
UGA,UGA,19,20130811,4
UGA,UGA,04,20120807,8
UGA,UGA,19,20110711,4
UGA,UGA,04,20090413,2
UGA,UGA,01,20090715,4
UGA,UGA,14,20110430,18
UGA,UGA,03,20000610,4
UGA,UGA,11,20100214,1
UGA,UGA,16,20120620,5
UGA,UGA,05,20140222,2
UGA,UGA,13,20150202,1
UGA,UGA,04,20121127,4
UGA,UGA,19,20031015,4
UGA,UGA,05,20090609,3
UGA,UGA,11,20090806,3
USA,UGA,04,20020603,2
USA,UGA,04,20030325,2
USA,UGA,04,20130916,2
USA,UGA,02,20131010,6
USA,UGA,02,20031103,6
USA,UGA,02,20091222,8
USA,UGA,07,20111014,8
USA,UGA,09,20070821,4
USA,UGA,07,20140903,2
USA,UGA,04,20100829,2
USA,UGA,04,20140703,2
USA,UGA,07,20140323,6
USA,UGA,04,20120308,30
USA,UGA,07,20120217,38
ZAF,UGA,04,20120302,3
ZMB,UGA,05,20091023,12
ZWE,UGA,11,20000119,1
ZWE,UGA,05,20110802,1
AFG,UKR,08,20140629,8
ARM,UKR,04,20121017,6
ARM,UKR,03,20040512,10
ARM,UKR,05,20140627,2
AUT,UKR,13,20140325,2
AUT,UKR,07,20140728,1
AUT,UKR,02,20140616,3
AZE,UKR,01,20050926,5
AZE,UKR,04,20001009,12
AZE,UKR,04,20120405,7
AZE,UKR,05,20130507,8
AZE,UKR,05,20020829,2
AZE,UKR,04,20080812,9
AZE,UKR,04,20100719,7
BEL,UKR,04,20090311,5
BEL,UKR,01,20140601,10
BEL,UKR,03,20120924,2
BEL,UKR,05,20111021,5
BEL,UKR,04,20140327,10
BGD,UKR,04,20110817,1
BGR,UKR,02,20030602,8
BGR,UKR,01,20010130,5
BLR,UKR,05,20090311,1
BLR,UKR,04,20141109,12
BLR,UKR,01,20140505,12
BLR,UKR,04,20030624,7
BLR,UKR,17,20140317,4
BLR,UKR,01,20121213,5
BLR,UKR,01,20140323,6
BLR,UKR,11,20101108,5
BLR,UKR,02,20100717,1
BLR,UKR,14,20131215,1
BLR,UKR,03,20140918,10
BLR,UKR,06,20030725,1
BLR,UKR,04,20140827,23
BRA,UKR,03,20130801,2
CAN,UKR,03,20040625,2
CAN,UKR,04,20140817,10
CAN,UKR,09,20140423,44
CAN,UKR,15,20140228,18
CAN,UKR,06,20130716,3
CAN,UKR,05,20140812,8
CHE,UKR,04,20050129,2
CHE,UKR,05,20080417,12
CHN,UKR,04,20130926,29
CHN,UKR,01,20021119,6
CHN,UKR,05,20130115,8
CHN,UKR,05,20090904,1
CHN,UKR,04,20121210,8
CHN,UKR,04,20020731,6
CUB,UKR,15,20141112,27
CUB,UKR,19,20140310,2
CZE,UKR,11,20090128,6
DEU,UKR,01,20110910,2
DEU,UKR,01,20010214,2
DEU,UKR,04,20140812,4
DEU,UKR,07,20150106,4
DEU,UKR,02,20101109,4
DEU,UKR,03,20140702,28
DEU,UKR,02,20041126,5
DEU,UKR,04,20140321,20
DEU,UKR,17,20140311,6
DEU,UKR,05,20140519,30
DEU,UKR,04,20140416,7
DEU,UKR,04,20000311,8
DEU,UKR,04,20101003,2
DEU,UKR,04,20150209,9
DOM,UKR,04,20120716,6
ESP,UKR,11,20140309,1
ESP,UKR,14,20140907,10
EUR,UKR,11,20130222,10
EUR,UKR,04,20140418,88
EUR,UKR,16,20140908,5
EUR,UKR,05,20140111,1
EUR,UKR,04,20140930,8
EUR,UKR,04,20080201,5
EUR,UKR,11,20090522,2
EUR,UKR,03,20121125,6
EUR,UKR,04,20140206,1
EUR,UKR,05,20140629,37
EUR,UKR,01,20090106,27
EUR,UKR,08,20131128,13
EUR,UKR,03,20150122,8
EUR,UKR,11,20131216,10
EUR,UKR,10,20120301,4
EUR,UKR,11,20140317,4
EUR,UKR,03,20140414,48
EUR,UKR,05,20141218,16
EUR,UKR,11,20141021,5
EUR,UKR,03,20110927,2
EUR,UKR,08,20131017,3
EUR,UKR,01,20090214,1
EUR,UKR,11,20140205,10
EUR,UKR,05,20130728,4
EUR,UKR,11,20141001,2
EUR,UKR,05,20140531,10
EUR,UKR,01,20140808,1
EUR,UKR,16,20141002,8
EUR,UKR,06,20140305,21
EUR,UKR,09,20140304,20
EUR,UKR,16,20140304,10
EUR,UKR,06,20140721,6
EUR,UKR,04,20140415,56
EUR,UKR,05,20111018,6
EUR,UKR,03,20111017,5
EUR,UKR,01,20111020,5
EUR,UKR,01,20140812,30
EUR,UKR,16,20090101,24
EUR,UKR,01,20130724,3
EUR,UKR,05,20090118,2
EUR,UKR,04,20140523,1
EUR,UKR,06,20131216,1
EUR,UKR,11,20090101,7
FRA,UKR,02,20140320,10
FRA,UKR,11,20141220,10
FRA,UKR,04,20141006,2
FRA,UKR,04,20140701,12
GBR,UKR,05,20140305,9
GBR,UKR,09,20140207,8
GEO,UKR,03,20060521,7
GRC,UKR,19,20140823,6
HUN,UKR,12,20110503,4
HUN,UKR,04,20140701,8
HUN,UKR,05,20060104,9
HUN,UKR,19,20140225,3
HUN,UKR,05,20041210,2
HUN,UKR,05,20140325,3
HUN,UKR,19,20110512,4
IRL,UKR,04,20141112,2
IRL,UKR,04,20131021,2
IRL,UKR,13,20140907,7
IRQ,UKR,10,20070419,1
IRQ,UKR,01,20120102,6
IRQ,UKR,19,20030315,4
ISR,UKR,01,20110312,1
ISR,UKR,03,20010122,5
ISR,UKR,02,20110311,2
ISR,UKR,03,20091130,6
ITA,UKR,06,20120615,6
JPN,UKR,05,20120810,4
JPN,UKR,11,20110312,27
JPN,UKR,04,20130902,10
KAZ,UKR,02,20150126,8
KAZ,UKR,03,20110614,4
KAZ,UKR,11,20100211,6
KAZ,UKR,05,20051013,3
KAZ,UKR,05,20061128,1
KEN,UKR,04,20100927,4
KWT,UKR,19,20150210,8
LBY,UKR,18,20110913,6
LBY,UKR,04,20110904,4
LTU,UKR,18,20140823,32
LTU,UKR,05,20131125,4
LTU,UKR,03,20090925,8
LTU,UKR,04,20140828,2
LTU,UKR,04,20090427,2
LTU,UKR,01,20131210,2
LTU,UKR,03,20140720,3
LVA,UKR,04,20000821,2
MDA,UKR,04,20020530,1
MDA,UKR,18,20080528,12
MDA,UKR,06,20110821,4
MDA,UKR,06,20021121,3
MDA,UKR,03,20110616,2
MDA,UKR,04,20010914,2
MDA,UKR,16,20131128,1
MDA,UKR,04,20100706,6
MDA,UKR,01,20060919,3
MDA,UKR,05,20110422,1
MDA,UKR,01,20140710,5
MKD,UKR,04,20001018,26
MNG,UKR,04,20110627,1
MYS,UKR,14,20140722,5
MYS,UKR,19,20140910,2
MYS,UKR,01,20140717,9
MYS,UKR,11,20140724,1
NGA,UKR,13,20140911,2
NLD,UKR,04,20141126,10
NLD,UKR,04,20140818,8
NOR,UKR,02,20140303,1
NZL,UKR,04,20141113,4
PHL,UKR,17,20121101,8
PHL,UKR,11,20140916,8
POL,UKR,07,20140912,8
POL,UKR,05,20100928,1
POL,UKR,03,20021008,4
POL,UKR,19,20140305,6
POL,UKR,05,20001026,4
POL,UKR,07,20140113,2
POL,UKR,06,20141216,2
POL,UKR,11,20070817,10
POL,UKR,04,20111218,7
POL,UKR,06,20140715,1
POL,UKR,03,20041125,13
POL,UKR,04,20140824,2
POL,UKR,04,20100705,16
POL,UKR,19,20120110,4
PSE,UKR,08,20141106,2
PSE,UKR,04,20011226,2
RUS,UKR,13,20140304,3
RUS,UKR,19,20120214,3
RUS,UKR,03,20111230,5
RUS,UKR,02,20140706,2
RUS,UKR,16,20140319,26
RUS,UKR,09,20141108,8
RUS,UKR,17,20150125,1
RUS,UKR,02,20141216,6
RUS,UKR,19,20140815,51
RUS,UKR,04,20110412,5
RUS,UKR,03,20140926,4
RUS,UKR,03,20140801,15
RUS,UKR,04,20140609,56
RUS,UKR,16,20130223,12
RUS,UKR,10,20141028,1
RUS,UKR,08,20121102,6
RUS,UKR,13,20081224,11
RUS,UKR,04,20031121,1
RUS,UKR,06,20071008,6
RUS,UKR,13,20150120,1
RUS,UKR,12,20140702,3
RUS,UKR,03,20031221,5
RUS,UKR,19,20150127,1
RUS,UKR,10,20140317,6
RUS,UKR,07,20141016,1
RUS,UKR,04,20080823,9
RUS,UKR,17,20140514,6
RUS,UKR,03,20080722,9
RUS,UKR,04,20061216,2
RUS,UKR,02,20110927,9
RUS,UKR,04,20130726,1
RUS,UKR,16,20100526,2
RUS,UKR,04,20100811,116
RUS,UKR,17,20140910,10
RUS,UKR,05,20140809,9
RUS,UKR,04,20090727,11
RUS,UKR,12,20140301,12
RUS,UKR,06,20141101,4
RUS,UKR,05,20041209,6
RUS,UKR,06,20110901,2
RUS,UKR,04,20110815,7
RUS,UKR,04,20140602,86
RUS,UKR,11,20140418,20
RUS,UKR,12,20141108,2
RUS,UKR,04,20010823,16
RUS,UKR,03,20060427,6
RUS,UKR,19,20140516,4
RUS,UKR,07,20130619,1
RUS,UKR,01,20130723,1
RUS,UKR,11,20140417,52
RUS,UKR,02,20140429,1
RUS,UKR,11,20080125,5
RUS,UKR,19,20140909,37
RUS,UKR,01,20050225,1
RUS,UKR,01,20110117,2
RUS,UKR,13,20140425,20
RUS,UKR,11,20131105,8
RUS,UKR,08,20140606,12
RUS,UKR,18,20140323,10
RUS,UKR,12,20140316,5
RUS,UKR,01,20090320,6
RUS,UKR,03,20140811,2
RUS,UKR,10,20140213,3
RUS,UKR,03,20110227,2
RUS,UKR,01,20090118,22
RUS,UKR,01,20041130,5
RUS,UKR,13,20140907,10
RUS,UKR,04,20140405,5
RUS,UKR,11,20140304,27
RUS,UKR,05,20010314,8
RUS,UKR,03,20110926,10
RUS,UKR,02,20140901,20
RUS,UKR,19,20110411,2
RUS,UKR,06,20090206,8
RUS,UKR,11,20140402,1
RUS,UKR,13,20080411,2
RUS,UKR,11,20140304,36
RUS,UKR,04,20140307,108
RUS,UKR,17,20140322,30
RUS,UKR,06,20140129,8
RUS,UKR,02,20141118,14
RUS,UKR,03,20140503,71
RUS,UKR,12,20140820,8
RUS,UKR,12,20140808,2
RUS,UKR,16,20140828,8
RUS,UKR,01,20030828,4
RUS,UKR,04,20011101,13
RUS,UKR,03,20000719,1
RUS,UKR,04,20100207,1
RUS,UKR,04,20140625,4
RUS,UKR,04,20030320,2
RUS,UKR,12,20140423,20
RUS,UKR,11,20140808,18
RUS,UKR,04,20140311,245
RUS,UKR,15,20141111,80
RUS,UKR,07,20140407,3
RUS,UKR,19,20140302,8
RUS,UKR,06,20140828,16
RUS,UKR,04,20000721,1
RUS,UKR,12,20140311,1
RUS,UKR,17,20140507,16
RUS,UKR,05,20080616,7
RUS,UKR,13,20140719,16
RUS,UKR,03,20121228,8
RUS,UKR,08,20140220,12
RUS,UKR,01,20141117,282
RUS,UKR,04,20150214,7
RUS,UKR,01,20111107,2
RUS,UKR,04,20141115,12
RUS,UKR,17,20060824,2
RUS,UKR,19,20141001,12
RUS,UKR,04,20090926,2
RUS,UKR,04,20070210,4
RUS,UKR,11,20140617,16
RUS,UKR,02,20100709,4
RUS,UKR,12,20150215,6
RUS,UKR,16,20141026,18
RUS,UKR,04,20141216,14
RUS,UKR,11,20140721,72
RUS,UKR,03,20140826,1
RUS,UKR,16,20131217,7
RUS,UKR,19,20140502,20
RUS,UKR,19,20141226,1
RUS,UKR,08,20131218,6
RUS,UKR,08,20140331,12
RUS,UKR,07,20080303,8
RUS,UKR,04,20050326,7
RUS,UKR,03,20130307,2
RUS,UKR,01,20090227,5
RUS,UKR,15,20140223,52
RUS,UKR,04,20120802,3
RUS,UKR,01,20071112,4
RUS,UKR,16,20090109,9
RUS,UKR,05,20091230,14
RUS,UKR,03,20110425,106
RUS,UKR,01,20140501,1
RUS,UKR,13,20140527,3
RUS,UKR,04,20020303,7
SAU,UKR,04,20140418,16
SOM,UKR,04,20090704,8
SVK,UKR,03,20100827,9
SVK,UKR,19,20140319,6
SVK,UKR,03,20001218,1
SVK,UKR,05,20010913,18
SVK,UKR,02,20090113,19
SWE,UKR,19,20120611,5
SWE,UKR,01,20140303,4
SYR,UKR,17,20130920,2
SYR,UKR,04,20141009,4
THA,UKR,17,20010828,4
THA,UKR,04,20121015,4
TJK,UKR,05,20020424,2
TJK,UKR,04,20111216,6
TKM,UKR,01,20101202,1
TKM,UKR,04,20030127,4
TTO,UKR,06,20140602,10
TUR,UKR,01,20140717,12
TUR,UKR,11,20140317,8
TUR,UKR,05,20081028,12
TUR,UKR,07,20141015,4
UKR,UKR,01,20100817,3
UKR,UKR,04,20140516,10
UKR,UKR,01,20140626,2
UKR,UKR,11,20140618,4
UKR,UKR,05,20131127,3
UKR,UKR,02,20091007,2
UKR,UKR,06,20070716,3
UKR,UKR,03,20141030,2
UKR,UKR,10,20050413,2
UKR,UKR,17,20130809,1
UKR,UKR,01,20020912,4
UKR,UKR,05,20130314,2
UKR,UKR,04,20080609,1
UKR,UKR,19,20140602,5
UKR,UKR,19,20140711,12
UKR,UKR,04,20090626,3
UKR,UKR,03,20140420,1
UKR,UKR,06,20150122,8
UKR,UKR,06,20030621,9
UKR,UKR,08,20140423,6
UKR,UKR,19,20141222,8
UKR,UKR,04,20110227,2
UKR,UKR,05,20150212,26
UKR,UKR,01,20150218,2
UKR,UKR,04,20010328,2
UKR,UKR,01,20141103,5
UKR,UKR,11,20030508,6
UKR,UKR,03,20040715,1
UKR,UKR,08,20140223,4
UKR,UKR,11,20090904,3
UKR,UKR,12,20110131,9
UKR,UKR,18,20140131,1
UKR,UKR,16,20091015,2
UKR,UKR,05,20140502,14
UKR,UKR,03,20080314,5
UKR,UKR,19,20140228,48
UKR,UKR,04,20000801,7
UKR,UKR,08,20141104,2
UKR,UKR,19,20060529,4
UKR,UKR,01,20130207,3
UKR,UKR,02,20110329,9
UKR,UKR,01,20140329,18
UKR,UKR,03,20040524,3
UKR,UKR,11,20101220,9
UKR,UKR,01,20070717,4
UKR,UKR,01,20110822,9
UKR,UKR,05,20020227,4
UKR,UKR,03,20141007,2
UKR,UKR,18,20131211,3
UKR,UKR,05,20131124,2
UKR,UKR,15,20140201,16
UKR,UKR,13,20150113,5
UKR,UKR,01,20110411,5
UKR,UKR,11,20091126,1
UKR,UKR,09,20140129,2
UKR,UKR,11,20061030,2
UKR,UKR,12,20030727,2
UKR,UKR,11,20140629,2
UKR,UKR,04,20101122,9
UKR,UKR,08,20100219,5
UKR,UKR,02,20090522,13
UKR,UKR,04,20140625,19
UKR,UKR,11,20070401,9
UKR,UKR,16,20140712,2
UKR,UKR,13,20090731,12
UKR,UKR,12,20150208,2
UKR,UKR,04,20010903,10
UKR,UKR,04,20120209,2
UKR,UKR,17,20100519,9
UKR,UKR,12,20110624,10
UKR,UKR,01,20010301,2
UKR,UKR,03,20140408,2
UKR,UKR,01,20131106,4
UKR,UKR,19,20090729,2
UKR,UKR,01,20010329,2
UKR,UKR,04,20090320,3
UKR,UKR,10,20140711,8
UKR,UKR,11,20120227,2
UKR,UKR,19,20140830,14
UKR,UKR,03,20140222,8
UKR,UKR,10,20000111,10
UKR,UKR,11,20091210,2
UKR,UKR,04,20141012,4
UKR,UKR,18,20040611,7
UKR,UKR,15,20150212,3
UKR,UKR,01,20050729,7
UKR,UKR,01,20140611,7
UKR,UKR,15,20140425,22
UKR,UKR,11,20120511,7
UKR,UKR,10,20140501,4
UKR,UKR,04,20121214,4
UKR,UKR,11,20141013,7
UKR,UKR,11,20130718,30
UKR,UKR,17,20140512,10
UKR,UKR,01,20110928,16
UKR,UKR,01,20121205,4
UKR,UKR,18,20140322,4
UKR,UKR,04,20051107,6
UKR,UKR,10,20110831,2
UKR,UKR,04,20110321,5
UKR,UKR,11,20130531,6
UKR,UKR,01,20080206,3
UKR,UKR,02,20040513,3
USA,UKR,16,20041112,2
USA,UKR,19,20141211,1
USA,UKR,03,20050409,2
USA,UKR,11,20140306,24
USA,UKR,04,20141007,6
USA,UKR,05,20140326,18
USA,UKR,11,20140315,3
USA,UKR,03,20140812,148
USA,UKR,05,20140802,2
USA,UKR,11,20140623,10
USA,UKR,05,20130124,10
USA,UKR,13,20131214,96
USA,UKR,02,20140206,10
USA,UKR,04,20121116,4
USA,UKR,04,20140519,10
USA,UKR,11,20121106,6
USA,UKR,06,20140310,4
USA,UKR,01,20140219,116
USA,UKR,01,20140403,3
USA,UKR,04,20140816,1
USA,UKR,18,20140822,1
USA,UKR,12,20120817,5
USA,UKR,05,20140604,52
USA,UKR,01,20110807,2
USA,UKR,08,20140325,128
USA,UKR,11,20141119,25
USA,UKR,19,20141120,1
USA,UKR,05,20140313,13
USA,UKR,04,20041128,2
USA,UKR,04,20121227,1
USA,UKR,04,20141026,2
USA,UKR,01,20140429,62
USA,UKR,05,20140719,6
USA,UKR,10,20131205,18
USA,UKR,19,20120824,10
USA,UKR,19,20140720,3
USA,UKR,19,20140814,18
USA,UKR,01,20140130,2
USA,UKR,04,20140313,14
USA,UKR,03,20140313,80
USA,UKR,17,20140221,4
USA,UKR,04,20041115,4
USA,UKR,05,20060105,5
USA,UKR,17,20091214,6
USA,UKR,17,20140529,10
USA,UKR,17,20140202,6
USA,UKR,01,20140310,12
USA,UKR,01,20140905,6
USA,UKR,05,20060217,1
USA,UKR,04,20080822,4
USA,UKR,11,20110629,7
USA,UKR,08,20090110,2
USA,UKR,02,20131120,5
USA,UKR,11,20090113,7
USA,UKR,05,20140610,7
USA,UKR,01,20120405,2
USA,UKR,16,20140425,14
USA,UKR,11,20141129,5
USA,UKR,11,20140826,2
USA,UKR,05,20140910,33
USA,UKR,08,20140517,2
USA,UKR,03,20140220,1
USA,UKR,11,20060427,1
USA,UKR,19,20140522,12
USA,UKR,03,20140228,8
USA,UKR,08,20150212,8
UZB,UKR,04,20131011,2
VAT,UKR,04,20100423,4
VEN,UKR,03,20101018,8
VNM,UKR,05,20051021,6
WST,UKR,03,20080826,4
WST,UKR,08,20140306,4
WST,UKR,05,20070614,9
WST,UKR,05,20000311,2
WST,UKR,04,20141010,6
WST,UKR,15,20140401,6
WST,UKR,04,20090705,9
WST,UKR,11,20080411,3
WST,UKR,04,20050120,5
WST,UKR,09,20140310,1
WST,UKR,03,20051206,1
WST,UKR,08,20140527,28
WST,UKR,04,20140602,14
ARG,URY,02,20010613,1
ARG,URY,05,20071217,7
ARG,URY,04,20130704,9
ARM,URY,04,20121117,24
BOL,URY,04,20110403,20
BRA,URY,04,20030105,2
BRA,URY,05,20060609,14
CAN,URY,12,20131215,8
CHE,URY,12,20120316,4
ECU,URY,04,20101126,12
FIN,URY,02,20100420,1
GBR,URY,04,20130716,2
GUY,URY,01,20050111,2
HTI,URY,02,20040928,17
ITA,URY,18,20140914,6
KIR,URY,19,20141203,2
NZL,URY,09,20130312,8
PER,URY,07,20100910,6
PRY,URY,04,20130716,3
PRY,URY,03,20021108,1
UGA,URY,02,20150120,4
URY,URY,05,20000103,4
URY,URY,01,20011229,9
URY,URY,05,20141111,10
USA,URY,04,20101214,2
USA,URY,04,20131210,7
USA,URY,08,20140521,14
USA,URY,17,20120707,4
USA,URY,02,20120308,5
VEN,URY,05,20070706,4
ABW,USA,04,20071208,16
ABW,USA,09,20050617,2
ABW,USA,04,20090620,1
AFG,USA,04,20130131,400
AFG,USA,05,20131014,3
AFG,USA,04,20110317,4
AFG,USA,19,20140616,8
AFG,USA,19,20060910,18
AFG,USA,11,20120311,2
AFG,USA,10,20110621,3
AFG,USA,18,20120915,1
AFG,USA,04,20131225,14
AFG,USA,11,20100804,1
AFG,USA,03,20130302,6
AFG,USA,04,20120314,70
AFG,USA,19,20130215,18
AFG,USA,13,20030222,2
AFG,USA,13,20130116,10
AFG,USA,18,20120117,48
AFG,USA,12,20121119,3
AFG,USA,05,20100926,1
AFG,USA,08,20120522,3
AFG,USA,10,20091015,8
AFG,USA,08,20121101,20
AFG,USA,15,20130714,4
AFG,USA,04,20050909,3
AFG,USA,03,20141011,1
AFG,USA,19,20110106,3
AFG,USA,19,20131120,29
AFG,USA,13,20130709,10
AFG,USA,07,20110905,6
AFG,USA,13,20120312,31
AFG,USA,19,20050510,2
AFG,USA,04,20121108,10
AFG,USA,13,20110502,12
AFG,USA,04,20061229,9
AFG,USA,06,20090805,2
AFG,USA,07,20101009,437
AFG,USA,07,20100309,3
AFG,USA,01,20120929,4
AFG,USA,12,20120617,9
AFG,USA,10,20120920,22
AFG,USA,19,20141216,43
AFG,USA,16,20080907,3
AFG,USA,16,20100608,14
AFG,USA,18,20120920,10
AFG,USA,19,20101228,20
AFG,USA,19,20090703,2
AFG,USA,18,20130629,16
AFG,USA,11,20131210,24
AFG,USA,14,20061030,11
AFG,USA,05,20120423,33
AFG,USA,05,20110502,8
AFG,USA,13,20030323,1
AFG,USA,11,20140613,24
AFG,USA,05,20090908,16
AFG,USA,19,20090201,7
AFG,USA,14,20110719,3
AFG,USA,19,20120320,4
AFG,USA,08,20120827,12
AFG,USA,03,20121023,8
AFG,USA,01,20090126,4
AFG,USA,12,20140414,1
AFG,USA,08,20100528,12
AFG,USA,19,20080721,4
AFG,USA,03,20111102,9
AFG,USA,04,20140509,4
AFG,USA,05,20030417,1
AFG,USA,06,20120417,1
AFG,USA,01,20110511,5
AFG,USA,01,20060513,4
AFG,USA,05,20121108,4
AFG,USA,04,20130204,25
AFG,USA,06,20130212,8
AFG,USA,01,20140109,18
AFG,USA,03,20120929,2
AFG,USA,03,20130805,4
AFG,USA,03,20091205,7
AFG,USA,04,20090320,27
AFG,USA,19,20110820,16
AFG,USA,04,20140603,20
AFG,USA,18,20100114,8
AFG,USA,19,20111223,18
AFG,USA,08,20120907,2
AFG,USA,01,20140613,4
AFG,USA,07,20120103,14
AFG,USA,12,20110704,7
AFG,USA,05,20130805,10
AFG,USA,04,20090814,14
AFG,USA,05,20081120,2
AFG,USA,01,20091203,5
AFG,USA,06,20090706,1
AFG,USA,08,20110713,5
AFG,USA,01,20091029,259
AFG,USA,05,20140609,16
AFG,USA,11,20110104,199
AFG,USA,03,20071112,36
AFG,USA,04,20040519,1
AFG,USA,09,20080916,14
AFG,USA,01,20120316,18
AFG,USA,06,20100419,1
AFG,USA,10,20121108,18
AFG,USA,19,20100215,21
AFG,USA,19,20090611,9
AFG,USA,04,20100830,225
AFG,USA,03,20130805,2
AFG,USA,04,20071227,8
AFG,USA,04,20090523,155
AFG,USA,08,20140308,40
AFG,USA,19,20100424,7
AFG,USA,02,20100921,2
AFG,USA,05,20080926,6
AFG,USA,01,20130126,1
AFG,USA,08,20140725,26
AFG,USA,11,20141018,2
AFG,USA,19,20120220,42
AFG,USA,01,20120502,12
AFG,USA,19,20130624,4
AFG,USA,19,20131224,9
AFG,USA,19,20140316,5
AFG,USA,12,20140620,2
AFG,USA,04,20090507,5
AFG,USA,13,20140511,2
AFG,USA,05,20120526,5
AFG,USA,07,20091215,10
AFG,USA,12,20110428,7
AFG,USA,08,20140930,15
AFG,USA,05,20091002,33
AFG,USA,06,20091218,2
AFG,USA,05,20101010,1
AFG,USA,03,20060405,1
AFG,USA,03,20120408,62
AFG,USA,04,20110209,6
AFG,USA,09,20090106,2
AFG,USA,08,20140129,2
AFG,USA,11,20130525,2
AFG,USA,03,20100114,2
AFG,USA,18,20100217,14
AFG,USA,01,20101114,5
AFG,USA,04,20110321,21
AFG,USA,01,20100817,9
AFG,USA,04,20021210,1
AFG,USA,05,20120422,127
AFG,USA,19,20070116,4
AFG,USA,19,20030129,23
AFG,USA,17,20100725,8
AFG,USA,01,20040107,2
AFG,USA,11,20111104,10
AFG,USA,08,20120831,4
AFG,USA,19,20141015,6
AFG,USA,05,20111031,2
AFG,USA,18,20120407,2
AFG,USA,11,20111101,9
AFG,USA,01,20110929,2
AFG,USA,01,20091202,3
AFG,USA,16,20140223,1
AFG,USA,05,20100211,18
AFG,USA,06,20090804,1
AFG,USA,17,20121206,10
AFG,USA,19,20081009,9
AFG,USA,08,20141128,9
AFG,USA,19,20100430,3
AFG,USA,01,20071031,16
AFG,USA,01,20130511,8
AFG,USA,05,20140409,4
AFG,USA,09,20120227,4
AFG,USA,08,20070613,12
AFG,USA,04,20070725,2
AFG,USA,19,20100321,1
AFG,USA,17,20081201,4
AFG,USA,19,20040311,2
AFG,USA,17,20070308,21
AFG,USA,18,20120621,3
AFG,USA,01,20011023,9
AFG,USA,03,20121107,24
AFG,USA,05,20120127,2
AFG,USA,11,20090904,1
AFG,USA,04,20120529,7
AFR,USA,13,20110407,99
AFR,USA,01,20100209,2
AFR,USA,04,20081112,2
AFR,USA,01,20120116,7
AFR,USA,03,20090120,5
AFR,USA,02,20100202,9
AFR,USA,17,20080127,8
AFR,USA,03,20120807,8
AFR,USA,01,20070219,3
AFR,USA,05,20131111,4
AFR,USA,04,20131030,2
AFR,USA,01,20110602,2
AFR,USA,01,20080504,4
AFR,USA,04,20040809,7
AFR,USA,10,20131206,7
AFR,USA,14,20130629,2
AFR,USA,19,20120426,1
AFR,USA,05,20120711,1
AFR,USA,14,20131030,8
AFR,USA,09,20130621,40
AFR,USA,19,20150121,10
AFR,USA,18,20140504,2
AFR,USA,04,20120119,5
AFR,USA,01,20130212,20
AFR,USA,19,20121123,8
AFR,USA,04,20030712,2
AFR,USA,04,20110304,2
AFR,USA,04,20090504,2
AFR,USA,19,20140319,4
AFR,USA,17,20000422,2
AFR,USA,01,20111114,44
AFR,USA,11,20130104,4
AFR,USA,02,20120603,14
AFR,USA,04,20090524,6
AFR,USA,03,20020109,3
AFR,USA,02,20111122,4
AFR,USA,07,20140606,5
AFR,USA,01,20121016,8
AFR,USA,04,20020718,8
AFR,USA,01,20130217,6
AFR,USA,01,20090302,4
AFR,USA,01,20091111,5
AFR,USA,11,20121210,6
AFR,USA,03,20090910,4
AFR,USA,01,20020729,5
AFR,USA,02,20070526,3
AFR,USA,03,20130819,2
AFR,USA,12,20140315,13
AFR,USA,04,20071023,5
AFR,USA,16,20110429,5
AFR,USA,01,20140708,10
AFR,USA,01,20000406,4
AFR,USA,14,20141126,8
AFR,USA,02,20130528,8
AFR,USA,17,20140228,8
AFR,USA,06,20131212,4
AFR,USA,04,20141111,1
AFR,USA,01,20130115,10
AFR,USA,04,20130807,24
AFR,USA,04,20120526,7
AFR,USA,04,20140503,3
AFR,USA,05,20081230,3
AFR,USA,01,20120702,10
AFR,USA,05,20111106,10
AFR,USA,04,20150130,216
AFR,USA,02,20140605,42
AFR,USA,11,20010525,1
AFR,USA,03,20100730,5
AFR,USA,03,20120601,7
AFR,USA,01,20140106,2
AFR,USA,05,20111117,9
AFR,USA,04,20070219,12
AFR,USA,03,20090519,9
AFR,USA,13,20070912,4
AFR,USA,04,20030822,18
AFR,USA,08,20090419,3
AFR,USA,01,20141010,3
AFR,USA,07,20141208,10
AGO,USA,04,20120427,2
AGO,USA,04,20090809,106
AGO,USA,17,20141122,4
AGO,USA,06,20100825,7
AGO,USA,04,20020822,1
AGO,USA,19,20130625,4
AIA,USA,17,20100803,5
ALB,USA,04,20010911,1
ALB,USA,19,20111007,9
ALB,USA,01,20081223,5
ALB,USA,04,20000430,1
ALB,USA,05,20090126,9
ALB,USA,04,20070904,8
ALB,USA,05,20030912,4
ALB,USA,06,20130328,1
ALB,USA,09,20140403,7
ALB,USA,03,20140617,10
ALB,USA,19,20140705,1
ARE,USA,01,20131214,4
ARE,USA,11,20150120,4
ARE,USA,04,20141203,9
ARE,USA,04,20120726,10
ARE,USA,04,20070910,2
ARE,USA,11,20121204,1
ARE,USA,01,20110303,2
ARE,USA,02,20140603,12
ARE,USA,03,20120918,16
ARE,USA,01,20090608,9
ARE,USA,04,20110822,10
ARE,USA,19,20090125,24
ARE,USA,01,20071206,4
ARE,USA,02,20081126,2
ARE,USA,03,20140208,3
ARE,USA,09,20150211,35
ARE,USA,01,20090312,2
ARE,USA,10,20090721,4
ARE,USA,14,20120522,12
ARE,USA,04,20120915,7
ARG,USA,04,20080127,2
ARG,USA,03,20140613,3
ARG,USA,04,20101209,7
ARG,USA,16,20141103,6
ARG,USA,05,20120817,2
ARG,USA,08,20020128,9
ARG,USA,01,20111002,5
ARG,USA,02,20070603,4
ARG,USA,04,20091009,1
ARG,USA,03,20110214,3
ARG,USA,02,20140618,4
ARG,USA,04,20101227,5
ARG,USA,06,20130403,1
ARG,USA,01,20150203,3
ARG,USA,01,20090826,1
ARG,USA,08,20140706,5
ARG,USA,04,20090604,1
ARG,USA,05,20021021,4
ARM,USA,01,20130611,2
ARM,USA,14,20130312,12
ARM,USA,04,20130401,10
ARM,USA,04,20100705,5
ARM,USA,12,20110624,1
ARM,USA,01,20110929,2
ARM,USA,02,20030701,8
ARM,USA,04,20110429,2
ARM,USA,05,20070727,2
ARM,USA,04,20140822,19
ARM,USA,11,20040122,2
ARM,USA,04,20020909,6
ARM,USA,05,20111118,3
ARM,USA,04,20130926,3
ARM,USA,01,20140904,20
ARM,USA,04,20141017,16
ARM,USA,04,20140413,2
ARM,USA,17,20101107,37
ARM,USA,04,20100918,2
ARM,USA,05,20100302,2
ATG,USA,19,20080731,8
ATG,USA,13,20130112,10
AUS,USA,17,20130103,6
AUS,USA,17,20100517,1
AUS,USA,04,20130913,1
AUS,USA,04,20100706,1
AUS,USA,11,20141124,3
AUS,USA,04,20091121,18
AUS,USA,02,20110116,3
AUS,USA,02,20101210,9
AUS,USA,05,20130910,3
AUS,USA,04,20110114,5
AUS,USA,11,20140807,1
AUS,USA,13,20130822,8
AUS,USA,11,20141126,2
AUS,USA,11,20141004,16
AUS,USA,14,20120130,234
AUS,USA,02,20101127,4
AUS,USA,02,20110329,3
AUS,USA,06,20090219,2
AUS,USA,08,20131026,10
AUS,USA,01,20101114,15
AUS,USA,01,20070209,9
AUS,USA,17,20140221,4
AUS,USA,09,20090412,2
AUS,USA,02,20050902,9
AUS,USA,02,20130814,8
AUS,USA,05,20090903,4
AUS,USA,18,20080430,2
AUS,USA,05,20080610,2
AUS,USA,03,20121019,2
AUS,USA,02,20140417,6
AUS,USA,04,20110206,2
AUS,USA,04,20110825,5
AUS,USA,10,20091018,3
AUS,USA,03,20140616,10
AUS,USA,05,20040707,1
AUS,USA,11,20070326,4
AUS,USA,08,20100922,7
AUS,USA,05,20141202,6
AUS,USA,01,20070123,1
AUS,USA,04,20130719,17
AUS,USA,11,20100804,7
AUS,USA,04,20140914,1
AUS,USA,05,20100225,35
AUS,USA,06,20120724,20
AUS,USA,04,20070630,1
AUS,USA,03,20140404,6
AUS,USA,10,20080723,1
AUS,USA,01,20121109,4
AUS,USA,04,20130111,8
AUS,USA,17,20100824,9
AUS,USA,19,20131205,6
AUS,USA,03,20090226,4
AUS,USA,05,20101229,5
AUS,USA,06,20111030,2
AUS,USA,07,20070908,2
AUS,USA,11,20110807,2
AUS,USA,01,20120727,8
AUS,USA,01,20120212,8
AUS,USA,05,20120820,2
AUS,USA,01,20100609,1
AUS,USA,04,20110313,18
AUS,USA,01,20030520,9
AUS,USA,01,20071110,6
AUS,USA,11,20020215,3
AUS,USA,01,20141124,4
AUS,USA,19,20140918,12
AUS,USA,01,20090203,2
AUS,USA,04,20081005,7
AUS,USA,04,20121104,6
AUS,USA,03,20130715,46
AUS,USA,19,20081004,18
AUS,USA,01,20040527,3
AUS,USA,04,20120602,1
AUS,USA,09,20070618,3
AUS,USA,01,20130615,21
AUS,USA,17,20101207,30
AUS,USA,04,20090817,1
AUS,USA,05,20130219,2
AUS,USA,09,20110623,40
AUS,USA,01,20121027,4
AUS,USA,17,20140113,2
AUS,USA,02,20090506,9
AUS,USA,17,20140910,4
AUS,USA,09,20131107,3
AUS,USA,13,20080318,4
AUS,USA,03,20090213,4
AUS,USA,05,20140731,14
AUS,USA,02,20130921,2
AUS,USA,17,20120402,4
AUS,USA,18,20101103,4
AUS,USA,04,20100108,4
AUS,USA,05,20130909,19
AUS,USA,17,20110901,8
AUS,USA,04,20120705,8
AUS,USA,04,20141111,10
AUS,USA,01,20080808,7
AUS,USA,04,20140806,10
AUS,USA,17,20030703,4
AUS,USA,12,20090618,4
AUS,USA,04,20120801,14
AUS,USA,03,20130720,6
AUS,USA,11,20120111,2
AUS,USA,04,20110623,6
AUS,USA,06,20141001,4
AUS,USA,05,20140401,8
AUS,USA,04,20120801,10
AUS,USA,17,20131209,12
AUS,USA,17,20040720,1
AUS,USA,19,20120423,4
AUS,USA,18,20120502,2
AUS,USA,10,20140630,2
AUS,USA,04,20091029,5
AUS,USA,11,20141231,6
AUS,USA,03,20141021,7
AUS,USA,17,20121120,4
AUS,USA,04,20140613,9
AUS,USA,05,20080818,14
AUS,USA,11,20110921,5
AUS,USA,04,20101226,9
AUS,USA,17,20110527,2
AUS,USA,04,20090522,6
AUS,USA,05,20140409,8
AUS,USA,01,20050726,6
AUS,USA,04,20040821,1
AUS,USA,03,20111103,4
AUS,USA,04,20120411,2
AUS,USA,01,20110209,4
AUT,USA,08,20041010,5
AUT,USA,01,20140423,2
AUT,USA,06,20100505,40
AUT,USA,05,20100502,2
AUT,USA,05,20140627,9
AUT,USA,05,20120714,4
AUT,USA,09,20141228,10
AUT,USA,12,20131207,2
AUT,USA,19,20110320,2
AUT,USA,06,20080419,1
AZE,USA,04,20101127,1
AZE,USA,02,20140605,4
AZE,USA,05,20130708,4
AZE,USA,04,20120928,8
AZE,USA,12,20101110,5
AZE,USA,04,20120207,4
AZE,USA,04,20121219,16
AZE,USA,03,20100831,2
AZE,USA,06,20000409,1
AZE,USA,14,20060425,1
AZE,USA,04,20140501,10
BDI,USA,01,20140723,30
BDI,USA,11,20011219,4
BDI,USA,02,20030821,2
BDI,USA,04,20011102,5
BEL,USA,01,20080911,1
BEL,USA,04,20141220,2
BEL,USA,02,20121015,2
BEL,USA,07,20070604,2
BEL,USA,01,20030330,2
BEL,USA,06,20130419,1
BEL,USA,18,20140824,10
BEL,USA,19,20120615,6
BEL,USA,18,20110603,4
BEL,USA,04,20101004,1
BEL,USA,05,20110829,10
BEL,USA,04,20110719,4
BEL,USA,04,20010227,16
BEL,USA,03,20070531,23
BEL,USA,04,20110610,24
BEL,USA,03,20120326,1
BEL,USA,18,20110519,4
BEL,USA,04,20100608,1
BEL,USA,07,20120127,3
BEL,USA,06,20010730,1
BEL,USA,13,20011019,2
BEL,USA,02,20111025,4
BEL,USA,11,20121024,4
BEL,USA,04,20141111,3
BEL,USA,04,20010607,6
BEL,USA,11,20090127,3
BEL,USA,04,20070618,4
BEL,USA,01,20131011,1
BEL,USA,04,20080621,4
BEL,USA,02,20121119,2
BEL,USA,06,20120731,2
BFA,USA,04,20110902,4
BGD,USA,01,20110912,2
BGD,USA,17,20090624,5
BGD,USA,11,20120307,1
BGD,USA,01,20111020,3
BGD,USA,06,20130426,10
BGD,USA,01,20080529,15
BGD,USA,12,20111004,4
BGD,USA,06,20131108,2
BGD,USA,01,20060225,6
BGD,USA,03,20090203,4
BGD,USA,04,20130621,1
BGD,USA,05,20141215,5
BGD,USA,11,20070615,3
BGD,USA,04,20131028,4
BGD,USA,03,20110304,6
BGR,USA,04,20020528,3
BGR,USA,02,20091216,2
BGR,USA,04,20130920,2
BGR,USA,01,20121026,1
BGR,USA,04,20101221,1
BGR,USA,01,20121204,14
BGR,USA,01,20100212,7
BGR,USA,04,20110303,2
BGR,USA,03,20050324,2
BGR,USA,04,20120223,4
BGR,USA,05,20110313,9
BGR,USA,05,20130213,10
BGR,USA,01,20131122,1
BGR,USA,05,20120604,2
BHR,USA,17,20140708,10
BHR,USA,04,20020305,1
BHR,USA,12,20140711,8
BHR,USA,04,20110721,18
BHR,USA,06,20120305,1
BHR,USA,01,20030805,1
BHR,USA,04,20080325,2
BHR,USA,04,20110131,126
BHR,USA,03,20120513,2
BHR,USA,04,20011023,1
BHR,USA,01,20130415,1
BHS,USA,19,20141129,1
BHS,USA,11,20140226,2
BHS,USA,06,20141126,2
BHS,USA,04,20141203,1
BHS,USA,05,20140506,4
BHS,USA,11,20130624,2
BHS,USA,04,20090430,1
BHS,USA,04,20140430,2
BHS,USA,18,20141212,8
BHS,USA,04,20131202,1
BHS,USA,13,20140814,12
BLR,USA,02,20110107,5
BLR,USA,02,20080821,2
BLR,USA,04,20140906,8
BLZ,USA,04,20101001,2
BLZ,USA,04,20090121,2
BLZ,USA,03,20140211,8
BLZ,USA,04,20141112,2
BLZ,USA,04,20140707,4
BLZ,USA,12,20141021,4
BMU,USA,08,20140403,2
BMU,USA,02,20110507,4
BMU,USA,04,20110824,7
BMU,USA,02,20100712,4
BMU,USA,12,20140527,10
BMU,USA,08,20090628,2
BMU,USA,03,20110212,2
BMU,USA,01,20000323,2
BOL,USA,03,20130926,2
BOL,USA,06,20080924,2
BOL,USA,02,20090109,4
BOL,USA,01,20130128,2
BOL,USA,04,20090530,4
BOL,USA,08,20090914,2
BOL,USA,01,20130201,1
BRA,USA,02,20090922,1
BRA,USA,04,20060825,1
BRA,USA,03,20110317,4
BRA,USA,01,20100430,1
BRA,USA,04,20141104,2
BRA,USA,05,20110701,7
BRA,USA,17,20120409,2
BRA,USA,09,20140620,7
BRA,USA,01,20040102,1
BRA,USA,04,20110620,26
BRA,USA,02,20090923,45
BRA,USA,05,20100812,1
BRA,USA,04,20130506,1
BRA,USA,04,20080512,4
BRA,USA,06,20100204,6
BRA,USA,06,20120220,2
BRA,USA,18,20141210,8
BRA,USA,17,20000809,5
BRA,USA,04,20100826,16
BRA,USA,08,20131110,2
BRA,USA,12,20090421,14
BRA,USA,05,20100103,3
BRA,USA,04,20050708,2
BRA,USA,04,20090216,10
BRA,USA,10,20100907,5
BRA,USA,01,20110808,5
BRA,USA,05,20130822,8
BRA,USA,11,20130928,2
BRA,USA,05,20120913,1
BRA,USA,05,20120605,2
BRA,USA,15,20110117,9
BRA,USA,03,20100705,4
BRA,USA,02,20110707,4
BRA,USA,14,20091022,2
BRA,USA,04,20120105,2
BRA,USA,04,20110222,2
BRA,USA,07,20140217,2
BRA,USA,09,20091228,7
BRA,USA,04,20140501,30
BRA,USA,01,20030619,3
BRA,USA,11,20100607,9
BRB,USA,01,20081013,4
CAF,USA,10,20141003,1
CAF,USA,12,20130822,2
CAN,USA,02,20081003,3
CAN,USA,02,20100922,4
CAN,USA,04,20090112,6
CAN,USA,03,20060809,6
CAN,USA,02,20051108,3
CAN,USA,11,20020419,1
CAN,USA,02,20121112,10
CAN,USA,17,20140728,6
CAN,USA,04,20081112,21
CAN,USA,05,20081012,5
CAN,USA,01,20140503,1
CAN,USA,12,20030502,2
CAN,USA,07,20120419,5
CAN,USA,02,20140616,14
CAN,USA,19,20140526,3
CAN,USA,16,20141021,10
CAN,USA,01,20130703,6
CAN,USA,17,20100804,1
CAN,USA,02,20090508,1
CAN,USA,18,20121207,20
CAN,USA,05,20110909,3
CAN,USA,17,20011111,1
CAN,USA,05,20120424,2
CAN,USA,17,20131203,2
CAN,USA,01,20130724,40
CAN,USA,05,20140923,8
CAN,USA,02,20040514,1
CAN,USA,06,20111202,4
CAN,USA,02,20130801,10
CAN,USA,04,20100429,1
CAN,USA,02,20090428,9
CAN,USA,19,20140809,1
CAN,USA,01,20080408,8
CAN,USA,01,20100811,2
CAN,USA,19,20130327,1
CAN,USA,17,20120328,4
CAN,USA,04,20060615,9
CAN,USA,19,20121118,7
CAN,USA,05,20131210,1
CAN,USA,19,20091228,7
CAN,USA,14,20141029,1
CAN,USA,05,20141010,4
CAN,USA,05,20121114,5
CAN,USA,08,20101210,1
CAN,USA,06,20141028,5
CAN,USA,04,20130910,26
CAN,USA,04,20080415,6
CAN,USA,03,20121214,2
CAN,USA,04,20130709,32
CAN,USA,02,20040114,1
CAN,USA,01,20090806,22
CAN,USA,01,20131213,36
CAN,USA,06,20120207,9
CAN,USA,13,20130226,1
CAN,USA,04,20120303,40
CAN,USA,06,20111121,10
CAN,USA,06,20010216,3
CAN,USA,06,20090128,2
CAN,USA,06,20080610,2
CAN,USA,04,20140605,10
CAN,USA,19,20140203,2
CAN,USA,19,20141120,2
CAN,USA,01,20100703,4
CAN,USA,04,20141128,8
CAN,USA,06,20090528,3
CAN,USA,01,20110329,2
CAN,USA,17,20130720,4
CAN,USA,04,20070712,6
CAN,USA,05,20131120,5
CAN,USA,01,20130227,6
CAN,USA,07,20090318,4
CAN,USA,04,20141215,10
CAN,USA,06,20131108,8
CAN,USA,05,20020925,11
CAN,USA,04,20130718,30
CAN,USA,01,20120731,7
CAN,USA,05,20131219,5
CAN,USA,04,20091001,5
CAN,USA,19,20131105,4
CAN,USA,02,20020207,7
CAN,USA,04,20060604,2
CAN,USA,03,20050118,3
CAN,USA,04,20110917,5
CAN,USA,03,20030712,1
CAN,USA,04,20131012,8
CAN,USA,03,20080721,2
CAN,USA,19,20081205,4
CAN,USA,03,20100817,30
CAN,USA,19,20060719,2
CAN,USA,01,20111023,3
CAN,USA,01,20110817,3
CAN,USA,01,20101015,3
CAN,USA,04,20130818,16
CAN,USA,08,20030102,5
CAN,USA,11,20090428,10
CAN,USA,04,20071113,4
CAN,USA,05,20090128,2
CAN,USA,06,20130126,2
CAN,USA,04,20141202,3
CAN,USA,07,20130131,5
CAN,USA,03,20100707,5
CAN,USA,04,20130128,4
CAN,USA,04,20111016,4
CAN,USA,06,20141113,6
CAN,USA,01,20011101,6
CAN,USA,03,20101212,4
CAN,USA,05,20120624,2
CAN,USA,12,20120215,18
CAN,USA,01,20130201,24
CAN,USA,04,20101109,1
CAN,USA,17,20090901,3
CAN,USA,09,20100909,4
CAN,USA,11,20131101,4
CAN,USA,04,20090119,3
CAN,USA,04,20070701,4
CAN,USA,08,20030305,2
CAN,USA,01,20020102,3
CAN,USA,02,20130616,2
CAN,USA,03,20140328,8
CAN,USA,17,20130416,6
CAN,USA,17,20100108,6
CAN,USA,07,20060323,5
CAN,USA,04,20120804,1
CAN,USA,10,20111011,7
CAN,USA,01,20140829,10
CAN,USA,05,20090828,5
CAN,USA,04,20110424,6
CAN,USA,04,20111112,7
CAN,USA,19,20141025,28
CAN,USA,04,20060801,4
CAN,USA,17,20090312,10
CAN,USA,17,20120408,9
CAN,USA,05,20140429,4
CAN,USA,07,20110112,5
CAN,USA,07,20141219,6
CAN,USA,04,20060326,2
CAN,USA,17,20090806,8
CAN,USA,01,20140903,6
CAN,USA,11,20080410,2
CAN,USA,03,20100918,1
CAN,USA,17,20140507,4
CAN,USA,04,20011112,2
CAN,USA,01,20101210,10
CAN,USA,11,20120422,2
CAN,USA,04,20030410,10
CAN,USA,11,20150116,2
CAN,USA,05,20130515,2
CAN,USA,05,20100806,14
CAN,USA,08,20100211,2
CAN,USA,01,20080108,4
CAN,USA,06,20100430,5
CAN,USA,03,20141118,1
CAN,USA,06,20101214,2
CAN,USA,03,20070320,8
CAN,USA,04,20070711,3
CAN,USA,07,20090512,4
CAN,USA,09,20111027,2
CAN,USA,16,20090323,5
CAN,USA,01,20111111,3
CAN,USA,03,20130827,3
CAN,USA,06,20070424,7
CHE,USA,11,20140707,2
CHE,USA,19,20081110,6
CHE,USA,04,20140926,8
CHE,USA,04,20130305,2
CHE,USA,04,20101223,4
CHE,USA,03,20080319,1
CHE,USA,04,20110206,10
CHE,USA,14,20140113,2
CHE,USA,03,20130808,10
CHE,USA,03,20080422,2
CHE,USA,17,20131024,10
CHE,USA,02,20131124,24
CHE,USA,16,20131113,8
CHE,USA,01,20100617,64
CHE,USA,01,20141109,7
CHE,USA,17,20121009,12
CHE,USA,01,20140908,2
CHE,USA,01,20100713,2
CHE,USA,03,20081225,1
CHE,USA,04,20080424,9
CHE,USA,04,20020925,1
CHE,USA,04,20011007,7
CHE,USA,05,20140502,1
CHE,USA,12,20110724,24
CHE,USA,03,20080416,2
CHE,USA,04,20141217,10
CHE,USA,02,20100117,1
CHE,USA,04,20120613,2
CHE,USA,11,20120507,4
CHE,USA,09,20140402,1
CHE,USA,01,20121226,2
CHE,USA,04,20120210,7
CHE,USA,01,20130213,24
CHE,USA,05,20110215,1
CHE,USA,03,20120926,4
CHE,USA,02,20141125,2
CHE,USA,16,20090723,2
CHE,USA,04,20120623,2
CHE,USA,01,20081229,8
CHE,USA,04,20140601,6
CHE,USA,07,20141011,10
CHE,USA,07,20010420,7
CHE,USA,07,20101105,2
CHE,USA,06,20090427,12
CHE,USA,13,20100426,5
CHE,USA,03,20101112,2
CHE,USA,05,20130214,4
CHE,USA,04,20090321,4
CHE,USA,01,20110304,1
CHE,USA,04,20131014,8
CHL,USA,06,20071221,5
CHL,USA,03,20110212,4
CHL,USA,06,20100210,1
CHL,USA,01,20140228,5
CHL,USA,04,20110321,30
CHL,USA,01,20130708,2
CHL,USA,04,20080508,6
CHL,USA,04,20100227,131
CHL,USA,10,20010916,2
CHL,USA,07,20101004,4
CHL,USA,01,20110528,2
CHL,USA,01,20090723,1
CHL,USA,02,20140421,4
CHL,USA,06,20110705,2
CHL,USA,19,20141102,1
CHL,USA,01,20110318,5
CHL,USA,01,20120519,7
CHL,USA,04,20110223,1
CHL,USA,12,20150126,5
CHN,USA,04,20120726,9
CHN,USA,02,20011122,2
CHN,USA,06,20120606,9
CHN,USA,01,20110718,10
CHN,USA,05,20100524,6
CHN,USA,11,20130629,1
CHN,USA,01,20091103,4
CHN,USA,03,20120210,16
CHN,USA,04,20121207,2
CHN,USA,06,20130910,2
CHN,USA,12,20140305,2
CHN,USA,02,20150207,1
CHN,USA,02,20150113,2
CHN,USA,06,20100718,1
CHN,USA,05,20140612,1
CHN,USA,09,20090626,2
CHN,USA,04,20120519,597
CHN,USA,04,20080314,8
CHN,USA,11,20140728,50
CHN,USA,01,20090319,2
CHN,USA,04,20030717,9
CHN,USA,09,20091125,2
CHN,USA,08,20120801,6
CHN,USA,17,20130101,1
CHN,USA,13,20030423,2
CHN,USA,06,20071227,1
CHN,USA,04,20140903,38
CHN,USA,02,20120208,1
CHN,USA,09,20130623,2
CHN,USA,03,20130620,8
CHN,USA,19,20091015,4
CHN,USA,12,20070816,4
CHN,USA,11,20110419,14
CHN,USA,14,20050529,5
CHN,USA,01,20110628,12
CHN,USA,02,20060314,1
CHN,USA,03,20140913,4
CHN,USA,02,20140724,24
CHN,USA,05,20090529,6
CHN,USA,16,20110529,9
CHN,USA,05,20150128,13
CHN,USA,03,20120907,8
CHN,USA,04,20010404,9
CHN,USA,06,20121017,10
CHN,USA,03,20140410,4
CHN,USA,01,20080621,1
CHN,USA,07,20100512,3
CHN,USA,04,20110710,10
CHN,USA,01,20090312,23
CHN,USA,04,20060518,8
CHN,USA,19,20100221,9
CHN,USA,04,20080320,2
CHN,USA,18,20120513,4
CHN,USA,14,20140112,17
CHN,USA,17,20140220,16
CHN,USA,17,20110503,2
CHN,USA,04,20130704,78
CHN,USA,06,20101126,9
CHN,USA,01,20121120,6
CHN,USA,04,20100517,4
CHN,USA,07,20100622,4
CHN,USA,01,20041024,17
CHN,USA,19,20130331,1
CHN,USA,04,20101117,8
CHN,USA,17,20110823,85
CHN,USA,02,20081204,8
CHN,USA,08,20070426,5
CHN,USA,11,20120307,10
CHN,USA,08,20130606,27
CHN,USA,17,20130825,9
CHN,USA,12,20120911,52
CHN,USA,01,20120907,10
CHN,USA,01,20091018,3
CHN,USA,01,20081113,1
CHN,USA,01,20080518,5
CHN,USA,08,20100822,18
CHN,USA,03,20091211,18
CHN,USA,03,20121010,2
CHN,USA,12,20020921,2
CHN,USA,13,20120125,1
CHN,USA,02,20080709,4
CHN,USA,04,20111222,10
CHN,USA,01,20130710,8
CHN,USA,01,20120228,12
CHN,USA,13,20150121,104
CHN,USA,04,20061226,1
CHN,USA,04,20070730,3
CHN,USA,11,20071203,4
CHN,USA,17,20120524,1
CHN,USA,05,20140127,2
CHN,USA,06,20141111,18
CHN,USA,11,20090410,28
CHN,USA,04,20110720,6
CHN,USA,01,20080714,2
CHN,USA,19,20130721,12
CHN,USA,03,20111126,9
CHN,USA,05,20000329,2
CHN,USA,01,20110713,2
CHN,USA,04,20050201,2
CHN,USA,05,20110104,2
CHN,USA,02,20060202,8
CHN,USA,11,20140121,2
CHN,USA,11,20091103,26
CHN,USA,01,20060618,4
CHN,USA,04,20090718,20
CHN,USA,04,20131208,12
CHN,USA,03,20140105,1
CHN,USA,06,20130724,1
CHN,USA,19,20130301,10
CHN,USA,11,20100205,5
CHN,USA,11,20100223,10
CHN,USA,10,20130721,2
CHN,USA,10,20120111,45
CHN,USA,13,20101109,9
CHN,USA,06,20150124,2
CHN,USA,06,20120102,4
CHN,USA,09,20131126,54
CHN,USA,17,20141208,2
CHN,USA,11,20080411,9
CHN,USA,04,20140629,4
CHN,USA,03,20090120,15
CHN,USA,04,20090726,43
CHN,USA,17,20110401,3
CHN,USA,02,20141222,6
CHN,USA,19,20131009,7
CHN,USA,04,20140722,7
CHN,USA,04,20000904,5
CHN,USA,04,20081230,2
CHN,USA,01,20111130,9
CHN,USA,18,20110504,2
CHN,USA,19,20100927,2
CHN,USA,04,20131114,60
CHN,USA,12,20130702,10
CHN,USA,05,20101122,5
CHN,USA,01,20010724,13
CHN,USA,04,20010705,9
CHN,USA,03,20030509,9
CHN,USA,02,20110722,7
CHN,USA,11,20140112,40
CHN,USA,08,20090609,2
CHN,USA,05,20010410,6
CHN,USA,02,20110310,3
CHN,USA,02,20111022,10
CHN,USA,04,20140828,3
CHN,USA,13,20121026,7
CHN,USA,03,20141127,4
CHN,USA,02,20041008,3
CHN,USA,11,20130628,24
CHN,USA,06,20071129,3
CHN,USA,12,20141101,50
CHN,USA,01,20121112,12
CHN,USA,02,20120904,8
CHN,USA,03,20120127,8
CHN,USA,06,20080710,16
CHN,USA,19,20090324,2
CHN,USA,11,20100219,5
CHN,USA,03,20091117,1
CHN,USA,17,20010517,14
CHN,USA,05,20120905,65
CHN,USA,05,20140514,8
CHN,USA,04,20100921,4
CHN,USA,13,20120219,9
CHN,USA,04,20111008,9
CHN,USA,04,20071004,2
CHN,USA,04,20130926,12
CHN,USA,04,20090310,22
CHN,USA,17,20150129,16
CHN,USA,06,20090914,5
CHN,USA,04,20150127,3
CHN,USA,01,20090103,1
CHN,USA,07,20130117,2
CHN,USA,06,20110311,9
CHN,USA,17,20010402,1
CHN,USA,11,20140326,2
CHN,USA,03,20090604,6
CHN,USA,02,20080911,2
CHN,USA,11,20130801,100
CHN,USA,11,20111104,51
CHN,USA,04,20080925,12
CHN,USA,06,20101027,8
CHN,USA,09,20100322,20
CHN,USA,17,20100324,5
CHN,USA,11,20140626,4
CHN,USA,04,20131120,18
CHN,USA,02,20100904,2
CHN,USA,06,20130308,2
CHN,USA,13,20100829,4
CHN,USA,06,20110807,2
CHN,USA,04,20120213,10
CHN,USA,05,20130913,6
CHN,USA,04,20100412,6
CHN,USA,04,20140509,4
CHN,USA,05,20091117,44
CHN,USA,05,20100918,6
CHN,USA,04,20140303,22
CHN,USA,04,20120731,9
CHN,USA,01,20120105,28
CHN,USA,02,20141112,28
CHN,USA,03,20100204,31
CHN,USA,04,20050213,8
CHN,USA,01,20120314,18
CHN,USA,06,20110427,4
CHN,USA,08,20110713,9
CHN,USA,05,20100606,133
CHN,USA,02,20130326,8
CHN,USA,04,20030707,6
CHN,USA,11,20100123,25
CHN,USA,09,20131127,24
CHN,USA,04,20080424,24
CHN,USA,02,20021213,3
CHN,USA,04,20031118,4
CHN,USA,17,20120311,4
CHN,USA,04,20140908,11
CHN,USA,04,20050427,8
CHN,USA,04,20140507,20
CHN,USA,03,20070224,6
CHN,USA,02,20101107,9
CHN,USA,06,20130823,4
CHN,USA,19,20101228,9
CHN,USA,01,20100331,12
CHN,USA,05,20030925,5
CHN,USA,04,20120506,10
CHN,USA,06,20130814,12
CHN,USA,07,20090617,1
CHN,USA,18,20130928,3
CHN,USA,04,20120611,1
CHN,USA,04,20090926,14
CHN,USA,10,20010403,23
CHN,USA,19,20150217,2
CHN,USA,03,20030718,4
CHN,USA,03,20101213,10
CHN,USA,03,20120315,8
CHN,USA,02,20090914,16
CHN,USA,02,20130827,6
CHN,USA,03,20130727,12
CHN,USA,04,20131108,8
CHN,USA,07,20120222,9
CHN,USA,04,20130721,51
CHN,USA,03,20140625,4
CHN,USA,04,20110106,14
CHN,USA,01,20120703,5
CHN,USA,12,20130810,4
CHN,USA,05,20131106,6
CHN,USA,04,20040915,6
CHN,USA,01,20090928,7
CHN,USA,03,20141017,10
CHN,USA,01,20071121,3
CHN,USA,10,20060512,4
CHN,USA,14,20140711,2
CHN,USA,01,20091001,8
CHN,USA,04,20130104,134
CHN,USA,06,20020724,2
CHN,USA,08,20080718,4
CHN,USA,04,20090915,16
CIV,USA,01,20141015,1
CIV,USA,01,20101223,3
CMR,USA,01,20141014,12
COD,USA,04,20010117,7
COD,USA,02,20100806,4
COD,USA,07,20110321,7
COD,USA,04,20110708,9
COD,USA,01,20091204,2
COD,USA,04,20090902,2
COD,USA,07,20140310,2
COG,USA,08,20140402,6
COG,USA,01,20100826,4
COG,USA,01,20041016,2
COG,USA,04,20090810,54
COG,USA,06,20121130,1
COG,USA,10,20060817,12
COG,USA,19,20100703,9
COG,USA,19,20120523,7
COG,USA,01,20130210,1
COL,USA,11,20091125,16
COL,USA,01,20000917,5
COL,USA,19,20010320,12
COL,USA,08,20080119,10
COL,USA,04,20140409,2
COL,USA,01,20080229,10
COL,USA,01,20100108,1
COL,USA,01,20140907,10
COL,USA,04,20111031,4
COL,USA,03,20130212,2
COL,USA,01,20050421,4
COL,USA,04,20080829,1
COL,USA,17,20070519,4
COL,USA,05,20140207,2
COL,USA,01,20130430,1
COL,USA,04,20121113,1
COL,USA,19,20091207,9
COL,USA,06,20141116,5
COL,USA,04,20110622,4
COL,USA,02,20140319,5
COL,USA,04,20080705,25
COL,USA,07,20071030,2
COL,USA,06,20101028,2
COL,USA,04,20070910,4
COL,USA,03,20080703,3
COL,USA,03,20070311,10
COL,USA,17,20080805,4
COL,USA,04,20120104,27
COL,USA,01,20020627,2
COL,USA,03,20070320,2
COL,USA,05,20091203,8
COL,USA,04,20081005,2
COL,USA,04,20051116,6
COL,USA,17,20070617,5
COL,USA,04,20130526,16
CRI,USA,04,20120426,6
CRI,USA,04,20030423,14
CRI,USA,06,20130809,1
CRI,USA,04,20090718,4
CRI,USA,01,20110731,9
CRI,USA,04,20090720,12
CRI,USA,05,20131220,4
CRI,USA,05,20091205,1
CRI,USA,02,20000303,1
CRI,USA,04,20140811,6
CRI,USA,01,20090718,2
CUB,USA,08,20150213,12
CUB,USA,02,20010512,9
CUB,USA,04,20050506,7
CUB,USA,05,20040417,1
CUB,USA,12,20080922,1
CUB,USA,01,20141226,14
CUB,USA,03,20131022,10
CUB,USA,04,20110527,1
CUB,USA,19,20010422,5
CUB,USA,04,20100626,1
CUB,USA,12,20030508,3
CUB,USA,11,20110108,4
CUB,USA,10,20060714,1
CUB,USA,01,20091004,1
CUB,USA,08,20140711,1
CUB,USA,02,20100202,1
CUB,USA,04,20091120,1
CUB,USA,08,20090418,14
CUB,USA,04,20100812,3
CUB,USA,05,20090625,7
CUB,USA,05,20141227,10
CUB,USA,06,20100219,2
CUB,USA,12,20141224,3
CUB,USA,17,20110907,36
CUB,USA,17,20110729,9
CUB,USA,06,20141218,10
CUB,USA,17,20120227,15
CUB,USA,12,20010421,5
CUB,USA,04,20071102,1
CUB,USA,09,20010214,5
CUB,USA,16,20121015,2
CUB,USA,17,20070629,1
CUB,USA,12,20090926,7
CUB,USA,11,20110305,8
CUB,USA,03,20150113,16
CUB,USA,04,20150212,2
CUB,USA,08,20110722,3
CUB,USA,01,20081222,2
CUB,USA,05,20040415,1
CUB,USA,04,20090826,7
CUB,USA,03,20010914,9
CUB,USA,12,20110913,1
CUB,USA,11,20080710,7
CUB,USA,09,20080724,3
CUB,USA,04,20100907,1
CUB,USA,17,20140602,20
CUB,USA,17,20091206,11
CUB,USA,04,20120912,4
CUB,USA,05,20141229,84
CUB,USA,02,20081108,9
CUB,USA,01,20091118,25
CUB,USA,01,20100214,2
CUB,USA,19,20000428,4
CUB,USA,12,20091222,4
CUB,USA,01,20150119,5
CUB,USA,05,20140313,10
CUB,USA,04,20040825,2
CUB,USA,04,20060614,2
CUB,USA,12,20100815,1
CUB,USA,06,20090409,6
CUB,USA,08,20130902,2
CUB,USA,05,20141106,1
CUB,USA,06,20130610,2
CUB,USA,05,20100513,2
CUB,USA,17,20150121,24
CUB,USA,04,20081019,17
CUB,USA,17,20060616,1
CUB,USA,01,20090427,1
CUB,USA,11,20130810,2
CUB,USA,11,20100127,1
CUB,USA,04,20130923,2
CUB,USA,01,20091226,2
CUB,USA,18,20070309,8
CUB,USA,17,20131127,6
CUB,USA,13,20090413,1
CUB,USA,01,20100114,6
CUB,USA,04,20150218,6
CUB,USA,08,20090818,4
CUB,USA,03,20030808,2
CUB,USA,05,20090410,6
CUB,USA,13,20070711,5
CUB,USA,01,20141007,2
CUB,USA,10,20141220,6
CUB,USA,12,20140919,14
CUB,USA,04,20140411,15
CUB,USA,04,20110325,9
CUB,USA,05,20081220,4
CUB,USA,04,20101205,4
CUB,USA,04,20070716,2
CUB,USA,04,20140429,18
CYM,USA,04,20140217,4
CYP,USA,01,20130430,48
CYP,USA,06,20140410,2
CYP,USA,04,20141105,4
CYP,USA,04,20140207,40
CYP,USA,04,20040210,5
CYP,USA,07,20101111,4
CZE,USA,02,20011107,2
CZE,USA,04,20091228,4
CZE,USA,03,20011004,4
CZE,USA,04,20070423,9
CZE,USA,11,20140703,4
CZE,USA,03,20070523,9
CZE,USA,01,20110207,7
CZE,USA,04,20140514,1
CZE,USA,03,20090304,3
CZE,USA,03,20080825,5
CZE,USA,01,20091023,5
CZE,USA,04,20080821,6
CZE,USA,09,20140115,4
CZE,USA,05,20080527,4
CZE,USA,04,20131031,2
CZE,USA,18,20010919,3
DEU,USA,04,20110523,6
DEU,USA,09,20140114,1
DEU,USA,17,20110603,12
DEU,USA,04,20080728,6
DEU,USA,11,20110607,2
DEU,USA,12,20090608,2
DEU,USA,08,20130128,6
DEU,USA,11,20140604,1
DEU,USA,05,20110404,1
DEU,USA,04,20130820,13
DEU,USA,02,20130630,8
DEU,USA,17,20120817,10
DEU,USA,02,20090410,9
DEU,USA,05,20070127,1
DEU,USA,01,20131202,1
DEU,USA,01,20100608,1
DEU,USA,14,20140324,5
DEU,USA,04,20090107,8
DEU,USA,05,20030707,1
DEU,USA,17,20110512,1
DEU,USA,01,20010722,1
DEU,USA,01,20070213,3
DEU,USA,04,20100803,7
DEU,USA,04,20130407,29
DEU,USA,12,20110115,23
DEU,USA,06,20140610,3
DEU,USA,11,20130102,8
DEU,USA,06,20130910,10
DEU,USA,05,20101225,7
DEU,USA,04,20090325,4
DEU,USA,04,20020423,4
DEU,USA,01,20110706,1
DEU,USA,04,20031011,3
DEU,USA,04,20080624,3
DEU,USA,02,20101006,3
DEU,USA,01,20081218,4
DEU,USA,06,20140205,1
DEU,USA,18,20140821,4
DEU,USA,04,20121013,10
DEU,USA,02,20051118,5
DEU,USA,08,20131101,18
DEU,USA,03,20140922,26
DEU,USA,19,20140512,4
DEU,USA,01,20121013,4
DEU,USA,02,20131102,3
DEU,USA,04,20071208,4
DEU,USA,11,20140102,4
DEU,USA,04,20140716,6
DEU,USA,04,20120815,2
DEU,USA,04,20091128,1
DEU,USA,05,20030923,6
DEU,USA,05,20150206,2
DEU,USA,04,20110310,4
DEU,USA,02,20120117,37
DEU,USA,05,20120917,15
DEU,USA,04,20131125,8
DEU,USA,11,20080830,1
DEU,USA,04,20130701,47
DEU,USA,07,20121102,8
DEU,USA,01,20140105,3
DEU,USA,04,20041202,2
DEU,USA,01,20081225,12
DEU,USA,01,20100810,9
DEU,USA,05,20140324,4
DEU,USA,03,20070313,2
DEU,USA,01,20000302,2
DEU,USA,03,20081112,30
DEU,USA,04,20001017,24
DEU,USA,11,20130719,4
DEU,USA,04,20141006,4
DEU,USA,11,20130402,4
DEU,USA,17,20131104,2
DEU,USA,03,20120529,2
DEU,USA,01,20140707,8
DEU,USA,11,20050610,3
DEU,USA,04,20010501,5
DEU,USA,09,20140320,11
DEU,USA,03,20120204,39
DEU,USA,17,20111214,2
DEU,USA,19,20090312,1
DEU,USA,09,20130824,4
DEU,USA,01,20130213,8
DEU,USA,04,20070810,20
DEU,USA,13,20140515,1
DEU,USA,05,20021004,2
DEU,USA,01,20110916,4
DEU,USA,06,20100422,1
DEU,USA,04,20120919,1
DEU,USA,17,20120213,7
DEU,USA,05,20121213,10
DEU,USA,19,20120723,5
DEU,USA,19,20130104,1
DEU,USA,04,20030415,9
DEU,USA,11,20121202,8
DNK,USA,01,20091220,4
DNK,USA,03,20090321,16
DNK,USA,03,20090713,2
DNK,USA,04,20030506,1
DNK,USA,04,20101006,2
DNK,USA,04,20101202,3
DNK,USA,01,20081112,10
DNK,USA,05,20091217,9
DNK,USA,04,20120614,27
DNK,USA,17,20091209,5
DNK,USA,04,20090425,2
DNK,USA,04,20020703,3
DNK,USA,12,20121115,6
DNK,USA,01,20131018,10
DNK,USA,03,20110314,4
DNK,USA,17,20120909,18
DNK,USA,03,20140603,32
DNK,USA,04,20121015,2
DNK,USA,01,20120529,4
DNK,USA,12,20030306,6
DNK,USA,11,20020703,2
DNK,USA,05,20090922,2
DOM,USA,04,20130624,4
DOM,USA,01,20090106,2
DOM,USA,04,20070316,2
DOM,USA,04,20141020,2
DOM,USA,17,20110222,3
DOM,USA,01,20130420,2
DOM,USA,14,20130803,10
DOM,USA,01,20090921,2
DOM,USA,04,20101117,6
DOM,USA,01,20120824,1
DOM,USA,19,20080609,5
DOM,USA,04,20011126,2
DZA,USA,06,20090701,1
DZA,USA,02,20070515,6
DZA,USA,19,20140127,2
DZA,USA,04,20110712,2
DZA,USA,04,20040608,17
DZA,USA,04,20120924,2
DZA,USA,04,20001204,1
DZA,USA,01,20100109,2
DZA,USA,04,20130121,28
DZA,USA,04,20010712,2
ECU,USA,02,20120925,6
ECU,USA,01,20090810,1
ECU,USA,04,20100809,6
ECU,USA,02,20130623,42
ECU,USA,02,20120622,4
ECU,USA,13,20120208,2
ECU,USA,06,20121028,2
ECU,USA,01,20040202,3
ECU,USA,17,20110425,2
ECU,USA,04,20080307,6
ECU,USA,11,20150108,6
ECU,USA,02,20120624,2
ECU,USA,03,20120816,2
ECU,USA,19,20120426,2
ECU,USA,04,20110604,5
ECU,USA,01,20061211,2
EGY,USA,04,20000309,2
EGY,USA,11,20140923,8
EGY,USA,02,20130115,10
EGY,USA,03,20090819,9
EGY,USA,11,20140217,1
EGY,USA,12,20011219,2
EGY,USA,02,20110608,19
EGY,USA,19,20140721,7
EGY,USA,01,20070705,5
EGY,USA,09,20100211,2
EGY,USA,01,20100928,32
EGY,USA,05,20100111,6
EGY,USA,04,20110212,84
EGY,USA,04,20141116,22
EGY,USA,04,20040927,1
EGY,USA,01,20140815,24
EGY,USA,04,20120711,14
EGY,USA,13,20030401,4
EGY,USA,08,20101017,15
EGY,USA,04,20131112,1
EGY,USA,02,20140429,6
EGY,USA,04,20020914,3
EGY,USA,02,20110128,16
EGY,USA,03,20090414,1
EGY,USA,04,20141024,10
EGY,USA,04,20060806,4
EGY,USA,04,20131223,7
EGY,USA,18,20110204,1
EGY,USA,05,20111109,1
EGY,USA,11,20090610,7
EGY,USA,08,20130713,2
EGY,USA,19,20131206,1
EGY,USA,04,20140730,2
EGY,USA,04,20110313,2
EGY,USA,03,20010817,5
EGY,USA,16,20140810,7
EGY,USA,04,20140719,4
EGY,USA,02,20110217,2
EGY,USA,08,20021101,6
EGY,USA,16,20131010,12
EGY,USA,04,20110909,9
EGY,USA,06,20100202,1
EGY,USA,01,20001229,2
EGY,USA,03,20120202,8
EGY,USA,01,20090118,1
EGY,USA,13,20110304,2
EGY,USA,08,20100929,6
EGY,USA,04,20001109,3
EGY,USA,04,20110503,6
EGY,USA,04,20120627,9
EGY,USA,03,20071108,8
EGY,USA,01,20140315,3
EGY,USA,02,20091018,9
EGY,USA,01,20110821,8
EGY,USA,01,20080511,2
EGY,USA,04,20100520,4
EGY,USA,18,20130507,2
EGY,USA,01,20140327,16
EGY,USA,04,20110119,4
EGY,USA,01,20121208,3
EGY,USA,06,20120911,7
EGY,USA,17,20060510,2
EGY,USA,19,20140117,6
EGY,USA,11,20011002,10
EGY,USA,04,20130908,10
EGY,USA,19,20140615,1
EGY,USA,04,20131209,4
EGY,USA,11,20110415,20
EGY,USA,02,20100615,4
EGY,USA,05,20120317,9
EGY,USA,02,20121104,2
EGY,USA,04,20030423,4
EGY,USA,09,20140218,7
EGY,USA,16,20140625,6
EGY,USA,04,20120614,1
EGY,USA,11,20011025,3
EGY,USA,04,20050116,5
EGY,USA,04,20130220,10
EGY,USA,02,20130714,8
EGY,USA,01,20121220,2
EGY,USA,01,20130211,19
EGY,USA,01,20130629,23
ERI,USA,11,20060109,9
ESP,USA,04,20091128,6
ESP,USA,04,20090322,2
ESP,USA,08,20110322,8
ESP,USA,01,20080710,2
ESP,USA,17,20080625,2
ESP,USA,05,20140712,2
ESP,USA,04,20130917,8
ESP,USA,01,20100113,2
ESP,USA,19,20080606,1
ESP,USA,05,20030528,2
ESP,USA,10,20120720,1
ESP,USA,04,20060619,3
ESP,USA,02,20070602,7
ESP,USA,01,20070605,4
ESP,USA,03,20141022,10
ESP,USA,04,20090214,2
ESP,USA,08,20130503,1
ESP,USA,04,20140526,2
ESP,USA,11,20060227,1
ESP,USA,01,20090909,4
ESP,USA,11,20140422,10
ESP,USA,11,20140729,4
ESP,USA,17,20140625,30
ESP,USA,17,20130528,32
ESP,USA,08,20120128,2
ESP,USA,19,20101208,4
ESP,USA,11,20130916,4
ESP,USA,01,20011002,2
ESP,USA,08,20101214,1
ESP,USA,04,20110718,2
ESP,USA,05,20010130,6
ESP,USA,11,20140530,8
ESP,USA,14,20150106,10
ESP,USA,19,20110904,6
ESP,USA,03,20101223,9
ESP,USA,01,20100921,8
ESP,USA,04,20131130,8
ESP,USA,18,20140924,10
ESP,USA,06,20130613,3
ESP,USA,19,20120516,3
ESP,USA,03,20010111,1
ESP,USA,04,20140517,6
ESP,USA,04,20130521,1
ESP,USA,17,20140111,3
ESP,USA,03,20120210,13
ESP,USA,05,20050602,9
ESP,USA,05,20120521,12
ESP,USA,01,20140902,1
ESP,USA,02,20111202,9
ESP,USA,04,20070409,3
ESP,USA,03,20110807,1
ESP,USA,05,20121012,1
ESP,USA,04,20130123,2
ESP,USA,03,20121010,6
ESP,USA,04,20011030,21
ESP,USA,02,20120916,10
ESP,USA,01,20131011,6
ESP,USA,08,20130220,18
ESP,USA,04,20140728,5
ESP,USA,11,20140719,8
ESP,USA,04,20030221,2
ESP,USA,07,20140924,2
ESP,USA,19,20080711,5
ESP,USA,01,20140619,8
ESP,USA,12,20150122,2
EST,USA,06,20140619,8
EST,USA,03,20021218,1
EST,USA,08,20110420,3
EST,USA,17,20000803,2
EST,USA,01,20040229,8
ETH,USA,04,20141008,4
ETH,USA,03,20141025,6
ETH,USA,14,20141016,6
ETH,USA,01,20111231,48
ETH,USA,06,20120313,1
ETH,USA,08,20071213,2
ETH,USA,09,20110421,6
ETH,USA,18,20130716,6
ETH,USA,01,20070329,1
ETH,USA,01,20101205,2
EUR,USA,03,20060329,8
EUR,USA,03,20140420,1
EUR,USA,04,20060919,10
EUR,USA,12,20120117,2
EUR,USA,08,20010404,1
EUR,USA,04,20141124,6
EUR,USA,11,20140410,4
EUR,USA,04,20100806,74
EUR,USA,06,20121209,10
EUR,USA,11,20101220,1
EUR,USA,05,20091106,9
EUR,USA,04,20040213,3
EUR,USA,04,20130210,4
EUR,USA,04,20030403,9
EUR,USA,12,20110926,7
EUR,USA,04,20131219,6
EUR,USA,19,20070620,45
EUR,USA,08,20021229,10
EUR,USA,04,20140930,6
EUR,USA,02,20010424,5
EUR,USA,03,20120706,10
EUR,USA,05,20091105,9
EUR,USA,05,20140716,10
EUR,USA,01,20140225,3
EUR,USA,18,20121220,5
EUR,USA,04,20070611,3
EUR,USA,04,20060809,3
EUR,USA,02,20140420,10
EUR,USA,03,20150208,8
EUR,USA,11,20120709,2
EUR,USA,04,20080622,9
EUR,USA,05,20101203,2
EUR,USA,04,20110805,10
EUR,USA,05,20140314,51
EUR,USA,12,20140724,2
EUR,USA,04,20090908,9
EUR,USA,11,20111224,7
EUR,USA,01,20111201,7
EUR,USA,04,20030611,2
EUR,USA,04,20141020,2
EUR,USA,01,20110922,4
EUR,USA,05,20071106,2
EUR,USA,03,20090302,2
EUR,USA,03,20090922,9
EUR,USA,05,20140707,2
EUR,USA,06,20121204,10
EUR,USA,02,20060923,1
EUR,USA,05,20140131,8
EUR,USA,05,20040211,9
EUR,USA,01,20141130,16
EUR,USA,02,20080418,6
EUR,USA,01,20070419,4
EUR,USA,06,20110228,4
EUR,USA,01,20090310,17
EUR,USA,04,20030403,2
EUR,USA,04,20090128,2
EUR,USA,01,20110309,9
EUR,USA,07,20141117,5
EUR,USA,04,20141024,5
EUR,USA,10,20060823,9
EUR,USA,04,20080829,1
EUR,USA,11,20061212,1
EUR,USA,03,20060407,10
EUR,USA,03,20110719,3
EUR,USA,01,20110903,4
EUR,USA,04,20110122,9
EUR,USA,11,20111124,2
EUR,USA,19,20101111,2
EUR,USA,01,20140929,16
EUR,USA,05,20081204,9
EUR,USA,12,20121203,2
EUR,USA,11,20070414,4
EUR,USA,04,20080201,6
EUR,USA,03,20111013,10
EUR,USA,13,20120118,9
EUR,USA,04,20101127,5
EUR,USA,02,20110712,7
EUR,USA,05,20090511,7
EUR,USA,02,20080203,5
EUR,USA,19,20120121,5
EUR,USA,01,20061005,1
EUR,USA,03,20111209,10
EUR,USA,04,20020716,2
EUR,USA,03,20140428,2
EUR,USA,05,20131114,5
EUR,USA,06,20130712,5
EUR,USA,03,20080314,2
EUR,USA,05,20131110,3
EUR,USA,05,20101006,9
EUR,USA,06,20130516,10
EUR,USA,11,20130205,1
EUR,USA,07,20090527,3
EUR,USA,04,20090224,6
EUR,USA,17,20130410,30
EUR,USA,04,20100915,8
EUR,USA,04,20070413,2
EUR,USA,04,20120706,10
EUR,USA,05,20121018,4
EUR,USA,05,20080930,1
EUR,USA,13,20100921,10
EUR,USA,03,20080612,2
EUR,USA,04,20140804,4
EUR,USA,04,20120310,2
EUR,USA,09,20090505,10
EUR,USA,04,20100527,2
EUR,USA,01,20040403,9
EUR,USA,04,20130614,1
EUR,USA,04,20000118,17
EUR,USA,16,20110825,13
EUR,USA,05,20131220,60
EUR,USA,04,20111025,63
EUR,USA,04,20130913,20
EUR,USA,05,20030509,2
EUR,USA,09,20080131,8
EUR,USA,02,20110314,66
EUR,USA,16,20140717,13
EUR,USA,04,20060613,9
EUR,USA,07,20061103,1
EUR,USA,04,20120517,294
EUR,USA,16,20070514,8
EUR,USA,04,20140404,6
EUR,USA,05,20140517,2
EUR,USA,17,20140319,90
FIN,USA,01,20100910,7
FIN,USA,03,20070521,2
FIN,USA,04,20130923,6
FIN,USA,05,20120307,2
FIN,USA,06,20131022,4
FIN,USA,04,20140407,2
FIN,USA,19,20020322,1
FIN,USA,06,20120523,2
FIN,USA,02,20140416,7
FIN,USA,05,20121128,4
FIN,USA,01,20120729,3
FIN,USA,03,20110809,2
FIN,USA,04,20110620,1
FIN,USA,06,20130320,1
FIN,USA,01,20110907,28
FIN,USA,17,20121120,2
FIN,USA,06,20141026,5
FJI,USA,04,20011210,2
FJI,USA,04,20120402,1
FJI,USA,03,20140130,2
FJI,USA,01,20140901,3
FRA,USA,03,20090516,1
FRA,USA,14,20130721,8
FRA,USA,09,20110807,2
FRA,USA,04,20131108,48
FRA,USA,11,20131029,1
FRA,USA,12,20121016,6
FRA,USA,01,20031028,4
FRA,USA,04,20100228,4
FRA,USA,05,20081118,5
FRA,USA,09,20140225,2
FRA,USA,04,20081009,54
FRA,USA,03,20110516,18
FRA,USA,03,20110427,7
FRA,USA,04,20140921,6
FRA,USA,02,20121230,6
FRA,USA,04,20140816,12
FRA,USA,13,20120729,2
FRA,USA,05,20130305,4
FRA,USA,11,20141014,1
FRA,USA,17,20111116,3
FRA,USA,12,20140327,2
FRA,USA,03,20120301,29
FRA,USA,01,20071002,3
FRA,USA,01,20110106,16
FRA,USA,03,20090106,8
FRA,USA,07,20150110,3
FRA,USA,07,20130911,12
FRA,USA,04,20120307,3
FRA,USA,07,20040304,1
FRA,USA,04,20080921,6
FRA,USA,04,20120515,4
FRA,USA,17,20120911,18
FRA,USA,04,20120131,13
FRA,USA,01,20100917,9
FRA,USA,04,20060628,6
FRA,USA,02,20030812,5
FRA,USA,04,20091005,2
FRA,USA,16,20120629,5
FRA,USA,11,20101129,5
FRA,USA,02,20110827,2
FRA,USA,01,20141107,8
FRA,USA,03,20120318,4
FRA,USA,03,20130704,4
FRA,USA,01,20091222,4
FRA,USA,04,20080312,2
FRA,USA,19,20121218,4
FRA,USA,03,20120814,2
FRA,USA,05,20110806,9
FRA,USA,04,20060428,8
FRA,USA,05,20060704,2
FRA,USA,09,20090831,4
FRA,USA,01,20040604,5
FRA,USA,01,20070102,2
FRA,USA,04,20090313,9
FRA,USA,04,20141124,10
FRA,USA,03,20120704,8
FRA,USA,02,20120302,9
FRA,USA,11,20090116,2
FRA,USA,05,20140924,16
FRA,USA,02,20120212,4
FRA,USA,08,20131002,24
FRA,USA,02,20100816,4
FRA,USA,04,20091121,17
FRA,USA,16,20120208,18
FRA,USA,18,20140830,6
FRA,USA,16,20140626,28
FRA,USA,04,20030129,2
FRA,USA,05,20030113,4
FRA,USA,04,20010131,5
FRA,USA,04,20130920,14
FRA,USA,02,20040827,4
FRA,USA,19,20141105,1
FRA,USA,01,20081104,5
FRA,USA,02,20100625,2
FRA,USA,05,20060531,3
FRA,USA,04,20090126,8
FRA,USA,05,20111227,6
FRA,USA,06,20140430,181
FRA,USA,01,20030218,3
FRA,USA,11,20071013,4
FRA,USA,03,20110312,11
FRA,USA,09,20010412,9
FRA,USA,05,20060519,16
FRA,USA,05,20071216,1
FRA,USA,13,20130712,11
FRA,USA,09,20130326,4
FRA,USA,01,20090213,1
FRA,USA,11,20131022,14
FRA,USA,04,20130613,10
FRA,USA,07,20120228,1
FRA,USA,06,20140330,4
FRA,USA,09,20120214,17
FRA,USA,04,20110310,4
FRA,USA,05,20110402,5
FRA,USA,04,20140211,75
FRA,USA,02,20131029,2
FRA,USA,05,20111204,9
FRA,USA,05,20051005,6
FRA,USA,11,20070705,4
FRA,USA,04,20111231,6
FRA,USA,01,20141110,8
FRA,USA,01,20120721,6
FRA,USA,05,20110806,16
FRA,USA,04,20130930,19
FRA,USA,03,20091117,14
FRA,USA,05,20110124,1
FRA,USA,05,20100803,18
FRA,USA,01,20140806,3
FRA,USA,01,20040928,13
FRA,USA,01,20130722,2
FRA,USA,11,20110128,2
FRA,USA,01,20070606,9
FRA,USA,01,20120227,2
FRA,USA,16,20090521,2
FRA,USA,04,20101105,2
FRA,USA,05,20130107,2
FRA,USA,03,20100908,2
FRA,USA,05,20101026,2
FRA,USA,03,20140627,6
FRA,USA,01,20140303,6
FRA,USA,08,20120908,6
FRA,USA,01,20050703,9
FRA,USA,09,20130812,1
FRA,USA,01,20120325,4
FRA,USA,05,20100325,7
FRA,USA,04,20141103,4
FRA,USA,07,20130305,2
FRA,USA,17,20120629,13
FRA,USA,05,20140518,8
FRA,USA,04,20110920,3
FRA,USA,04,20060623,5
FRA,USA,02,20080311,5
FRA,USA,03,20081107,3
FRA,USA,04,20140211,25
FRA,USA,04,20110803,4
FRA,USA,04,20120416,2
FRA,USA,14,20110711,8
FRA,USA,11,20060809,6
FRA,USA,01,20100321,4
FRA,USA,04,20131023,13
FRA,USA,04,20051009,1
FSM,USA,07,20130227,6
FSM,USA,07,20141201,1
FSM,USA,08,20130811,5
GBR,USA,04,20080213,4
GBR,USA,18,20110328,14
GBR,USA,13,20101224,18
GBR,USA,03,20130717,8
GBR,USA,04,20120308,3
GBR,USA,04,20120521,8
GBR,USA,04,20110110,3
GBR,USA,04,20060621,8
GBR,USA,19,20040217,1
GBR,USA,03,20050906,3
GBR,USA,04,20080528,5
GBR,USA,13,20100120,8
GBR,USA,09,20070321,9
GBR,USA,03,20131121,24
GBR,USA,01,20120131,7
GBR,USA,02,20030627,3
GBR,USA,19,20090703,1
GBR,USA,06,20100701,49
GBR,USA,19,20121205,4
GBR,USA,04,20130804,4
GBR,USA,09,20080714,1
GBR,USA,01,20110709,2
GBR,USA,15,20091018,59
GBR,USA,12,20120423,1
GBR,USA,17,20010703,5
GBR,USA,04,20071130,5
GBR,USA,07,20140530,30
GBR,USA,13,20090621,6
GBR,USA,01,20090404,1
GBR,USA,04,20061120,6
GBR,USA,04,20030721,6
GBR,USA,12,20141122,2
GBR,USA,13,20120210,9
GBR,USA,07,20090308,4
GBR,USA,01,20100409,2
GBR,USA,01,20100517,1
GBR,USA,03,20111025,25
GBR,USA,04,20120314,38
GBR,USA,09,20150123,2
GBR,USA,03,20140303,4
GBR,USA,01,20100719,1
GBR,USA,05,20100501,2
GBR,USA,04,20110724,125
GBR,USA,05,20120222,15
GBR,USA,04,20070328,1
GBR,USA,01,20090509,2
GBR,USA,04,20140626,7
GBR,USA,12,20140617,40
GBR,USA,05,20061130,2
GBR,USA,06,20140816,3
GBR,USA,06,20070322,9
GBR,USA,15,20070205,10
GBR,USA,04,20140210,3
GBR,USA,07,20110401,3
GBR,USA,11,20130908,10
GBR,USA,19,20110503,10
GBR,USA,03,20100503,2
GBR,USA,03,20070504,10
GBR,USA,04,20090503,7
GBR,USA,12,20100203,4
GBR,USA,04,20000308,2
GBR,USA,03,20120807,4
GBR,USA,12,20130110,1
GBR,USA,04,20130810,20
GBR,USA,10,20091203,6
GBR,USA,17,20021126,7
GBR,USA,17,20110829,5
GBR,USA,06,20070921,2
GBR,USA,10,20030321,2
GBR,USA,11,20010129,2
GBR,USA,04,20071209,7
GBR,USA,02,20030407,4
GBR,USA,01,20150112,1
GBR,USA,03,20010115,2
GBR,USA,05,20101029,3
GBR,USA,04,20141027,82
GBR,USA,13,20130706,2
GBR,USA,17,20101001,7
GBR,USA,13,20040922,10
GBR,USA,19,20111024,4
GBR,USA,04,20061201,18
GBR,USA,04,20140407,14
GBR,USA,02,20110402,3
GBR,USA,04,20131104,20
GBR,USA,01,20101231,6
GBR,USA,04,20150128,24
GBR,USA,11,20100111,8
GBR,USA,03,20090320,7
GBR,USA,13,20100603,6
GBR,USA,03,20020925,3
GBR,USA,05,20140907,1
GBR,USA,05,20020728,6
GBR,USA,16,20121029,6
GBR,USA,14,20030408,3
GBR,USA,12,20090329,9
GBR,USA,05,20030126,3
GBR,USA,05,20091210,4
GBR,USA,12,20090408,5
GBR,USA,02,20000914,2
GBR,USA,04,20130919,14
GBR,USA,02,20130615,6
GBR,USA,04,20140221,27
GBR,USA,05,20020804,2
GBR,USA,04,20030118,5
GBR,USA,02,20090301,1
GBR,USA,13,20141118,4
GBR,USA,19,20091228,36
GBR,USA,18,20120501,6
GBR,USA,08,20110823,3
GBR,USA,14,20130112,10
GBR,USA,19,20090522,2
GBR,USA,12,20110428,9
GBR,USA,04,20110417,12
GBR,USA,18,20090820,1
GBR,USA,01,20131031,66
GBR,USA,07,20110502,9
GBR,USA,12,20130825,8
GBR,USA,04,20120706,4
GBR,USA,11,20120114,4
GBR,USA,05,20131125,2
GBR,USA,09,20120223,1
GBR,USA,06,20130902,6
GBR,USA,11,20140115,25
GBR,USA,06,20121101,2
GBR,USA,04,20010917,14
GBR,USA,04,20110321,6
GBR,USA,01,20100824,3
GBR,USA,06,20130114,2
GBR,USA,03,20100721,6
GBR,USA,04,20090606,35
GBR,USA,11,20121022,4
GBR,USA,05,20140214,5
GBR,USA,18,20130628,4
GBR,USA,19,20141006,4
GBR,USA,11,20111216,12
GBR,USA,01,20121218,5
GBR,USA,04,20101109,7
GBR,USA,03,20000211,5
GBR,USA,04,20120722,10
GBR,USA,05,20090528,8
GBR,USA,02,20090830,9
GBR,USA,13,20101113,8
GBR,USA,06,20080910,18
GBR,USA,06,20030223,8
GBR,USA,19,20101206,6
GBR,USA,05,20140902,6
GBR,USA,04,20090713,17
GBR,USA,01,20121108,10
GBR,USA,11,20070901,6
GBR,USA,04,20140213,1
GBR,USA,04,20070806,5
GBR,USA,04,20140403,10
GBR,USA,04,20130729,5
GBR,USA,02,20000314,2
GBR,USA,02,20070425,2
GBR,USA,04,20061224,1
GBR,USA,11,20120511,5
GBR,USA,03,20131127,8
GBR,USA,03,20060716,1
GBR,USA,02,20150201,30
GBR,USA,06,20110808,7
GBR,USA,08,20120924,11
GBR,USA,01,20121015,2
GBR,USA,10,20030606,1
GBR,USA,09,20140924,9
GBR,USA,17,20090530,2
GBR,USA,04,20150207,1
GBR,USA,19,20130309,6
GBR,USA,01,20090816,6
GBR,USA,06,20120507,2
GBR,USA,19,20111018,2
GBR,USA,17,20120707,6
GBR,USA,01,20090925,49
GBR,USA,02,20140415,1
GBR,USA,01,20110907,3
GBR,USA,04,20120530,4
GBR,USA,04,20080415,4
GBR,USA,04,20110226,30
GBR,USA,06,20110201,4
GBR,USA,01,20110809,1
GBR,USA,11,20130826,2
GBR,USA,10,20140210,2
GBR,USA,04,20121030,15
GBR,USA,05,20040909,4
GBR,USA,03,20120831,2
GBR,USA,07,20131209,10
GBR,USA,03,20120423,18
GBR,USA,05,20141207,1
GBR,USA,03,20111004,10
GBR,USA,01,20090502,3
GBR,USA,04,20050828,4
GBR,USA,11,20131027,2
GBR,USA,06,20140729,6
GBR,USA,18,20120907,10
GBR,USA,01,20100713,2
GBR,USA,17,20090215,2
GBR,USA,03,20140506,42
GBR,USA,03,20020119,3
GBR,USA,19,20130127,20
GBR,USA,02,20140520,32
GBR,USA,04,20011022,6
GBR,USA,02,20100722,3
GBR,USA,11,20091130,27
GBR,USA,08,20090914,4
GBR,USA,01,20110808,4
GBR,USA,04,20000130,3
GBR,USA,06,20051220,9
GBR,USA,11,20110301,10
GBR,USA,09,20090730,20
GBR,USA,11,20120323,10
GBR,USA,11,20100619,7
GBR,USA,11,20040212,17
GBR,USA,10,20080626,2
GBR,USA,13,20130909,8
GBR,USA,06,20060707,1
GBR,USA,04,20140115,12
GBR,USA,04,20061027,2
GBR,USA,05,20080102,3
GBR,USA,02,20110211,8
GBR,USA,01,20131207,16
GBR,USA,05,20130831,1
GBR,USA,09,20100828,2
GBR,USA,19,20120806,2
GBR,USA,01,20021117,5
GBR,USA,07,20100202,5
GBR,USA,18,20101117,7
GBR,USA,02,20111215,3
GBR,USA,19,20090227,2
GBR,USA,03,20140506,32
GBR,USA,04,20100128,16
GBR,USA,10,20090811,5
GBR,USA,19,20111124,22
GBR,USA,17,20110721,8
GBR,USA,13,20140116,4
GBR,USA,19,20090619,9
GBR,USA,03,20101204,5
GBR,USA,08,20131022,8
GBR,USA,10,20130613,14
GBR,USA,05,20011109,15
GBR,USA,06,20130903,12
GBR,USA,05,20090106,5
GBR,USA,01,20130605,36
GBR,USA,05,20030323,12
GBR,USA,11,20000128,1
GBR,USA,02,20061024,2
GEO,USA,11,20110709,2
GEO,USA,04,20000914,7
GHA,USA,04,20091023,5
GHA,USA,08,20090213,9
GHA,USA,04,20070814,7
GHA,USA,05,20150210,1
GHA,USA,11,20121113,2
GHA,USA,05,20110505,3
GHA,USA,05,20100710,10
GHA,USA,01,20110321,2
GHA,USA,02,20120301,4
GHA,USA,04,20111125,2
GHA,USA,04,20090716,2
GHA,USA,04,20130111,8
GHA,USA,07,20110721,5
GHA,USA,04,20130901,2
GHA,USA,17,20130821,1
GHA,USA,04,20120327,4
GIN,USA,01,20130529,1
GIN,USA,01,20140402,55
GIN,USA,11,20110615,5
GMB,USA,02,20100915,9
GMB,USA,04,20100924,5
GNQ,USA,02,20111125,2
GRC,USA,01,20140331,4
GRC,USA,01,20150127,20
GRC,USA,17,20110701,2
GRC,USA,11,20150209,6
GRC,USA,04,20090427,2
GRC,USA,01,20130525,12
GRC,USA,17,20110919,9
GRC,USA,04,20130308,1
GRC,USA,04,20101027,1
GRC,USA,04,20130721,94
GRC,USA,11,20131007,2
GRC,USA,02,20100120,2
GRC,USA,03,20080206,3
GRC,USA,03,20140425,2
GRC,USA,08,20100801,7
GRC,USA,04,20111123,3
GRC,USA,02,20130219,1
GRC,USA,04,20090326,3
GRC,USA,05,20131212,24
GRC,USA,01,20090117,5
GRC,USA,08,20141128,2
GRC,USA,07,20140414,8
GRC,USA,04,20120521,6
GRC,USA,02,20110627,1
GRC,USA,01,20120309,2
GRC,USA,04,20120418,3
GRC,USA,02,20140813,66
GRC,USA,18,20140409,2
GRC,USA,01,20120504,4
GRC,USA,05,20140825,4
GRC,USA,04,20120204,3
GRC,USA,03,20121030,10
GRC,USA,01,20140423,2
GRC,USA,01,20120405,2
GRC,USA,08,20120706,10
GRC,USA,01,20140605,2
GRC,USA,17,20120307,4
GRD,USA,01,20100530,1
GRD,USA,04,20110211,79
GRD,USA,04,20150108,1
GRD,USA,04,20090716,8
GRD,USA,01,20141203,108
GTM,USA,04,20140823,6
GTM,USA,12,20110807,1
GTM,USA,02,20140813,2
GTM,USA,11,20121213,4
GTM,USA,11,20140326,2
GTM,USA,04,20110430,9
GTM,USA,08,20140625,8
GTM,USA,01,20101105,2
GUY,USA,04,20130123,2
GUY,USA,04,20140131,3
GUY,USA,03,20100625,1
GUY,USA,01,20130705,1
GUY,USA,19,20150217,10
GUY,USA,04,20120920,2
GUY,USA,11,20070606,2
GUY,USA,11,20120508,5
GUY,USA,01,20110519,40
GUY,USA,08,20100121,1
GUY,USA,06,20140527,2
GUY,USA,16,20110626,8
GUY,USA,05,20110318,4
GUY,USA,06,20080730,4
GUY,USA,02,20110828,4
HKG,USA,11,20140128,5
HKG,USA,04,20120309,2
HKG,USA,06,20140520,20
HND,USA,05,20000812,4
HND,USA,01,20120215,6
HND,USA,07,20140703,18
HND,USA,04,20140916,4
HND,USA,01,20080929,1
HND,USA,04,20140511,4
HND,USA,01,20091013,1
HND,USA,01,20131227,2
HND,USA,04,20120507,3
HND,USA,04,20090708,3
HND,USA,01,20130515,36
HND,USA,05,20091002,9
HND,USA,17,20020201,1
HRV,USA,05,20100518,8
HRV,USA,05,20030130,1
HRV,USA,05,20080218,4
HRV,USA,02,20030715,2
HRV,USA,04,20080405,5
HRV,USA,01,20011221,5
HTI,USA,03,20030925,8
HTI,USA,04,20121013,10
HTI,USA,04,20090921,7
HTI,USA,12,20100117,6
HTI,USA,08,20101112,4
HTI,USA,19,20100104,2
HTI,USA,04,20070409,2
HTI,USA,02,20110718,5
HTI,USA,05,20100829,9
HTI,USA,11,20120301,4
HTI,USA,02,20140314,2
HTI,USA,01,20120511,3
HTI,USA,04,20140131,2
HTI,USA,04,20020603,1
HTI,USA,01,20140119,22
HTI,USA,17,20101127,14
HTI,USA,04,20100121,5
HTI,USA,04,20040303,6
HTI,USA,06,20100321,2
HTI,USA,12,20040308,5
HTI,USA,06,20110318,21
HTI,USA,04,20141112,5
HTI,USA,17,20010929,2
HTI,USA,04,20130116,1
HTI,USA,06,20090818,3
HTI,USA,11,20091202,1
HUN,USA,04,20081003,4
HUN,USA,04,20140207,4
HUN,USA,04,20011207,9
HUN,USA,01,20100421,2
HUN,USA,05,20021218,7
HUN,USA,01,20140127,2
HUN,USA,04,20140512,4
HUN,USA,04,20100409,2
HUN,USA,04,20021130,8
HUN,USA,10,20020310,1
IDN,USA,09,20021124,7
IDN,USA,04,20001218,2
IDN,USA,17,20110228,1
IDN,USA,01,20010622,2
IDN,USA,01,20101128,2
IDN,USA,19,20070222,4
IDN,USA,06,20140516,30
IDN,USA,01,20120207,15
IDN,USA,01,20120425,6
IDN,USA,06,20101109,4
IDN,USA,17,20090820,2
IDN,USA,05,20140213,10
IDN,USA,04,20101027,2
IDN,USA,02,20100630,6
IDN,USA,04,20120323,7
IDN,USA,04,20060415,1
IDN,USA,03,20101021,1
IDN,USA,17,20070919,4
IDN,USA,11,20091109,12
IDN,USA,04,20080816,1
IDN,USA,03,20141212,30
IDN,USA,06,20130812,1
IDN,USA,04,20140605,7
IDN,USA,19,20130324,55
IDN,USA,04,20050322,3
IDN,USA,17,20110119,10
IDN,USA,03,20090219,4
IDN,USA,04,20141106,1
IDN,USA,03,20110629,5
IDN,USA,04,20130827,10
IDN,USA,04,20100521,1
IDN,USA,07,20120204,1
IDN,USA,04,20100819,78
IDN,USA,16,20101215,5
IDN,USA,06,20100823,9
IDN,USA,05,20140826,2
IDN,USA,11,20150117,1
IDN,USA,01,20150205,2
IDN,USA,19,20000907,1
IDN,USA,07,20140215,4
IDN,USA,04,20101105,9
IDN,USA,11,20070719,2
IND,USA,04,20130713,5
IND,USA,02,20081006,9
IND,USA,04,20110214,4
IND,USA,11,20110502,4
IND,USA,09,20131030,160
IND,USA,03,20080923,5
IND,USA,04,20120423,1
IND,USA,08,20131107,3
IND,USA,04,20040713,2
IND,USA,04,20071012,9
IND,USA,06,20110720,15
IND,USA,02,20111201,7
IND,USA,06,20121126,10
IND,USA,04,20080614,11
IND,USA,12,20140313,4
IND,USA,04,20110902,4
IND,USA,01,20111025,1
IND,USA,05,20060524,2
IND,USA,02,20101218,9
IND,USA,04,20141114,11
IND,USA,04,20141001,8
IND,USA,02,20130102,2
IND,USA,17,20131216,6
IND,USA,02,20130415,10
IND,USA,02,20110307,2
IND,USA,05,20080720,5
IND,USA,03,20110911,6
IND,USA,04,20081117,6
IND,USA,04,20030322,4
IND,USA,14,20140114,1
IND,USA,11,20110904,2
IND,USA,06,20110310,6
IND,USA,04,20040314,7
IND,USA,04,20110607,2
IND,USA,08,20081207,3
IND,USA,08,20121008,2
IND,USA,02,20140622,5
IND,USA,02,20121107,8
IND,USA,05,20080321,8
IND,USA,11,20141110,2
IND,USA,03,20130214,4
IND,USA,03,20080923,25
IND,USA,04,20010309,6
IND,USA,02,20091125,6
IND,USA,04,20090115,8
IND,USA,05,20111128,3
IND,USA,02,20130127,4
IND,USA,10,20080408,2
IRL,USA,07,20070710,3
IRL,USA,04,20120410,4
IRL,USA,16,20141029,2
IRL,USA,03,20080530,6
IRL,USA,11,20110720,4
IRL,USA,04,20080716,9
IRL,USA,04,20140128,5
IRL,USA,17,20120701,8
IRL,USA,04,20100215,2
IRL,USA,12,20130925,4
IRL,USA,07,20081001,2
IRL,USA,01,20140328,4
IRL,USA,11,20130306,8
IRL,USA,09,20100629,4
IRL,USA,04,20140925,7
IRL,USA,14,20030320,23
IRL,USA,04,20120827,1
IRL,USA,12,20130522,16
IRL,USA,02,20131216,4
IRL,USA,05,20140520,6
IRL,USA,19,20130924,8
IRL,USA,17,20130123,2
IRL,USA,04,20110306,5
IRL,USA,04,20110124,2
IRL,USA,04,20110310,8
IRL,USA,12,20070217,2
IRL,USA,04,20130818,8
IRL,USA,11,20140501,5
IRL,USA,01,20150105,1
IRL,USA,04,20110620,6
IRL,USA,03,20140624,4
IRL,USA,04,20140629,2
IRL,USA,04,20140619,3
IRL,USA,04,20130219,1
IRL,USA,04,20130828,16
IRL,USA,04,20110823,18
IRL,USA,09,20091217,4
IRL,USA,04,20140608,1
IRL,USA,01,20120513,4
IRL,USA,01,20131107,16
IRL,USA,03,20090922,4
IRL,USA,17,20080617,7
IRL,USA,04,20101006,1
IRL,USA,05,20091011,4
IRL,USA,11,20020722,8
IRL,USA,01,20090915,1
IRL,USA,17,20091215,4
IRL,USA,05,20140717,1
IRL,USA,17,20131029,2
IRL,USA,04,20100321,2
IRN,USA,11,20100113,8
IRN,USA,01,20060829,7
IRN,USA,04,20071114,1
IRN,USA,03,20031120,3
IRN,USA,06,20050301,3
IRN,USA,02,20040516,1
IRN,USA,02,20091010,15
IRN,USA,03,20110331,2
IRN,USA,04,20130921,34
IRN,USA,08,20101101,3
IRN,USA,11,20040217,1
IRN,USA,01,20131027,7
IRN,USA,11,20150216,14
IRN,USA,05,20130325,4
IRN,USA,05,20080609,1
IRN,USA,04,20130926,45
IRN,USA,01,20070212,3
IRN,USA,11,20030203,2
IRN,USA,17,20140906,169
IRN,USA,04,20110918,7
IRN,USA,09,20130316,3
IRN,USA,01,20040122,1
IRN,USA,09,20100121,12
IRN,USA,12,20090426,8
IRN,USA,13,20130307,2
IRN,USA,05,20091008,1
IRN,USA,19,20120118,3
IRN,USA,19,20041231,1
IRN,USA,04,20050502,9
IRN,USA,08,20070821,13
IRN,USA,11,20111112,65
IRN,USA,04,20110923,7
IRN,USA,11,20121005,6
IRN,USA,04,20070904,6
IRN,USA,12,20091227,10
IRN,USA,13,20071201,3
IRN,USA,01,20130319,2
IRN,USA,17,20100211,29
IRN,USA,04,20130514,4
IRN,USA,04,20080828,1
IRN,USA,01,20120823,6
IRN,USA,05,20110408,9
IRN,USA,13,20131208,10
IRN,USA,17,20120314,6
IRN,USA,19,20060611,1
IRN,USA,03,20141108,18
IRN,USA,12,20120222,5
IRN,USA,02,20120902,128
IRN,USA,14,20030410,1
IRN,USA,17,20140808,30
IRN,USA,01,20090406,8
IRN,USA,04,20080126,25
IRN,USA,17,20090113,44
IRN,USA,11,20000321,8
IRN,USA,11,20051009,8
IRN,USA,01,20110106,1
IRN,USA,04,20090921,6
IRN,USA,09,20100915,12
IRN,USA,04,20130225,30
IRN,USA,01,20070122,5
IRN,USA,04,20080907,4
IRN,USA,04,20130826,12
IRN,USA,17,20100730,10
IRN,USA,04,20090126,9
IRN,USA,08,20070214,16
IRN,USA,04,20020602,5
IRN,USA,19,20131105,4
IRN,USA,04,20070605,1
IRN,USA,11,20010731,6
IRN,USA,01,20130121,12
IRN,USA,04,20070509,10
IRN,USA,11,20091020,5
IRN,USA,17,20140215,4
IRN,USA,10,20061109,1
IRN,USA,03,20100907,9
IRN,USA,06,20130508,1
IRN,USA,11,20140901,77
IRN,USA,01,20090924,2
IRN,USA,02,20110225,4
IRN,USA,08,20130821,6
IRN,USA,19,20130910,4
IRN,USA,05,20080104,2
IRN,USA,02,20070629,3
IRN,USA,04,20140109,12
IRN,USA,10,20101014,2
IRN,USA,04,20131030,25
IRN,USA,08,20130915,5
IRN,USA,05,20080226,2
IRN,USA,03,20141107,2
IRN,USA,02,20120210,4
IRN,USA,17,20120222,1
IRN,USA,06,20110523,1
IRN,USA,12,20080719,6
IRN,USA,08,20090128,9
IRN,USA,02,20100804,2
IRN,USA,01,20120513,5
IRN,USA,01,20110524,60
IRN,USA,11,20131104,5
IRN,USA,01,20131010,5
IRN,USA,11,20120112,4
IRN,USA,04,20011027,2
IRN,USA,01,20140523,3
IRN,USA,11,20150211,3
IRN,USA,11,20120419,6
IRN,USA,01,20090602,12
IRN,USA,02,20070305,2
IRN,USA,11,20110319,5
IRN,USA,05,20130207,312
IRN,USA,01,20121021,10
IRN,USA,01,20060627,1
IRN,USA,04,20110429,2
IRN,USA,03,20070112,1
IRN,USA,10,20140524,1
IRN,USA,04,20100912,12
IRN,USA,13,20100215,35
IRN,USA,11,20030719,2
IRN,USA,17,20140725,28
IRN,USA,17,20110811,37
IRN,USA,10,20150124,6
IRN,USA,17,20090803,85
IRN,USA,12,20021017,1
IRN,USA,04,20091123,12
IRN,USA,01,20070427,1
IRN,USA,11,20100209,20
IRN,USA,01,20120314,4
IRN,USA,13,20130101,1
IRN,USA,05,20130612,10
IRN,USA,17,20100522,2
IRN,USA,02,20140330,9
IRN,USA,01,20150127,1
IRN,USA,11,20100220,6
IRN,USA,04,20090919,6
IRN,USA,04,20131126,21
IRN,USA,13,20120207,4
IRN,USA,11,20141127,1
IRN,USA,07,20120105,1
IRN,USA,11,20121001,2
IRN,USA,04,20130816,1
IRN,USA,01,20100919,85
IRN,USA,17,20110710,8
IRN,USA,19,20140422,1
IRN,USA,19,20030220,9
IRN,USA,02,20100315,1
IRN,USA,03,20111112,7
IRN,USA,11,20070403,14
IRN,USA,01,20000713,7
IRN,USA,02,20141121,7
IRN,USA,08,20080529,2
IRN,USA,04,20131114,20
IRN,USA,13,20110308,4
IRN,USA,01,20090531,2
IRN,USA,04,20111109,8
IRN,USA,04,20100917,8
IRN,USA,08,20140606,6
IRN,USA,16,20111017,1
IRN,USA,04,20141119,14
IRN,USA,11,20141016,9
IRN,USA,04,20141014,11
IRN,USA,04,20140527,6
IRN,USA,12,20140807,6
IRN,USA,01,20110517,5
IRN,USA,09,20130426,6
IRN,USA,18,20090819,9
IRN,USA,04,20070821,14
IRN,USA,13,20111018,2
IRN,USA,04,20131110,19
IRN,USA,11,20090621,10
IRN,USA,07,20070220,1
IRN,USA,04,20131106,6
IRN,USA,05,20051209,6
IRN,USA,16,20111105,3
IRN,USA,09,20110420,2
IRN,USA,08,20101207,13
IRN,USA,19,20110629,3
IRN,USA,04,20101110,46
IRN,USA,14,20010418,2
IRN,USA,09,20071203,1
IRN,USA,01,20100818,1
IRN,USA,12,20131109,2
IRN,USA,05,20080421,3
IRN,USA,04,20120328,52
IRN,USA,03,20130831,3
IRN,USA,04,20080519,18
IRN,USA,06,20140105,3
IRN,USA,04,20150206,8
IRN,USA,17,20130115,39
IRN,USA,11,20061102,5
IRN,USA,04,20130221,88
IRN,USA,04,20110112,6
IRN,USA,11,20120929,7
IRN,USA,16,20060601,1
IRN,USA,04,20150215,8
IRQ,USA,12,20030301,1
IRQ,USA,08,20040120,7
IRQ,USA,10,20080410,5
IRQ,USA,08,20070731,5
IRQ,USA,04,20021009,8
IRQ,USA,09,20070208,2
IRQ,USA,04,20101026,5
IRQ,USA,14,20071011,5
IRQ,USA,17,20081125,2
IRQ,USA,03,20061210,6
IRQ,USA,01,20060730,3
IRQ,USA,08,20110511,8
IRQ,USA,14,20110212,9
IRQ,USA,04,20101126,14
IRQ,USA,19,20110209,7
IRQ,USA,04,20131024,1
IRQ,USA,18,20090413,2
IRQ,USA,01,20011117,8
IRQ,USA,18,20140817,28
IRQ,USA,05,20100103,6
IRQ,USA,19,20070528,9
IRQ,USA,11,20041029,7
IRQ,USA,19,20071106,12
IRQ,USA,11,20031010,2
IRQ,USA,17,20081211,1
IRQ,USA,04,20070726,8
IRQ,USA,13,20070317,4
IRQ,USA,07,20080420,6
IRQ,USA,17,20141005,2
IRQ,USA,08,20030713,4
IRQ,USA,11,20030126,18
IRQ,USA,09,20070717,3
IRQ,USA,08,20120103,9
IRQ,USA,05,20090907,172
IRQ,USA,04,20100306,10
IRQ,USA,18,20080520,3
IRQ,USA,01,20080723,3
IRQ,USA,11,20030906,4
IRQ,USA,08,20070330,5
IRQ,USA,11,20040612,2
IRQ,USA,01,20080321,7
IRQ,USA,08,20040125,9
IRQ,USA,08,20140619,21
IRQ,USA,02,20081109,8
IRQ,USA,11,20020313,8
IRQ,USA,19,20130211,3
IRQ,USA,01,20090724,1
IRQ,USA,10,20011117,5
IRQ,USA,11,20070602,2
IRQ,USA,05,20080605,9
IRQ,USA,13,20141221,1
IRQ,USA,08,20100227,2
IRQ,USA,07,20070411,2
IRQ,USA,19,20020311,1
IRQ,USA,05,20080928,8
IRQ,USA,05,20040524,1
IRQ,USA,18,20040405,5
IRQ,USA,17,20110302,1
IRQ,USA,04,20121018,62
IRQ,USA,05,20070911,10
IRQ,USA,19,20050928,2
IRQ,USA,06,20140622,6
IRQ,USA,18,20080401,2
IRQ,USA,07,20121116,6
IRQ,USA,04,20140225,1
IRQ,USA,05,20140526,1
IRQ,USA,17,20040925,5
IRQ,USA,06,20091004,3
IRQ,USA,01,20060314,4
IRQ,USA,02,20140715,24
IRQ,USA,10,20070826,1
IRQ,USA,02,20081221,3
IRQ,USA,03,20070304,3
IRQ,USA,06,20110405,1
IRQ,USA,11,20060705,1
IRQ,USA,06,20130814,1
IRQ,USA,09,20040109,7
IRQ,USA,02,20150116,58
IRQ,USA,04,20120218,5
IRQ,USA,20,20030402,14
IRQ,USA,19,20030911,2
IRQ,USA,04,20060529,8
IRQ,USA,12,20120718,6
IRQ,USA,01,20101117,2
IRQ,USA,19,20110328,3
IRQ,USA,19,20110922,3
IRQ,USA,07,20110614,4
IRQ,USA,11,20070221,4
IRQ,USA,19,20090427,2
IRQ,USA,14,20070410,9
IRQ,USA,08,20070731,6
IRQ,USA,18,20130910,8
IRQ,USA,02,20070701,7
IRQ,USA,02,20040519,5
IRQ,USA,08,20070725,24
IRQ,USA,04,20080618,5
IRQ,USA,11,20051025,2
IRQ,USA,04,20111216,2
IRQ,USA,09,20060620,26
IRQ,USA,04,20091024,8
IRQ,USA,17,20141110,1
IRQ,USA,14,20090116,24
IRQ,USA,19,20100302,1
IRQ,USA,05,20081117,16
IRQ,USA,05,20061126,1
IRQ,USA,19,20060518,7
IRQ,USA,13,20140613,25
IRQ,USA,04,20120821,57
IRQ,USA,19,20120628,5
IRQ,USA,03,20111023,6
IRQ,USA,02,20040811,21
IRQ,USA,19,20030404,7
IRQ,USA,02,20081127,1
IRQ,USA,19,20031115,1
IRQ,USA,05,20090131,106
IRQ,USA,04,20061118,9
IRQ,USA,11,20020320,4
IRQ,USA,19,20061213,22
IRQ,USA,07,20130727,8
IRQ,USA,04,20050124,3
IRQ,USA,04,20071121,36
IRQ,USA,01,20090228,4
IRQ,USA,08,20061128,1
IRQ,USA,01,20091117,5
IRQ,USA,19,20080309,4
IRQ,USA,06,20060627,9
IRQ,USA,03,20090909,9
IRQ,USA,18,20110326,10
IRQ,USA,10,20100228,2
IRQ,USA,02,20020930,2
IRQ,USA,02,20080111,2
IRQ,USA,04,20060817,1
IRQ,USA,17,20040810,1
IRQ,USA,04,20111020,6
IRQ,USA,12,20060128,2
IRQ,USA,02,20081019,40
IRQ,USA,06,20101023,2
IRQ,USA,17,20031117,7
IRQ,USA,19,20030105,5
IRQ,USA,18,20090521,24
IRQ,USA,05,20040524,3
IRQ,USA,02,20051030,3
IRQ,USA,14,20080710,5
IRQ,USA,07,20140613,10
IRQ,USA,03,20070520,32
IRQ,USA,19,20141101,12
IRQ,USA,04,20110802,15
IRQ,USA,11,20140616,1
IRQ,USA,07,20080731,2
IRQ,USA,04,20081231,99
IRQ,USA,04,20101110,1
IRQ,USA,01,20110131,12
IRQ,USA,05,20010421,3
IRQ,USA,04,20080218,2
IRQ,USA,11,20091014,4
IRQ,USA,01,20050513,12
IRQ,USA,01,20110518,5
IRQ,USA,10,20120125,2
IRQ,USA,01,20080701,2
IRQ,USA,04,20091218,1
IRQ,USA,08,20130301,8
IRQ,USA,01,20140614,4
IRQ,USA,04,20040408,2
IRQ,USA,04,20140404,12
IRQ,USA,02,20140728,48
IRQ,USA,19,20140729,4
IRQ,USA,04,20121215,4
IRQ,USA,12,20080609,2
IRQ,USA,13,20110409,10
IRQ,USA,15,20110523,1
IRQ,USA,17,20100909,6
IRQ,USA,08,20091002,27
IRQ,USA,04,20001116,4
IRQ,USA,10,20090705,4
IRQ,USA,19,20040531,2
IRQ,USA,04,20110620,12
IRQ,USA,18,20030924,1
IRQ,USA,04,20120502,2
IRQ,USA,13,20080918,6
IRQ,USA,04,20100707,3
IRQ,USA,19,20081226,7
IRQ,USA,05,20071024,1
IRQ,USA,19,20090823,4
IRQ,USA,04,20021230,3
IRQ,USA,03,20010923,4
IRQ,USA,19,20061227,23
IRQ,USA,01,20100223,10
IRQ,USA,03,20040419,16
IRQ,USA,19,20120409,5
IRQ,USA,01,20081111,3
IRQ,USA,19,20110310,6
IRQ,USA,17,20100710,1
IRQ,USA,05,20090704,4
IRQ,USA,08,20090410,7
IRQ,USA,18,20090713,10
IRQ,USA,04,20020317,6
IRQ,USA,19,20140713,10
IRQ,USA,04,20131003,4
IRQ,USA,19,20041120,2
IRQ,USA,13,20070427,4
IRQ,USA,04,20121217,2
IRQ,USA,03,20040501,5
IRQ,USA,01,20100222,8
IRQ,USA,19,20030929,3
IRQ,USA,03,20121107,2
IRQ,USA,04,20071116,4
IRQ,USA,01,20070713,2
IRQ,USA,13,20101213,5
IRQ,USA,19,20081016,2
IRQ,USA,03,20100120,8
IRQ,USA,04,20090425,312
IRQ,USA,04,20090204,4
IRQ,USA,11,20031025,3
IRQ,USA,04,20090708,9
IRQ,USA,17,20040702,2
IRQ,USA,02,20070912,3
ISL,USA,10,20060310,15
ISL,USA,13,20140823,2
ISL,USA,10,20130619,2
ISL,USA,05,20080423,1
ISL,USA,04,20120202,1
ISL,USA,06,20100429,2
ISL,USA,11,20080204,1
ISL,USA,09,20130905,40
ISL,USA,04,20140701,8
ISR,USA,01,20140524,2
ISR,USA,19,20090105,2
ISR,USA,04,20010423,2
ISR,USA,04,20060821,2
ISR,USA,01,20130129,3
ISR,USA,13,20070611,5
ISR,USA,02,20000110,12
ISR,USA,10,20090314,2
ISR,USA,01,20090606,7
ISR,USA,19,20140320,30
ISR,USA,03,20030505,9
ISR,USA,19,20080214,4
ISR,USA,03,20140505,2
ISR,USA,17,20090114,6
ISR,USA,04,20130305,126
ISR,USA,04,20140414,3
ISR,USA,04,20080321,1
ISR,USA,05,20121121,14
ISR,USA,05,20060912,2
ISR,USA,04,20030130,5
ISR,USA,01,20140509,12
ISR,USA,04,20130925,8
ISR,USA,11,20141207,24
ISR,USA,05,20000110,3
ISR,USA,01,20101015,1
ISR,USA,04,20030627,29
ISR,USA,01,20101010,1
ISR,USA,10,20111112,5
ISR,USA,04,20100326,8
ISR,USA,04,20101222,3
ISR,USA,04,20100512,4
ISR,USA,11,20140924,1
ISR,USA,16,20020508,1
ISR,USA,04,20140422,4
ISR,USA,02,20030102,1
ISR,USA,19,20130106,2
ISR,USA,11,20141030,6
ISR,USA,19,20130317,3
ISR,USA,04,20130207,17
ISR,USA,01,20100606,5
ISR,USA,10,20140518,10
ISR,USA,01,20120913,22
ISR,USA,01,20101219,3
ISR,USA,13,20140921,1
ISR,USA,02,20121022,10
ISR,USA,02,20100125,3
ISR,USA,01,20110524,5
ISR,USA,08,20080704,2
ISR,USA,10,20020403,2
ISR,USA,19,20110606,1
ISR,USA,04,20090908,9
ISR,USA,08,20090420,2
ISR,USA,11,20140813,4
ISR,USA,11,20020118,1
ISR,USA,04,20080311,2
ISR,USA,06,20120917,1
ISR,USA,13,20120714,2
ISR,USA,12,20011204,9
ISR,USA,01,20140303,49
ISR,USA,04,20070326,6
ISR,USA,03,20130222,4
ISR,USA,04,20110916,9
ISR,USA,17,20130212,6
ISR,USA,01,20090325,1
ISR,USA,04,20131205,4
ISR,USA,08,20130923,4
ISR,USA,04,20130715,2
ISR,USA,06,20130102,2
ISR,USA,13,20070221,2
ISR,USA,04,20130613,4
ISR,USA,03,20060617,1
ISR,USA,05,20090505,8
ISR,USA,05,20040911,9
ISR,USA,07,20150101,2
ISR,USA,04,20140326,3
ISR,USA,11,20011224,2
ISR,USA,05,20040402,6
ISR,USA,01,20140604,5
ISR,USA,03,20140301,10
ISR,USA,03,20110920,25
ISR,USA,01,20140507,2
ISR,USA,01,20130612,1
ISR,USA,11,20120911,3
ISR,USA,12,20091109,4
ISR,USA,04,20040618,1
ISR,USA,03,20110625,7
ISR,USA,04,20131207,40
ISR,USA,19,20030423,1
ISR,USA,04,20121109,30
ISR,USA,19,20110913,1
ISR,USA,01,20090612,9
ISR,USA,02,20140807,2
ISR,USA,19,20090809,2
ISR,USA,05,20090919,1
ISR,USA,09,20090315,2
ISR,USA,11,20000821,6
ISR,USA,01,20081106,7
ISR,USA,01,20110617,24
ISR,USA,12,20101001,5
ISR,USA,10,20131002,2
ISR,USA,11,20010503,1
ISR,USA,05,20110508,2
ISR,USA,04,20080116,2
ISR,USA,01,20130316,1
ISR,USA,04,20130106,4
ISR,USA,11,20141105,12
ISR,USA,07,20121116,3
ISR,USA,06,20090926,2
ISR,USA,11,20141210,15
ISR,USA,10,20140710,1
ISR,USA,19,20101110,1
ISR,USA,19,20140903,8
ISR,USA,03,20140521,4
ISR,USA,02,20140511,8
ISR,USA,01,20110601,2
ISR,USA,06,20010203,6
ISR,USA,01,20140318,1
ISR,USA,04,20110914,2
ISR,USA,12,20120128,2
ISR,USA,02,20131127,1
ISR,USA,02,20101130,14
ISR,USA,05,20121026,2
ISR,USA,04,20130320,161
ISR,USA,05,20131109,10
ISR,USA,14,20121119,1
ISR,USA,19,20060925,5
ISR,USA,13,20110722,2
ISR,USA,04,20000628,3
ISR,USA,04,20101210,14
ISR,USA,13,20101216,2
ISR,USA,05,20120126,58
ISR,USA,04,20140811,51
ISR,USA,03,20130108,2
ISR,USA,07,20130729,8
ISR,USA,04,20121121,11
ISR,USA,04,20140407,7
ISR,USA,01,20090321,2
ISR,USA,04,20100829,7
ISR,USA,16,20030713,4
ISR,USA,02,20120214,4
ISR,USA,01,20011024,9
ISR,USA,11,20150205,6
ISR,USA,08,20091211,3
ISR,USA,02,20090107,9
ISR,USA,19,20090517,2
ISR,USA,04,20130626,7
ISR,USA,04,20120312,3
ISR,USA,01,20120828,34
ISR,USA,09,20140826,61
ISR,USA,08,20140224,2
ISR,USA,02,20110527,11
ISR,USA,03,20121231,4
ISR,USA,18,20131120,2
ISR,USA,11,20140717,8
ISR,USA,05,20130914,4
ISR,USA,19,20090718,6
ISR,USA,04,20130811,20
ISR,USA,16,20030203,2
ISR,USA,05,20100519,9
ISR,USA,02,20110907,6
ISR,USA,03,20140304,38
ISR,USA,19,20090411,1
ISR,USA,03,20100907,34
ISR,USA,01,20121220,3
ISR,USA,02,20080109,2
ISR,USA,04,20081202,1
ISR,USA,10,20020731,10
ISR,USA,04,20100107,5
ISR,USA,06,20090815,1
ISR,USA,19,20110303,5
ISR,USA,04,20120502,1
ISR,USA,08,20081214,9
ISR,USA,12,20100915,6
ISR,USA,03,20090825,4
ISR,USA,03,20070118,3
ISR,USA,11,20121202,19
ISR,USA,03,20091004,35
ISR,USA,12,20111225,6
ISR,USA,05,20111009,8
ISR,USA,17,20060727,7
ISR,USA,17,20100813,70
ISR,USA,08,20120228,3
ISR,USA,01,20120307,12
ISR,USA,05,20020820,4
ITA,USA,09,20101029,6
ITA,USA,05,20100205,3
ITA,USA,04,20110108,4
ITA,USA,07,20110517,14
ITA,USA,04,20090717,4
ITA,USA,02,20141016,4
ITA,USA,01,20130908,1
ITA,USA,03,20020213,9
ITA,USA,03,20110404,2
ITA,USA,11,20070207,2
ITA,USA,11,20071104,2
ITA,USA,11,20090830,5
ITA,USA,04,20140606,3
ITA,USA,03,20101001,1
ITA,USA,04,20110906,3
ITA,USA,07,20080308,4
ITA,USA,05,20120426,7
ITA,USA,04,20130424,8
ITA,USA,11,20140420,14
ITA,USA,01,20051016,5
ITA,USA,03,20110715,1
ITA,USA,03,20130318,1
ITA,USA,03,20080828,1
ITA,USA,05,20120922,4
ITA,USA,04,20010704,1
ITA,USA,05,20101105,1
ITA,USA,11,20091005,17
ITA,USA,04,20150207,5
ITA,USA,01,20101101,2
ITA,USA,19,20090126,4
ITA,USA,01,20070307,4
ITA,USA,02,20140917,1
ITA,USA,03,20131230,30
ITA,USA,08,20141004,3
ITA,USA,11,20140212,14
ITA,USA,02,20141130,2
ITA,USA,17,20111003,7
ITA,USA,08,20110923,2
ITA,USA,04,20060404,5
ITA,USA,04,20110212,2
ITA,USA,04,20131121,10
ITA,USA,04,20130303,18
ITA,USA,16,20000426,3
ITA,USA,01,20071014,1
ITA,USA,01,20060917,1
ITA,USA,01,20120912,10
ITA,USA,07,20120602,2
ITA,USA,01,20120910,28
ITA,USA,01,20120509,7
ITA,USA,02,20130211,2
ITA,USA,04,20120614,6
ITA,USA,01,20130401,2
ITA,USA,17,20091218,35
ITA,USA,03,20090920,1
ITA,USA,04,20080709,3
ITA,USA,01,20141125,6
ITA,USA,06,20110511,3
ITA,USA,07,20140411,6
ITA,USA,19,20120515,1
ITA,USA,17,20101225,1
ITA,USA,04,20141009,8
ITA,USA,04,20081006,2
ITA,USA,03,20080704,1
ITA,USA,02,20131024,2
ITA,USA,01,20120220,14
ITA,USA,17,20140404,10
JAM,USA,17,20120210,1
JAM,USA,04,20140210,32
JAM,USA,07,20110425,9
JAM,USA,05,20130812,2
JAM,USA,04,20120302,64
JAM,USA,02,20120906,2
JAM,USA,01,20140819,2
JAM,USA,01,20131102,10
JAM,USA,04,20141225,6
JAM,USA,04,20090625,6
JAM,USA,01,20100121,4
JAM,USA,04,20140224,4
JAM,USA,04,20130816,2
JAM,USA,04,20100705,2
JAM,USA,05,20140519,16
JAM,USA,17,20130926,8
JAM,USA,19,20110501,2
JOR,USA,17,20001126,4
JOR,USA,12,20080818,8
JOR,USA,04,20100905,2
JOR,USA,03,20030226,1
JOR,USA,12,20080731,3
JOR,USA,11,20130517,3
JOR,USA,01,20010516,5
JOR,USA,11,20140702,2
JOR,USA,07,20030512,4
JOR,USA,04,20130915,118
JOR,USA,02,20140919,8
JOR,USA,17,20121213,2
JOR,USA,17,20060311,1
JOR,USA,04,20140310,6
JOR,USA,07,20130628,6
JOR,USA,11,20120818,3
JOR,USA,04,20030608,6
JOR,USA,05,20070216,7
JOR,USA,10,20091103,2
JOR,USA,12,20030819,1
JOR,USA,04,20140313,6
JOR,USA,04,20131002,1
JOR,USA,11,20120807,1
JOR,USA,19,20070918,2
JOR,USA,19,20090402,9
JOR,USA,04,20131109,1
JOR,USA,05,20120923,2
JOR,USA,03,20110517,14
JOR,USA,12,20040513,1
JOR,USA,17,20141105,12
JOR,USA,01,20130129,30
JOR,USA,02,20101122,2
JOR,USA,06,20100928,1
JOR,USA,01,20100128,1
JOR,USA,01,20011107,1
JOR,USA,12,20130926,12
JOR,USA,19,20100124,2
JOR,USA,05,20150105,8
JOR,USA,11,20030514,2
JOR,USA,02,20130616,2
JOR,USA,04,20081110,2
JOR,USA,09,20140627,6
JOR,USA,04,20140922,15
JPN,USA,04,20131008,10
JPN,USA,04,20130812,3
JPN,USA,05,20120429,1
JPN,USA,05,20140109,78
JPN,USA,05,20000912,5
JPN,USA,11,20110114,13
JPN,USA,01,20060917,4
JPN,USA,06,20090730,1
JPN,USA,04,20130902,5
JPN,USA,04,20040810,6
JPN,USA,03,20130217,1
JPN,USA,01,20101022,1
JPN,USA,04,20150113,8
JPN,USA,04,20140108,10
JPN,USA,09,20130106,44
JPN,USA,08,20100924,65
JPN,USA,01,20100707,6
JPN,USA,01,20090729,12
JPN,USA,04,20090424,6
JPN,USA,01,20100208,8
JPN,USA,01,20031207,6
JPN,USA,14,20120723,6
JPN,USA,04,20120527,12
JPN,USA,01,20050213,1
JPN,USA,02,20131007,6
JPN,USA,03,20130626,2
JPN,USA,04,20090914,2
JPN,USA,04,20120816,8
JPN,USA,05,20070707,3
JPN,USA,01,20080206,4
JPN,USA,03,20100528,22
JPN,USA,18,20030708,1
JPN,USA,01,20080408,25
JPN,USA,04,20090210,7
JPN,USA,03,20140406,8
JPN,USA,04,20141207,12
JPN,USA,12,20141219,1
JPN,USA,04,20101222,8
JPN,USA,04,20090531,4
JPN,USA,11,20100211,4
JPN,USA,03,20071030,8
JPN,USA,03,20140430,12
JPN,USA,17,20080219,6
JPN,USA,01,20090101,2
JPN,USA,05,20070507,1
JPN,USA,04,20100707,1
JPN,USA,01,20080805,1
JPN,USA,04,20090225,5
JPN,USA,04,20120118,18
JPN,USA,06,20030525,3
JPN,USA,19,20110224,3
JPN,USA,04,20061027,6
JPN,USA,01,20090122,8
JPN,USA,04,20100110,2
JPN,USA,05,20081103,9
JPN,USA,03,20100202,12
JPN,USA,09,20120206,18
JPN,USA,16,20030423,18
JPN,USA,01,20090401,2
JPN,USA,08,20120206,4
JPN,USA,06,20040624,5
JPN,USA,02,20140624,20
JPN,USA,19,20091129,4
JPN,USA,04,20120705,1
JPN,USA,03,20131225,7
JPN,USA,06,20121214,1
JPN,USA,05,20100502,1
JPN,USA,02,20090924,4
JPN,USA,05,20021212,1
JPN,USA,19,20041130,2
JPN,USA,04,20030806,1
JPN,USA,04,20090117,1
JPN,USA,01,20070822,2
JPN,USA,04,20140818,4
JPN,USA,19,20141029,3
JPN,USA,02,20110317,14
JPN,USA,19,20121207,23
JPN,USA,05,20030507,4
JPN,USA,11,20090706,9
JPN,USA,04,20101121,48
JPN,USA,11,20101005,4
JPN,USA,17,20071207,8
JPN,USA,19,20010916,7
JPN,USA,05,20100818,2
JPN,USA,01,20131028,1
JPN,USA,02,20030811,2
JPN,USA,18,20080321,3
JPN,USA,07,20140310,1
JPN,USA,08,20150112,2
JPN,USA,05,20090906,4
JPN,USA,09,20090317,2
JPN,USA,11,20150105,1
JPN,USA,06,20130903,10
JPN,USA,02,20070702,1
JPN,USA,17,20140211,40
JPN,USA,16,20120425,4
JPN,USA,06,20090702,4
JPN,USA,12,20091215,7
JPN,USA,04,20030527,8
JPN,USA,05,20071101,64
JPN,USA,04,20080818,4
JPN,USA,04,20061108,6
JPN,USA,04,20000324,8
JPN,USA,03,20141116,7
JPN,USA,04,20120826,4
JPN,USA,05,20011029,1
JPN,USA,17,20121118,5
JPN,USA,04,20060703,17
JPN,USA,06,20070428,8
JPN,USA,01,20070531,10
JPN,USA,06,20140423,12
JPN,USA,09,20100223,8
JPN,USA,17,20070623,6
JPN,USA,19,20100529,2
JPN,USA,04,20140301,7
JPN,USA,03,20070119,2
JPN,USA,14,20011120,1
JPN,USA,04,20090117,5
JPN,USA,17,20130730,12
JPN,USA,05,20060613,2
JPN,USA,03,20030417,37
JPN,USA,19,20120326,4
JPN,USA,12,20140723,20
JPN,USA,04,20090714,3
JPN,USA,04,20071122,3
JPN,USA,13,20071004,1
JPN,USA,03,20141123,2
JPN,USA,05,20020625,2
JPN,USA,17,20140926,24
JPN,USA,19,20110721,9
JPN,USA,07,20080511,2
JPN,USA,19,20071003,9
JPN,USA,04,20140819,10
JPN,USA,03,20050330,5
JPN,USA,17,20150112,10
JPN,USA,02,20091211,12
JPN,USA,05,20110113,10
JPN,USA,02,20091126,8
JPN,USA,04,20021125,4
JPN,USA,05,20131010,8
JPN,USA,01,20140516,12
JPN,USA,02,20140411,2
JPN,USA,02,20111130,4
JPN,USA,01,20110228,4
JPN,USA,03,20150114,8
JPN,USA,04,20141115,4
JPN,USA,10,20131007,4
JPN,USA,04,20050422,5
JPN,USA,17,20111130,2
JPN,USA,03,20080718,16
JPN,USA,19,20031226,2
JPN,USA,01,20110809,4
JPN,USA,04,20120723,3
JPN,USA,10,20110404,1
JPN,USA,06,20130530,17
JPN,USA,02,20090201,2
JPN,USA,04,20131001,8
JPN,USA,04,20040226,4
JPN,USA,07,20080922,1
JPN,USA,04,20100110,4
JPN,USA,19,20130317,2
JPN,USA,07,20130903,2
JPN,USA,10,20130906,2
JPN,USA,03,20100902,3
JPN,USA,03,20070820,7
KAZ,USA,02,20111127,4
KAZ,USA,04,20000405,16
KAZ,USA,04,20040901,1
KAZ,USA,04,20020528,1
KEN,USA,01,20131002,10
KEN,USA,11,20150115,20
KEN,USA,02,20140409,28
KEN,USA,04,20130526,1
KEN,USA,01,20081003,3
KEN,USA,01,20120822,1
KEN,USA,19,20140827,8
KEN,USA,04,20090702,5
KEN,USA,01,20071211,5
KEN,USA,04,20010506,14
KEN,USA,03,20080207,2
KEN,USA,16,20030311,16
KEN,USA,01,20100115,1
KEN,USA,04,20091003,5
KEN,USA,04,20020712,3
KEN,USA,04,20070927,7
KEN,USA,01,20050106,2
KEN,USA,01,20070429,1
KEN,USA,05,20080207,14
KEN,USA,11,20081215,2
KEN,USA,04,20120411,1
KEN,USA,02,20140821,24
KEN,USA,03,20090112,7
KEN,USA,06,20011101,3
KEN,USA,04,20100201,4
KGZ,USA,04,20040309,3
KGZ,USA,09,20120125,4
KGZ,USA,04,20130826,7
KGZ,USA,01,20080824,9
KGZ,USA,04,20121013,22
KGZ,USA,04,20050325,10
KGZ,USA,04,20071003,4
KGZ,USA,09,20090406,4
KGZ,USA,04,20050331,2
KGZ,USA,03,20140430,1
KGZ,USA,04,20030929,5
KHM,USA,16,20140610,2
KHM,USA,01,20131018,4
KHM,USA,11,20121123,4
KHM,USA,19,20061011,4
KHM,USA,04,20131006,1
KHM,USA,02,20140128,2
KHM,USA,11,20110612,1
KHM,USA,03,20100927,2
KHM,USA,01,20101030,1
KHM,USA,04,20091111,2
KHM,USA,02,20131028,10
KHM,USA,17,20080305,6
KHM,USA,06,20120713,1
KHM,USA,01,20090204,4
KHM,USA,04,20131105,4
KOR,USA,01,20150112,10
KOR,USA,04,20141219,8
KOR,USA,10,20010518,9
KOR,USA,13,20141216,10
KOR,USA,05,20090930,6
KOR,USA,09,20140422,40
KOR,USA,04,20120907,5
KOR,USA,02,20120601,2
KOR,USA,07,20090508,1
KOR,USA,04,20131029,18
KOR,USA,06,20080622,7
KOR,USA,09,20110521,1
KOR,USA,04,20010824,9
KOR,USA,05,20021124,4
KOR,USA,08,20110908,4
KOR,USA,04,20051018,4
KOR,USA,03,20140416,20
KOR,USA,03,20110824,11
KOR,USA,04,20120331,3
KOR,USA,09,20110712,9
KOR,USA,07,20100802,2
KOR,USA,03,20101123,21
KOR,USA,03,20070305,19
KOR,USA,07,20140109,10
KOR,USA,16,20130418,24
KOR,USA,04,20061214,4
KOR,USA,01,20070404,9
KOR,USA,04,20091117,5
KOR,USA,01,20100908,5
KOR,USA,19,20120730,8
KOR,USA,04,20050523,2
KOR,USA,04,20080808,9
KOR,USA,01,20010228,1
KOR,USA,16,20100724,34
KOR,USA,06,20100625,3
KOR,USA,05,20120425,8
KOR,USA,05,20070623,9
KOR,USA,04,20131030,20
KOR,USA,01,20120204,2
KOR,USA,04,20100825,6
KOR,USA,05,20020113,3
KOR,USA,06,20090114,9
KOR,USA,01,20121115,8
KOR,USA,03,20140701,38
KOR,USA,04,20070301,9
KOR,USA,04,20140424,52
KOR,USA,06,20071127,1
KOR,USA,03,20071101,30
KOR,USA,01,20101215,10
KOR,USA,11,20141226,6
KOR,USA,11,20140127,30
KOR,USA,04,20111228,21
KOR,USA,11,20140102,6
KOR,USA,19,20130305,4
KOR,USA,01,20121009,5
KOR,USA,11,20101222,9
KOR,USA,03,20020619,2
KOR,USA,05,20130930,6
KOR,USA,19,20101201,4
KOR,USA,04,20090624,9
KOR,USA,17,20131022,4
KOR,USA,14,20030726,12
KOR,USA,01,20131129,6
KOR,USA,04,20110223,2
KOR,USA,03,20130708,7
KOR,USA,04,20141112,5
KOR,USA,04,20060416,3
KOR,USA,04,20111110,2
KOR,USA,04,20090513,1
KOR,USA,14,20101015,2
KOR,USA,04,20140610,24
KOR,USA,05,20030111,24
KOR,USA,08,20090815,1
KOR,USA,04,20040416,1
KOR,USA,04,20061114,12
KOR,USA,05,20111015,23
KOR,USA,01,20060622,10
KOR,USA,17,20090803,6
KOR,USA,02,20110315,2
KOR,USA,17,20080628,6
KOR,USA,04,20100407,1
KOR,USA,01,20100721,8
KOR,USA,04,20141106,1
KOR,USA,05,20140428,4
KOR,USA,01,20090107,9
KOR,USA,04,20021115,9
KOR,USA,07,20081215,10
KOR,USA,11,20130304,3
KOR,USA,04,20061017,9
KOR,USA,10,20000411,3
KOR,USA,04,20010607,17
KOR,USA,01,20140605,14
KOR,USA,03,20140420,88
KWT,USA,04,20120727,5
KWT,USA,01,20000530,4
KWT,USA,04,20090123,7
KWT,USA,17,20140823,12
KWT,USA,04,20130914,1
KWT,USA,05,20010413,3
KWT,USA,01,20121020,12
KWT,USA,01,20050921,3
KWT,USA,03,20111014,1
KWT,USA,07,20150130,4
KWT,USA,04,20121127,40
LAO,USA,06,20090505,1
LAO,USA,04,20120705,8
LAO,USA,04,20140109,3
LAO,USA,05,20080221,4
LBN,USA,11,20110530,5
LBN,USA,05,20090728,4
LBN,USA,11,20140201,13
LBN,USA,05,20150204,2
LBN,USA,04,20130204,1
LBN,USA,04,20141003,2
LBN,USA,04,20110402,13
LBN,USA,11,20080213,2
LBN,USA,04,20141026,2
LBN,USA,01,20141223,1
LBN,USA,02,20131012,5
LBN,USA,11,20110331,5
LBN,USA,03,20110926,5
LBN,USA,13,20080515,6
LBN,USA,09,20110126,4
LBN,USA,19,20121025,1
LBN,USA,01,20110127,8
LBN,USA,08,20110530,8
LBN,USA,01,20100809,1
LBN,USA,04,20100430,32
LBN,USA,03,20141007,2
LBN,USA,11,20011002,2
LBN,USA,11,20100909,5
LBN,USA,18,20140424,10
LBN,USA,03,20130914,1
LBN,USA,05,20120227,7
LBN,USA,17,20150211,7
LBN,USA,02,20131017,2
LBN,USA,04,20140916,2
LBN,USA,01,20120511,4
LBN,USA,11,20071030,1
LBN,USA,01,20050308,1
LBN,USA,19,20110821,1
LBN,USA,19,20091029,1
LBN,USA,04,20070815,1
LBN,USA,19,20110928,2
LBN,USA,04,20130922,2
LBN,USA,14,20020403,8
LBN,USA,04,20080105,1
LBR,USA,04,20060911,1
LBR,USA,04,20141006,1
LBR,USA,03,20140804,16
LBR,USA,08,20120726,2
LBR,USA,04,20130728,6
LBR,USA,04,20141112,25
LBR,USA,05,20131031,10
LBR,USA,04,20150113,2
LBR,USA,02,20140319,6
LBR,USA,04,20011114,2
LBY,USA,08,20110414,4
LBY,USA,04,20131114,142
LBY,USA,01,20140619,10
LBY,USA,04,20120605,2
LBY,USA,08,20110410,10
LBY,USA,05,20140317,32
LBY,USA,16,20140801,1
LBY,USA,16,20080907,2
LBY,USA,10,20110512,9
LBY,USA,11,20141112,6
LBY,USA,08,20140721,13
LBY,USA,19,20121012,9
LBY,USA,11,20110519,2
LBY,USA,03,20110403,5
LBY,USA,04,20130613,4
LBY,USA,04,20110530,121
LBY,USA,01,20120116,2
LBY,USA,04,20131006,22
LBY,USA,17,20140628,59
LBY,USA,11,20131216,2
LBY,USA,01,20140429,4
LBY,USA,04,20110727,13
LBY,USA,04,20110315,24
LBY,USA,19,20131015,2
LBY,USA,04,20130226,2
LBY,USA,04,20100225,4
LBY,USA,04,20110916,1
LBY,USA,18,20131011,8
LBY,USA,01,20140103,18
LBY,USA,17,20010118,10
LBY,USA,19,20150217,10
LBY,USA,18,20110304,18
LBY,USA,01,20120916,5
LBY,USA,08,20111206,4
LBY,USA,11,20141230,2
LBY,USA,19,20120925,8
LBY,USA,01,20140518,7
LBY,USA,08,20040315,6
LBY,USA,01,20140416,12
LBY,USA,01,20110331,12
LBY,USA,04,20130825,10
LBY,USA,04,20040102,9
LBY,USA,17,20100820,20
LCA,USA,05,20101203,2
LCA,USA,08,20150112,2
LCA,USA,19,20120517,3
LKA,USA,16,20131010,8
LKA,USA,11,20080725,1
LKA,USA,14,20120921,6
LKA,USA,01,20091130,2
LKA,USA,04,20070406,8
LKA,USA,01,20100805,1
LKA,USA,05,20120209,7
LKA,USA,17,20141123,1
LKA,USA,12,20081115,18
LKA,USA,19,20071015,2
LKA,USA,01,20090112,5
LKA,USA,05,20140618,8
LKA,USA,19,20090421,8
LKA,USA,01,20120327,4
LKA,USA,11,20140202,10
LKA,USA,05,20121124,6
LTU,USA,03,20131121,1
LTU,USA,03,20080929,2
LTU,USA,05,20120418,2
LTU,USA,06,20121204,6
LUX,USA,04,20050209,1
LUX,USA,02,20070917,12
LUX,USA,04,20020911,5
LUX,USA,05,20140410,10
LVA,USA,19,20080319,4
LVA,USA,01,20100912,7
LVA,USA,01,20130425,24
LVA,USA,05,20110606,4
LVA,USA,11,20110130,2
MAR,USA,04,20020424,9
MAR,USA,19,20031203,4
MAR,USA,14,20120913,78
MAR,USA,01,20120529,5
MAR,USA,04,20090514,2
MAR,USA,04,20110513,1
MAR,USA,04,20071125,5
MAR,USA,04,20141208,2
MAR,USA,01,20070824,3
MAR,USA,09,20140721,8
MAR,USA,09,20040810,4
MAR,USA,01,20090429,1
MAR,USA,18,20100221,5
MCO,USA,17,20060418,1
MCO,USA,19,20100902,5
MCO,USA,04,20090123,1
MCO,USA,17,20091006,2
MCO,USA,17,20140412,1
MCO,USA,01,20070720,5
MCO,USA,01,20130402,1
MCO,USA,17,20120223,2
MCO,USA,04,20120402,2
MCO,USA,07,20101110,5
MCO,USA,17,20120823,6
MCO,USA,01,20110307,1
MCO,USA,12,20141108,1
MCO,USA,04,20111017,7
MCO,USA,19,20110527,2
MCO,USA,06,20110420,2
MCO,USA,07,20131001,2
MDA,USA,04,20110901,4
MDA,USA,05,20140625,2
MDA,USA,04,20140709,2
MDA,USA,17,20070805,5
MDA,USA,04,20141103,4
MDA,USA,05,20141107,6
MDG,USA,01,20101115,4
MDG,USA,06,20110813,5
MDV,USA,04,20131210,1
MDV,USA,04,20130719,2
MDV,USA,01,20141228,1
MDV,USA,04,20110430,6
MDV,USA,02,20121211,10
MDV,USA,17,20121219,4
MDV,USA,09,20141121,2
MDV,USA,04,20130924,3
MDV,USA,19,20150113,2
MDV,USA,03,20140915,2
MDV,USA,19,20150106,48
MDV,USA,08,20120312,10
MDV,USA,12,20150122,3
MDV,USA,04,20111115,2
MDV,USA,08,20101105,1
MDV,USA,17,20121204,4
MDV,USA,04,20100311,3
MDV,USA,04,20141121,8
MEA,USA,04,20130715,4
MEA,USA,04,20141011,2
MEA,USA,04,20070718,1
MEA,USA,04,20051122,7
MEA,USA,09,20120103,8
MEA,USA,02,20120106,12
MEA,USA,01,20130920,140
MEX,USA,19,20141014,4
MEX,USA,09,20091212,7
MEX,USA,01,20020118,1
MEX,USA,04,20110227,6
MEX,USA,19,20140929,3
MEX,USA,11,20070518,3
MEX,USA,19,20120724,8
MEX,USA,11,20080214,1
MEX,USA,07,20140707,6
MEX,USA,12,20120621,15
MEX,USA,17,20110412,144
MEX,USA,04,20140506,4
MEX,USA,09,20130905,12
MEX,USA,01,20080712,1
MEX,USA,05,20100626,1
MEX,USA,03,20080407,2
MEX,USA,11,20100317,16
MEX,USA,02,20141218,4
MEX,USA,01,20040422,5
MEX,USA,17,20100329,6
MEX,USA,05,20141126,2
MEX,USA,06,20090708,1
MEX,USA,05,20131127,2
MEX,USA,17,20130724,4
MEX,USA,19,20010521,6
MEX,USA,01,20120425,40
MEX,USA,11,20130820,7
MEX,USA,11,20060916,4
MEX,USA,17,20090324,7
MEX,USA,06,20110501,2
MEX,USA,04,20010927,2
MEX,USA,07,20121127,22
MEX,USA,02,20110526,9
MEX,USA,04,20140411,16
MEX,USA,04,20101231,2
MEX,USA,04,20140719,5
MEX,USA,13,20111009,4
MEX,USA,02,20100317,5
MEX,USA,05,20140729,2
MEX,USA,08,20140626,6
MEX,USA,17,20150115,7
MEX,USA,12,20121018,2
MEX,USA,02,20130129,1
MEX,USA,05,20111123,92
MEX,USA,10,20110109,3
MEX,USA,16,20110128,4
MEX,USA,04,20110301,8
MEX,USA,17,20130809,3
MEX,USA,03,20030305,12
MEX,USA,03,20091030,2
MEX,USA,12,20031009,2
MEX,USA,03,20010713,2
MEX,USA,02,20050715,2
MEX,USA,17,20140717,26
MEX,USA,02,20070314,1
MEX,USA,18,20100824,21
MEX,USA,04,20110713,7
MEX,USA,17,20090703,5
MEX,USA,04,20090731,6
MEX,USA,01,20090319,1
MEX,USA,04,20100420,18
MEX,USA,08,20090813,4
MEX,USA,08,20110425,9
MEX,USA,04,20080123,9
MEX,USA,01,20071017,9
MEX,USA,11,20120213,2
MEX,USA,04,20150117,2
MEX,USA,11,20130507,4
MEX,USA,11,20141214,4
MEX,USA,04,20000518,6
MEX,USA,07,20141221,6
MEX,USA,01,20111123,4
MEX,USA,12,20001011,1
MEX,USA,04,20130331,3
MEX,USA,19,20111223,1
MEX,USA,19,20140909,3
MEX,USA,19,20111003,8
MEX,USA,09,20090516,46
MEX,USA,03,20140925,3
MEX,USA,19,20100609,4
MEX,USA,01,20061101,6
MEX,USA,03,20131117,4
MEX,USA,10,20150123,2
MEX,USA,05,20081021,1
MEX,USA,07,20050908,1
MEX,USA,06,20091122,3
MEX,USA,05,20131005,5
MEX,USA,01,20010925,2
MEX,USA,01,20120722,2
MEX,USA,17,20110412,1
MEX,USA,07,20141027,1
MEX,USA,13,20131016,2
MEX,USA,02,20140529,14
MEX,USA,19,20120918,8
MEX,USA,10,20140904,1
MEX,USA,04,20111222,3
MEX,USA,17,20081008,3
MEX,USA,02,20140419,1
MEX,USA,04,20071110,4
MEX,USA,10,20141113,1
MEX,USA,07,20090607,2
MEX,USA,04,20130715,8
MEX,USA,04,20130920,23
MEX,USA,08,20150216,8
MEX,USA,13,20140214,10
MEX,USA,17,20140526,6
MEX,USA,08,20130722,7
MEX,USA,01,20040427,6
MEX,USA,02,20010627,1
MEX,USA,02,20140528,4
MEX,USA,04,20110729,9
MEX,USA,04,20150131,2
MEX,USA,04,20101109,8
MEX,USA,02,20131204,10
MEX,USA,01,20140617,2
MEX,USA,19,20140716,6
MEX,USA,06,20090122,2
MEX,USA,03,20140211,2
MHL,USA,19,20030903,8
MHL,USA,01,20120508,2
MHL,USA,04,20020111,1
MKD,USA,05,20120529,8
MLI,USA,04,20141210,14
MLI,USA,09,20120414,9
MLT,USA,04,20110225,445
MLT,USA,04,20090618,9
MMR,USA,06,20070716,1
MMR,USA,02,20040617,18
MMR,USA,01,20141121,15
MMR,USA,04,20121118,31
MMR,USA,05,20120918,15
MMR,USA,01,20091013,2
MMR,USA,18,20080805,34
MMR,USA,05,20140917,2
MMR,USA,04,20140228,16
MMR,USA,08,20120706,3
MMR,USA,05,20121119,15
MMR,USA,04,20150118,12
MMR,USA,01,20121019,26
MMR,USA,04,20100510,7
MMR,USA,14,20090811,2
MMR,USA,03,20130110,7
MMR,USA,03,20120330,4
MMR,USA,03,20090815,1
MMR,USA,06,20091111,12
MMR,USA,03,20091115,16
MMR,USA,04,20111011,10
MMR,USA,04,20090816,1
MMR,USA,12,20131018,1
MMR,USA,17,20100823,1
MMR,USA,09,20120810,8
MMR,USA,08,20121030,2
MMR,USA,01,20080517,9
MMR,USA,09,20130307,16
MNG,USA,04,20051116,9
MNG,USA,01,20131101,8
MNG,USA,09,20130701,4
MNG,USA,04,20130224,2
MOZ,USA,01,20100905,1
MOZ,USA,04,20050616,1
MUS,USA,02,20140606,12
MUS,USA,01,20071009,8
MUS,USA,02,20140822,20
MWI,USA,09,20120518,63
MWI,USA,01,20150118,63
MYS,USA,05,20140427,40
MYS,USA,17,20070714,6
MYS,USA,03,20101214,1
MYS,USA,09,20140311,6
MYS,USA,06,20130217,2
MYS,USA,04,20150120,5
MYS,USA,11,20030529,2
MYS,USA,06,20121119,5
MYS,USA,16,20131002,10
MYS,USA,01,20050529,7
MYS,USA,11,20080901,2
MYS,USA,02,20081021,3
MYS,USA,03,20140419,24
MYS,USA,02,20121003,4
MYS,USA,07,20140922,8
MYS,USA,02,20140321,8
MYS,USA,04,20100124,9
MYS,USA,08,20140316,4
MYS,USA,03,20150114,1
MYS,USA,18,20010703,2
MYS,USA,11,20090904,18
MYS,USA,05,20140314,5
MYS,USA,12,20031106,1
MYS,USA,04,20130812,60
MYS,USA,01,20140409,1
MYS,USA,04,20140408,10
MYS,USA,05,20140928,6
MYS,USA,19,20070524,9
MYS,USA,01,20140404,10
MYS,USA,07,20090617,2
MYS,USA,03,20140807,4
MYS,USA,02,20130827,30
NAM,USA,01,20020722,1
NAM,USA,05,20001129,2
NER,USA,04,20071018,2
NER,USA,02,20131221,30
NER,USA,03,20130222,10
NGA,USA,01,20121206,2
NGA,USA,11,20090814,30
NGA,USA,04,20090812,5
NGA,USA,12,20060325,4
NGA,USA,04,20130923,8
NGA,USA,01,20141114,1
NGA,USA,01,20070123,24
NGA,USA,04,20141217,4
NGA,USA,04,20030730,3
NGA,USA,03,20090312,2
NGA,USA,04,20011226,1
NGA,USA,01,20090825,4
NGA,USA,01,20121206,1
NGA,USA,08,20140405,8
NGA,USA,01,20130506,2
NGA,USA,17,20101215,50
NGA,USA,01,20111202,2
NGA,USA,05,20090727,3
NGA,USA,01,20130911,6
NGA,USA,04,20101127,12
NGA,USA,05,20120126,2
NGA,USA,02,20090409,15
NGA,USA,03,20140504,2
NGA,USA,11,20150216,4
NGA,USA,01,20090122,4
NGA,USA,11,20131119,2
NGA,USA,04,20110214,5
NGA,USA,04,20091227,126
NGA,USA,05,20141020,4
NGA,USA,04,20080102,1
NGA,USA,11,20010509,1
NGA,USA,17,20110416,6
NGA,USA,17,20101030,12
NGA,USA,16,20100109,9
NGA,USA,05,20100203,1
NGA,USA,06,20091226,16
NGA,USA,04,20150210,15
NGA,USA,17,20120222,2
NGA,USA,04,20050917,4
NGA,USA,19,20090621,4
NGA,USA,11,20060313,7
NGA,USA,05,20130723,2
NGA,USA,01,20150201,6
NGA,USA,01,20060111,6
NGA,USA,03,20121229,60
NGA,USA,01,20140227,1
NGA,USA,01,20090731,10
NIC,USA,04,20011102,5
NIC,USA,17,20140328,12
NIC,USA,11,20101105,4
NIC,USA,04,20140314,2
NIC,USA,09,20140905,6
NIC,USA,08,20101118,2
NIC,USA,03,20131107,2
NIC,USA,12,20130707,1
NIC,USA,04,20120909,9
NIC,USA,08,20061107,14
NIC,USA,12,20101114,6
NIC,USA,04,20091105,72
NLD,USA,03,20120328,2
NLD,USA,04,20141014,6
NLD,USA,04,20100808,6
NLD,USA,04,20120925,2
NLD,USA,06,20141215,2
NLD,USA,04,20110130,7
NLD,USA,17,20060724,9
NLD,USA,04,20100831,30
NLD,USA,04,20130724,8
NLD,USA,04,20101204,140
NLD,USA,03,20100831,7
NLD,USA,01,20120217,2
NLD,USA,04,20081006,3
NLD,USA,04,20050923,3
NLD,USA,19,20020622,2
NLD,USA,09,20130218,4
NLD,USA,04,20100827,3
NLD,USA,07,20081111,1
NLD,USA,02,20140619,2
NLD,USA,05,20100127,1
NLD,USA,01,20110923,3
NLD,USA,06,20051212,5
NLD,USA,04,20111126,2
NLD,USA,04,20100602,2
NLD,USA,01,20140922,2
NLD,USA,08,20120827,4
NLD,USA,19,20130524,1
NLD,USA,08,20111014,32
NLD,USA,03,20100311,5
NLD,USA,02,20091126,9
NLD,USA,17,20130702,3
NLD,USA,07,20050330,1
NLD,USA,05,20140329,3
NLD,USA,05,20120514,1
NLD,USA,06,20070204,1
NMR,USA,04,20100107,10
NMR,USA,04,20121122,2
NMR,USA,06,20090818,4
NMR,USA,04,20060418,1
NMR,USA,04,20140618,2
NMR,USA,09,20150218,4
NMR,USA,05,20130823,4
NMR,USA,01,20110422,2
NMR,USA,02,20090326,4
NMR,USA,04,20120728,4
NMR,USA,04,20140912,12
NMR,USA,06,20150122,1
NMR,USA,06,20130723,3
NMR,USA,03,20140909,10
NMR,USA,03,20020308,3
NMR,USA,04,20120606,1
NMR,USA,04,20130905,3
NMR,USA,03,20140425,1
NMR,USA,03,20120321,6
NMR,USA,11,20121029,2
NMR,USA,11,20090620,1
NMR,USA,06,20110713,4
NMR,USA,04,20140607,4
NMR,USA,03,20141124,12
NMR,USA,07,20141216,1
NOR,USA,18,20101227,2
NOR,USA,04,20110809,1
NOR,USA,07,20130211,30
NOR,USA,14,20120917,6
NOR,USA,09,20120823,7
NOR,USA,04,20120308,1
NOR,USA,05,20140905,6
NOR,USA,11,20140209,2
NOR,USA,01,20101007,2
NOR,USA,02,20060831,1
NOR,USA,05,20120909,7
NOR,USA,05,20120131,10
NOR,USA,04,20130401,4
NOR,USA,01,20120729,3
NOR,USA,04,20141009,32
NOR,USA,03,20130628,2
NOR,USA,04,20140731,4
NOR,USA,08,20110723,9
NPL,USA,04,20101130,9
NPL,USA,19,20120529,2
NPL,USA,04,20140830,5
NPL,USA,05,20140115,1
NPL,USA,08,20120826,4
NPL,USA,06,20100209,18
NPL,USA,04,20130215,8
NPL,USA,10,20110413,7
NPL,USA,06,20080414,1
NPL,USA,19,20130119,6
NPL,USA,11,20111130,9
NZL,USA,02,20110309,4
NZL,USA,04,20110110,1
NZL,USA,17,20121212,10
NZL,USA,01,20091211,1
NZL,USA,02,20100312,4
NZL,USA,04,20150114,2
NZL,USA,07,20120828,4
NZL,USA,17,20120324,4
NZL,USA,01,20130925,16
NZL,USA,04,20040615,2
NZL,USA,13,20110727,1
NZL,USA,03,20120711,4
NZL,USA,03,20131101,8
NZL,USA,03,20100112,9
NZL,USA,03,20131005,6
NZL,USA,03,20091001,1
NZL,USA,04,20020705,3
NZL,USA,01,20120725,20
NZL,USA,04,20090828,8
NZL,USA,04,20130829,6
NZL,USA,01,20111018,2
NZL,USA,02,20130130,2
NZL,USA,04,20110403,1
OMN,USA,07,20150125,4
OMN,USA,04,20130714,2
PAK,USA,09,20100513,8
PAK,USA,01,20110621,14
PAK,USA,11,20060302,4
PAK,USA,02,20110620,1
PAK,USA,04,20030513,7
PAK,USA,19,20141204,17
PAK,USA,04,20031022,9
PAK,USA,09,20091210,4
PAK,USA,04,20111010,8
PAK,USA,10,20111201,9
PAK,USA,11,20080106,7
PAK,USA,01,20120626,9
PAK,USA,09,20070416,6
PAK,USA,02,20110411,81
PAK,USA,01,20110130,5
PAK,USA,11,20140214,5
PAK,USA,03,20120223,6
PAK,USA,03,20140826,6
PAK,USA,03,20110525,7
PAK,USA,13,20110413,6
PAK,USA,17,20110508,2
PAK,USA,09,20090327,10
PAK,USA,07,20010414,8
PAK,USA,01,20120407,1
PAK,USA,08,20121204,2
PAK,USA,19,20101210,6
PAK,USA,19,20140909,3
PAK,USA,19,20120606,20
PAK,USA,01,20140331,1
PAK,USA,01,20011117,5
PAK,USA,04,20091007,5
PAK,USA,08,20031227,3
PAK,USA,17,20120521,22
PAK,USA,03,20011016,5
PAK,USA,04,20090613,8
PAK,USA,05,20090227,7
PAK,USA,08,20130611,1
PAK,USA,01,20120521,12
PAK,USA,19,20080616,7
PAK,USA,02,20110510,1
PAK,USA,05,20141204,1
PAK,USA,12,20090511,2
PAK,USA,03,20101210,1
PAK,USA,06,20080720,7
PAK,USA,04,20120224,2
PAK,USA,04,20110215,3
PAK,USA,12,20111212,7
PAK,USA,05,20080922,7
PAK,USA,19,20110813,8
PAK,USA,07,20100815,1
PAK,USA,19,20101107,2
PAK,USA,13,20080221,3
PAK,USA,01,20110108,9
PAK,USA,06,20010925,5
PAK,USA,04,20141020,8
PAK,USA,06,20090605,9
PAK,USA,02,20020627,1
PAK,USA,01,20081025,4
PAK,USA,01,20110622,42
PAK,USA,13,20080628,3
PAK,USA,03,20110622,2
PAK,USA,11,20010510,6
PAK,USA,13,20120120,4
PAK,USA,01,20110424,4
PAK,USA,04,20130921,2
PAK,USA,03,20110720,3
PAK,USA,14,20131111,3
PAK,USA,04,20101029,186
PAK,USA,12,20110305,2
PAK,USA,08,20080909,2
PAK,USA,11,20120209,78
PAK,USA,19,20061218,2
PAK,USA,11,20110331,16
PAK,USA,04,20141117,7
PAK,USA,06,20011025,1
PAK,USA,03,20131231,2
PAK,USA,06,20010928,2
PAK,USA,04,20100601,1
PAK,USA,04,20110225,6
PAK,USA,17,20120424,4
PAK,USA,11,20121106,4
PAK,USA,17,20090910,5
PAK,USA,01,20071110,1
PAK,USA,19,20121002,6
PAK,USA,04,20130326,8
PAK,USA,12,20091123,7
PAK,USA,04,20130613,12
PAK,USA,09,20130703,10
PAK,USA,01,20090215,2
PAK,USA,02,20080130,1
PAK,USA,12,20111128,7
PAK,USA,01,20100205,4
PAK,USA,11,20150127,2
PAK,USA,19,20110701,8
PAK,USA,04,20091027,57
PAK,USA,01,20000128,4
PAK,USA,01,20110423,4
PAK,USA,04,20001104,8
PAK,USA,04,20030123,5
PAK,USA,04,20110925,36
PAK,USA,07,20070524,1
PAK,USA,11,20141103,14
PAK,USA,16,20101005,10
PAK,USA,01,20090403,1
PAK,USA,01,20111223,8
PAK,USA,05,20110928,6
PAK,USA,04,20131009,8
PAK,USA,02,20120812,3
PAK,USA,19,20150215,5
PAK,USA,05,20080518,5
PAK,USA,17,20130731,2
PAK,USA,02,20090908,6
PAK,USA,08,20120908,20
PAK,USA,12,20011104,6
PAK,USA,11,20140806,5
PAK,USA,12,20110118,6
PAK,USA,04,20081217,2
PAK,USA,19,20121020,3
PAK,USA,01,20111208,7
PAK,USA,08,20141217,8
PAK,USA,11,20130714,5
PAK,USA,17,20140223,12
PAK,USA,01,20090830,3
PAK,USA,19,20120207,2
PAK,USA,01,20100614,1
PAK,USA,02,20061121,9
PAK,USA,17,20120428,34
PAK,USA,04,20121109,6
PAK,USA,06,20130203,2
PAK,USA,04,20011015,16
PAK,USA,01,20000812,6
PAK,USA,11,20100908,12
PAK,USA,06,20060606,148
PAK,USA,11,20100914,19
PAK,USA,01,20091226,9
PAK,USA,17,20081230,2
PAK,USA,04,20090315,17
PAK,USA,04,20111022,235
PAK,USA,01,20090605,3
PAK,USA,10,20011015,5
PAK,USA,18,20041117,2
PAK,USA,05,20080227,9
PAK,USA,08,20110610,5
PAK,USA,11,20040312,4
PAK,USA,11,20101129,7
PAK,USA,16,20121004,5
PAK,USA,08,20020107,6
PAK,USA,04,20150218,12
PAK,USA,04,20110413,7
PAN,USA,04,20131022,3
PAN,USA,03,20111013,4
PAN,USA,01,20140817,8
PAN,USA,01,20140817,2
PAN,USA,04,20140702,6
PAN,USA,01,20101005,2
PAN,USA,04,20070330,3
PAN,USA,07,20130712,4
PAN,USA,04,20100207,1
PAN,USA,04,20090808,4
PAN,USA,06,20130519,1
PER,USA,01,20060922,7
PER,USA,04,20110520,1
PER,USA,04,20010908,2
PER,USA,01,20100619,18
PER,USA,05,20090827,2
PER,USA,01,20040410,15
PER,USA,01,20091101,2
PER,USA,04,20141216,1
PER,USA,04,20091224,2
PER,USA,03,20091001,9
PER,USA,19,20100607,2
PER,USA,03,20060707,1
PER,USA,05,20001207,2
PER,USA,05,20140625,2
PER,USA,12,20141209,98
PER,USA,04,20140114,4
PER,USA,04,20110809,3
PER,USA,03,20130825,2
PER,USA,01,20111113,1
PGS,USA,01,20020117,8
PHL,USA,04,20140217,8
PHL,USA,12,20091126,7
PHL,USA,04,20090104,4
PHL,USA,01,20070318,5
PHL,USA,04,20121002,2
PHL,USA,08,20090719,10
PHL,USA,10,20141217,8
PHL,USA,04,20120404,4
PHL,USA,04,20110111,6
PHL,USA,14,20120917,2
PHL,USA,04,20010204,2
PHL,USA,02,20100213,2
PHL,USA,17,20120927,3
PHL,USA,03,20110821,1
PHL,USA,15,20010328,18
PHL,USA,17,20071015,4
PHL,USA,03,20090213,2
PHL,USA,05,20140831,10
PHL,USA,04,20050214,3
PHL,USA,04,20150118,26
PHL,USA,04,20121229,1
PHL,USA,05,20140505,20
PHL,USA,12,20120711,8
PHL,USA,04,20010412,6
PHL,USA,14,20030917,7
PHL,USA,04,20110419,4
PHL,USA,06,20120608,9
PHL,USA,07,20110714,3
PHL,USA,01,20060417,3
PHL,USA,04,20141126,2
PHL,USA,07,20141117,156
PHL,USA,12,20121002,20
PHL,USA,03,20110629,4
PHL,USA,08,20100116,7
PHL,USA,02,20140127,8
PHL,USA,11,20130811,12
PHL,USA,04,20111225,3
PHL,USA,10,20140114,2
PHL,USA,17,20100408,5
PHL,USA,06,20000914,1
PHL,USA,02,20131206,10
PHL,USA,08,20070419,4
PHL,USA,17,20121219,8
PHL,USA,03,20140922,1
PHL,USA,02,20141005,2
PHL,USA,17,20141214,1
PHL,USA,04,20120210,3
PHL,USA,17,20091122,2
PHL,USA,16,20090805,16
PHL,USA,02,20090707,3
PHL,USA,11,20010526,2
PHL,USA,04,20130724,4
PHL,USA,05,20131110,1
PHL,USA,08,20111227,2
PHL,USA,01,20091026,1
PHL,USA,18,20090414,9
PHL,USA,02,20020326,9
PHL,USA,04,20110817,2
PHL,USA,04,20140213,7
PHL,USA,06,20141102,1
PHL,USA,04,20080709,1
PHL,USA,11,20141215,56
PHL,USA,07,20120325,2
PHL,USA,05,20070917,4
PLW,USA,09,20120425,8
PLW,USA,04,20121202,6
PLW,USA,07,20130909,1
PNG,USA,01,20120803,1
POL,USA,04,20100219,7
POL,USA,08,20120728,3
POL,USA,02,20130520,3
POL,USA,01,20111228,1
POL,USA,12,20120714,10
POL,USA,03,20090213,1
POL,USA,01,20141213,9
POL,USA,02,20010613,7
POL,USA,05,20130115,1
POL,USA,07,20080820,6
POL,USA,04,20071219,5
POL,USA,03,20140417,1
POL,USA,06,20120919,1
POL,USA,06,20120929,1
POL,USA,04,20070327,8
POL,USA,04,20131024,6
POL,USA,19,20100925,5
POL,USA,01,20111108,3
POL,USA,13,20110222,9
POL,USA,01,20140219,5
POL,USA,07,20140313,2
POL,USA,17,20091126,2
POL,USA,04,20120711,6
POL,USA,11,20141027,15
POL,USA,07,20121109,14
POL,USA,09,20070327,9
POL,USA,01,20101117,54
POL,USA,04,20071003,9
POL,USA,08,20141105,3
POL,USA,17,20110605,2
POL,USA,04,20110225,1
POL,USA,01,20120227,34
POL,USA,03,20110915,1
POL,USA,16,20030208,2
PRK,USA,07,20130508,7
PRK,USA,10,20141108,18
PRK,USA,04,20000309,7
PRK,USA,04,20000714,1
PRK,USA,17,20090625,2
PRK,USA,17,20141021,33
PRK,USA,05,20030414,16
PRK,USA,04,20030411,2
PRK,USA,11,20090616,6
PRK,USA,01,20120229,9
PRK,USA,03,20130409,2
PRK,USA,04,20101228,4
PRK,USA,03,20120321,13
PRK,USA,02,20091005,8
PRK,USA,04,20090904,7
PRK,USA,04,20000706,2
PRK,USA,02,20090819,61
PRK,USA,11,20030304,9
PRK,USA,17,20141108,211
PRK,USA,05,20010315,3
PRK,USA,04,20100802,6
PRK,USA,04,20051110,1
PRK,USA,13,20090530,2
PRK,USA,09,20100725,2
PRK,USA,02,20030627,3
PRK,USA,16,20081012,9
PRK,USA,04,20100503,93
PRK,USA,11,20130316,12
PRK,USA,04,20070108,8
PRK,USA,10,20030415,7
PRK,USA,11,20141202,20
PRK,USA,17,20140208,46
PRK,USA,01,20140218,9
PRK,USA,08,20090609,5
PRK,USA,08,20101230,6
PRK,USA,04,20050112,15
PRK,USA,08,20131122,56
PRK,USA,04,20030703,5
PRK,USA,12,20061228,5
PRK,USA,19,20130321,12
PRK,USA,01,20090202,4
PRK,USA,04,20111024,9
PRK,USA,04,20120320,199
PRK,USA,04,20090306,1
PRK,USA,06,20110504,12
PRK,USA,05,20071216,4
PRK,USA,03,20120209,76
PRK,USA,04,20020407,4
PRK,USA,19,20121211,32
PRK,USA,03,20070130,1
PRK,USA,04,20140918,7
PRK,USA,01,20031031,2
PRK,USA,19,20130625,4
PRK,USA,19,20130415,1
PRK,USA,13,20130415,10
PRK,USA,04,20111017,121
PRK,USA,04,20051018,12
PRK,USA,11,20080312,2
PRK,USA,10,20060411,6
PRK,USA,17,20140411,9
PRK,USA,02,20140902,14
PRK,USA,11,20071013,2
PRK,USA,04,20111023,5
PRK,USA,02,20020823,3
PRK,USA,03,20110128,5
PRK,USA,08,20060121,6
PRK,USA,04,20131023,5
PRK,USA,06,20100213,1
PRK,USA,08,20141229,2
PRK,USA,11,20121213,10
PRK,USA,05,20011119,2
PRK,USA,04,20101213,9
PRK,USA,04,20040423,2
PRK,USA,17,20140922,4
PRK,USA,16,20091210,8
PRK,USA,04,20081207,1
PRK,USA,02,20140426,10
PRK,USA,03,20090930,2
PRK,USA,11,20140427,10
PRK,USA,04,20100818,66
PRK,USA,04,20001223,1
PRK,USA,03,20090914,4
PRK,USA,16,20070309,10
PRK,USA,04,20110810,1
PRK,USA,10,20070525,15
PRK,USA,04,20080822,7
PRK,USA,04,20030108,2
PRK,USA,02,20090301,4
PRK,USA,02,20100724,9
PRK,USA,15,20080329,7
PRK,USA,04,20010618,4
PRK,USA,04,20031110,1
PRK,USA,04,20010615,2
PRK,USA,10,20090606,12
PRK,USA,11,20000311,9
PRK,USA,04,20090818,81
PRK,USA,04,20051215,2
PRK,USA,16,20071221,2
PRT,USA,17,20120302,4
PRT,USA,01,20140413,2
PRT,USA,01,20110309,2
PRT,USA,01,20090923,5
PRT,USA,04,20120131,9
PRT,USA,02,20130923,6
PRT,USA,08,20120312,2
PRT,USA,01,20121115,4
PRY,USA,04,20080214,16
PRY,USA,01,20130816,1
PSE,USA,04,20020517,3
PSE,USA,04,20090126,11
PSE,USA,18,20140721,6
PSE,USA,04,20140809,31
PSE,USA,11,20020329,8
PSE,USA,01,20141229,2
PSE,USA,08,20140808,10
PSE,USA,12,20100428,5
PSE,USA,01,20111028,1
PSE,USA,04,20090108,9
PSE,USA,07,20141208,4
PSE,USA,08,20150128,3
PSE,USA,19,20100922,22
PSE,USA,04,20141009,5
PSE,USA,01,20030623,5
PSE,USA,11,20070621,22
PSE,USA,18,20080817,1
PSE,USA,04,20140626,1
PSE,USA,05,20030617,8
PSE,USA,10,20110929,70
PSE,USA,04,20051024,7
PSE,USA,12,20130524,2
PSE,USA,16,20141103,28
PSE,USA,02,20131207,1
PSE,USA,04,20110108,27
PSE,USA,02,20140817,6
PSE,USA,04,20141204,8
PSE,USA,12,20091031,9
PSE,USA,01,20090602,9
PSE,USA,17,20130902,1
PSE,USA,04,20000928,3
PSE,USA,05,20110606,2
PSE,USA,02,20050203,1
PSE,USA,05,20000705,4
PSE,USA,14,20150213,1
PSE,USA,04,20100921,1
PSE,USA,02,20131202,8
PSE,USA,14,20080210,24
PSE,USA,03,20040128,5
PSE,USA,07,20150107,1
PSE,USA,01,20040118,2
PSE,USA,02,20010226,9
PSE,USA,02,20131031,8
PSE,USA,04,20080227,5
PSE,USA,04,20020417,5
PSE,USA,03,20140308,46
PSE,USA,04,20081230,15
PSE,USA,04,20030906,2
PSE,USA,14,20070611,2
PSE,USA,07,20100209,2
PSE,USA,08,20100615,4
PSE,USA,04,20000730,5
PSE,USA,04,20050606,7
PSE,USA,05,20140916,6
PSE,USA,04,20110323,4
PSE,USA,01,20080307,1
PSE,USA,03,20121111,5
PSE,USA,03,20030626,5
PSE,USA,02,20141105,6
PSE,USA,02,20060922,3
PSE,USA,02,20010922,1
PSE,USA,14,20110810,7
PSE,USA,11,20070727,3
PSE,USA,09,20100916,10
PSE,USA,03,20010320,11
PSE,USA,10,20100927,5
QAT,USA,04,20110112,427
QAT,USA,11,20140708,7
QAT,USA,19,20130202,2
QAT,USA,06,20120725,1
QAT,USA,06,20120530,1
QAT,USA,01,20140511,4
QAT,USA,07,20121001,5
QAT,USA,03,20090309,2
QAT,USA,02,20110513,2
QAT,USA,01,20110113,8
QAT,USA,04,20140531,3
QAT,USA,01,20130811,5
QAT,USA,07,20121129,2
QAT,USA,01,20070312,2
QAT,USA,01,20130706,7
QAT,USA,01,20100124,14
QAT,USA,05,20021215,6
RUS,USA,12,20130728,5
RUS,USA,09,20130412,10
RUS,USA,04,20120702,1
RUS,USA,09,20120615,3
RUS,USA,16,20140306,90
RUS,USA,01,20140909,6
RUS,USA,06,20090220,2
RUS,USA,04,20120119,5
RUS,USA,02,20100821,1
RUS,USA,13,20070228,2
RUS,USA,01,20130215,6
RUS,USA,04,20031030,12
RUS,USA,03,20120913,1
RUS,USA,02,20001110,1
RUS,USA,04,20080530,8
RUS,USA,04,20080915,7
RUS,USA,04,20051203,6
RUS,USA,03,20130827,5
RUS,USA,04,20060713,9
RUS,USA,11,20120208,4
RUS,USA,04,20130309,5
RUS,USA,03,20140419,8
RUS,USA,17,20120403,13
RUS,USA,17,20091222,1
RUS,USA,08,20080914,16
RUS,USA,01,20120506,2
RUS,USA,07,20120917,7
RUS,USA,06,20100317,2
RUS,USA,17,20130323,2
RUS,USA,04,20030716,4
RUS,USA,05,20130207,8
RUS,USA,03,20140505,8
RUS,USA,01,20120905,3
RUS,USA,06,20080910,1
RUS,USA,01,20110128,2
RUS,USA,04,20050509,3
RUS,USA,04,20130810,54
RUS,USA,05,20120828,6
RUS,USA,04,20081125,1
RUS,USA,12,20010919,1
RUS,USA,04,20101111,13
RUS,USA,04,20130319,4
RUS,USA,03,20010917,5
RUS,USA,01,20000908,4
RUS,USA,16,20061006,1
RUS,USA,01,20140207,60
RUS,USA,11,20081206,6
RUS,USA,11,20110423,12
RUS,USA,05,20140724,5
RUS,USA,01,20020524,6
RUS,USA,11,20120808,6
RUS,USA,01,20060505,2
RUS,USA,19,20140421,10
RUS,USA,07,20130829,24
RUS,USA,04,20130906,70
RUS,USA,12,20140820,1
RUS,USA,06,20120814,10
RUS,USA,02,20131207,5
RUS,USA,03,20071010,4
RUS,USA,06,20030817,5
RUS,USA,10,20080508,3
RUS,USA,03,20100915,27
RUS,USA,04,20120913,5
RUS,USA,07,20140215,16
RUS,USA,02,20150204,5
RUS,USA,10,20101229,24
RUS,USA,06,20030807,3
RUS,USA,19,20090704,10
RUS,USA,02,20100804,8
RUS,USA,19,20080819,5
RUS,USA,09,20080422,12
RUS,USA,03,20091210,4
RUS,USA,04,20061103,5
RUS,USA,06,20131107,5
RUS,USA,08,20100903,2
RUS,USA,11,20090901,9
RUS,USA,05,20081215,1
RUS,USA,02,20091007,2
RUS,USA,12,20131021,6
RUS,USA,06,20100921,2
RUS,USA,08,20130220,4
RUS,USA,17,20060414,9
RUS,USA,17,20070517,2
RUS,USA,04,20061106,16
RUS,USA,05,20100327,4
RUS,USA,03,20010123,4
RUS,USA,04,20041027,6
RUS,USA,11,20080701,6
RUS,USA,03,20081001,14
RUS,USA,03,20080526,7
RUS,USA,04,20010111,9
RUS,USA,13,20010920,1
RUS,USA,04,20120730,20
RUS,USA,01,20110802,145
RUS,USA,04,20010206,9
RUS,USA,04,20030406,10
RUS,USA,01,20130807,220
RUS,USA,06,20141210,4
RUS,USA,05,20071019,1
RUS,USA,04,20140919,2
RUS,USA,04,20090205,12
RUS,USA,04,20090704,8
RUS,USA,11,20060607,6
RUS,USA,02,20110806,20
RUS,USA,05,20001012,1
RUS,USA,04,20090319,1
RUS,USA,04,20110408,4
RUS,USA,03,20000114,10
RUS,USA,01,20091121,4
RUS,USA,01,20100204,82
RUS,USA,16,20010327,3
RUS,USA,03,20110221,3
RUS,USA,04,20130924,24
RUS,USA,01,20080108,4
RUS,USA,19,20120212,2
RUS,USA,16,20121002,5
RUS,USA,04,20040228,4
RUS,USA,19,20140724,5
RUS,USA,11,20091218,15
RUS,USA,03,20140128,1
RUS,USA,12,20140723,2
RUS,USA,05,20121014,30
RUS,USA,05,20060930,1
RUS,USA,03,20060920,14
RUS,USA,19,20140719,12
RUS,USA,01,20100729,4
RUS,USA,12,20120130,1
RUS,USA,03,20130708,5
RUS,USA,12,20130914,4
RUS,USA,13,20140814,29
RUS,USA,13,20140306,1
RUS,USA,17,20130125,4
RUS,USA,04,20121109,6
RUS,USA,05,20120128,4
RUS,USA,04,20000613,10
RUS,USA,09,20070118,1
RUS,USA,14,20120204,7
RUS,USA,04,20140714,5
RUS,USA,04,20130515,16
RUS,USA,05,20110402,1
RUS,USA,02,20140513,24
RUS,USA,08,20090314,3
RUS,USA,05,20120627,4
RUS,USA,19,20130905,21
RUS,USA,01,20120319,1
RUS,USA,04,20090722,15
RUS,USA,10,20140417,20
RUS,USA,04,20070818,48
RUS,USA,07,20140925,20
RUS,USA,06,20141107,8
RUS,USA,05,20010705,2
RUS,USA,05,20130420,13
RUS,USA,06,20120604,3
RUS,USA,12,20081015,2
RUS,USA,04,20120819,2
RUS,USA,05,20120330,9
RUS,USA,04,20080710,9
RUS,USA,19,20140324,8
RUS,USA,02,20140909,4
RUS,USA,01,20020109,5
RUS,USA,04,20061204,2
RUS,USA,03,20021206,4
RUS,USA,12,20090409,1
RUS,USA,06,20140930,3
RUS,USA,03,20060503,6
RUS,USA,16,20130205,26
RUS,USA,17,20101117,4
RUS,USA,07,20140924,8
RUS,USA,19,20070808,9
RUS,USA,04,20140925,66
RUS,USA,17,20121228,3
RUS,USA,11,20000218,12
RUS,USA,04,20010402,3
RUS,USA,05,20140310,1
RUS,USA,01,20131014,12
RUS,USA,17,20080318,2
RUS,USA,09,20130705,2
RUS,USA,08,20091231,2
RUS,USA,04,20050806,9
RUS,USA,13,20140526,5
RUS,USA,06,20121027,1
RUS,USA,03,20040603,1
RUS,USA,19,20150112,21
RUS,USA,03,20040322,1
RUS,USA,04,20130618,24
RUS,USA,17,20130619,26
RUS,USA,06,20080208,1
RUS,USA,03,20090609,9
RUS,USA,04,20120229,12
RUS,USA,04,20140521,26
RUS,USA,05,20120408,1
RUS,USA,04,20110801,4
RUS,USA,13,20040126,2
RUS,USA,07,20090403,6
RUS,USA,05,20120928,30
RUS,USA,04,20000203,1
RUS,USA,05,20091216,2
RUS,USA,03,20091022,4
RUS,USA,01,20150212,1
RUS,USA,04,20100909,19
RUS,USA,02,20120617,2
RUS,USA,10,20030530,3
RUS,USA,16,20070327,1
RUS,USA,04,20070823,5
RUS,USA,16,20140320,17
RUS,USA,16,20130204,4
RUS,USA,17,20010802,1
RUS,USA,02,20010806,6
RUS,USA,12,20000207,2
RUS,USA,04,20140330,6
RUS,USA,11,20071027,2
RUS,USA,01,20020703,2
RUS,USA,03,20120629,1
RUS,USA,19,20070518,1
RUS,USA,13,20141016,2
RUS,USA,17,20080508,16
RUS,USA,17,20140320,40
RUS,USA,04,20091106,2
RUS,USA,04,20011031,14
RUS,USA,05,20010120,2
RUS,USA,05,20111206,2
RUS,USA,11,20131015,2
RUS,USA,18,20141205,1
RUS,USA,04,20090219,22
RUS,USA,05,20130902,8
RUS,USA,02,20021017,1
RUS,USA,11,20130109,2
RUS,USA,12,20090726,2
RUS,USA,03,20140823,8
RUS,USA,04,20080926,3
RUS,USA,04,20111124,4
RUS,USA,11,20140414,26
RUS,USA,04,20100924,5
RUS,USA,11,20140306,1
RUS,USA,03,20030918,12
RUS,USA,03,20091212,182
RUS,USA,01,20131118,3
RUS,USA,03,20080121,10
RUS,USA,02,20040310,7
RUS,USA,11,20131228,2
RUS,USA,01,20100813,4
RUS,USA,02,20070320,1
RUS,USA,04,20101127,4
RUS,USA,02,20011003,2
RUS,USA,01,20010913,5
RUS,USA,08,20120827,1
RUS,USA,04,20090123,1
RUS,USA,03,20140422,6
RUS,USA,01,20140314,2
RUS,USA,05,20110301,9
RUS,USA,05,20140828,6
RUS,USA,01,20111018,10
RUS,USA,05,20090707,28
RUS,USA,01,20141030,8
RUS,USA,05,20120630,3
RWA,USA,05,20060704,1
RWA,USA,04,20120806,2
RWA,USA,17,20100705,1
RWA,USA,11,20060529,1
RWA,USA,01,20140308,2
RWA,USA,01,20130608,1
RWA,USA,01,20140415,8
RWA,USA,04,20120522,8
RWA,USA,04,20140630,12
RWA,USA,04,20100501,60
SAS,USA,11,20080305,6
SAS,USA,04,20141106,12
SAS,USA,11,20110113,4
SAS,USA,03,20150106,2
SAU,USA,11,20150126,8
SAU,USA,11,20140329,3
SAU,USA,06,20110419,21
SAU,USA,06,20130820,5
SAU,USA,01,20150204,6
SAU,USA,04,20061226,10
SAU,USA,04,20100215,2
SAU,USA,01,20140220,7
SAU,USA,04,20120914,1
SAU,USA,05,20130225,16
SAU,USA,02,20140715,8
SAU,USA,01,20130906,8
SAU,USA,11,20071208,1
SAU,USA,03,20141019,8
SAU,USA,07,20131026,20
SAU,USA,01,20130326,4
SAU,USA,06,20001017,4
SAU,USA,04,20060923,2
SAU,USA,05,20070130,4
SAU,USA,02,20090202,1
SAU,USA,04,20110108,20
SAU,USA,03,20140329,1
SAU,USA,03,20110308,9
SAU,USA,02,20101111,9
SAU,USA,11,20140329,1
SAU,USA,01,20130326,1
SAU,USA,19,20040608,5
SAU,USA,13,20030803,26
SAU,USA,19,20001009,4
SAU,USA,01,20150129,3
SAU,USA,11,20131211,4
SAU,USA,12,20130823,4
SAU,USA,01,20030413,9
SAU,USA,04,20040113,1
SAU,USA,11,20140330,1
SAU,USA,03,20110316,1
SAU,USA,01,20101216,3
SAU,USA,19,20120817,10
SAU,USA,05,20090220,1
SAU,USA,18,20110202,7
SAU,USA,04,20021021,5
SAU,USA,11,20140918,4
SAU,USA,04,20150217,4
SAU,USA,09,20101122,10
SAU,USA,01,20131125,2
SAU,USA,01,20100816,2
SAU,USA,03,20100921,8
SAU,USA,03,20121127,6
SAU,USA,18,20131023,2
SAU,USA,01,20100906,2
SAU,USA,11,20070329,7
SAU,USA,05,20140801,2
SAU,USA,06,20140306,8
SAU,USA,08,20140505,5
SAU,USA,02,20040413,5
SAU,USA,08,20130519,7
SAU,USA,05,20131009,1
SAU,USA,05,20140729,10
SAU,USA,08,20101011,1
SAU,USA,19,20150203,4
SAU,USA,11,20120512,45
SAU,USA,12,20130910,8
SAU,USA,12,20110910,7
SAU,USA,08,20130924,1
SAU,USA,05,20140918,8
SAU,USA,05,20070816,4
SAU,USA,17,20101014,2
SAU,USA,01,20130808,2
SAU,USA,05,20090908,3
SAU,USA,01,20140319,3
SAU,USA,03,20150204,1
SAU,USA,02,20140826,8
SDN,USA,19,20120125,9
SDN,USA,01,20110114,4
SDN,USA,02,20110207,4
SDN,USA,05,20070522,9
SDN,USA,11,20071019,6
SDN,USA,02,20120302,2
SDN,USA,04,20000123,9
SDN,USA,04,20100819,6
SDN,USA,02,20130921,6
SDN,USA,12,20060918,15
SDN,USA,04,20090819,6
SDN,USA,01,20070924,8
SDN,USA,19,20080501,17
SDN,USA,03,20090406,10
SDN,USA,17,20140623,6
SDN,USA,03,20121228,10
SDN,USA,04,20131101,2
SDN,USA,01,20101221,18
SDN,USA,04,20130928,4
SDN,USA,01,20090904,13
SDN,USA,04,20140512,2
SDN,USA,01,20051022,4
SDN,USA,04,20080606,4
SDN,USA,04,20130115,5
SDN,USA,06,20130618,1
SDN,USA,04,20060908,6
SDN,USA,01,20030620,6
SDN,USA,04,20110108,26
SDN,USA,17,20070121,5
SDN,USA,01,20091214,12
SEA,USA,02,20110719,27
SEA,USA,06,20100126,8
SEA,USA,01,20071212,2
SEA,USA,04,20121204,4
SEA,USA,04,20140320,280
SEA,USA,04,20150108,10
SEA,USA,11,20070601,2
SEA,USA,02,20070730,9
SEA,USA,05,20121009,1
SEA,USA,04,20010916,1
SEA,USA,17,20071206,5
SEN,USA,03,20030703,6
SEN,USA,04,20090924,2
SEN,USA,03,20150116,8
SEN,USA,03,20121109,12
SGP,USA,04,20080604,2
SGP,USA,01,20130818,80
SGP,USA,01,20131215,10
SGP,USA,04,20120608,1
SGP,USA,04,20150114,1
SGP,USA,01,20110902,5
SGP,USA,04,20131120,2
SGP,USA,03,20111110,1
SGP,USA,04,20120502,8
SGP,USA,04,20120924,4
SGP,USA,04,20090728,12
SLE,USA,18,20131009,4
SLE,USA,06,20080827,1
SLE,USA,04,20101025,2
SLE,USA,04,20140916,2
SLE,USA,17,20140929,4
SLE,USA,04,20100606,1
SLE,USA,19,20130503,2
SLE,USA,11,20131009,2
SLV,USA,04,20140818,2
SLV,USA,01,20110319,8
SLV,USA,04,20040601,18
SLV,USA,11,20100105,3
SLV,USA,18,20110915,1
SLV,USA,04,20120706,1
SMR,USA,17,20110201,2
SOM,USA,07,20100806,2
SOM,USA,19,20130715,6
SOM,USA,04,20120310,1
SOM,USA,19,20070628,2
SOM,USA,18,20090412,4
SOM,USA,19,20140514,4
SOM,USA,07,20091006,2
SOM,USA,19,20070109,2
SOM,USA,07,20070224,2
SOM,USA,04,20150214,2
SOM,USA,04,20100426,9
SOM,USA,13,20140909,48
SOM,USA,12,20110727,9
SOM,USA,01,20130129,20
SOM,USA,04,20140416,1
SOM,USA,04,20130921,3
SOM,USA,05,20091008,2
SOM,USA,04,20110613,2
SOM,USA,07,20130415,9
SOM,USA,04,20150206,7
SOM,USA,19,20120126,4
SOM,USA,02,20131028,2
SOM,USA,03,20141122,8
SOM,USA,01,20060628,1
SRB,USA,17,20080805,8
SRB,USA,04,20130714,1
SRB,USA,04,20140522,4
SRB,USA,02,20030714,3
SRB,USA,12,20110729,5
SRB,USA,01,20090201,2
SRB,USA,04,20121030,1
SSD,USA,01,20131220,7
SSD,USA,11,20140104,4
SSD,USA,03,20140924,1
SSD,USA,04,20130913,30
SSD,USA,02,20140106,1
SUR,USA,04,20081028,7
SVK,USA,03,20081018,8
SVK,USA,04,20010926,9
SVK,USA,05,20110912,9
SVK,USA,03,20050216,3
SWE,USA,04,20141127,4
SWE,USA,07,20141006,20
SWE,USA,01,20110711,42
SWE,USA,01,20111110,2
SWE,USA,17,20100925,1
SWE,USA,12,20120511,3
SWE,USA,08,20110214,1
SWE,USA,09,20071029,4
SWE,USA,01,20090601,1
SWE,USA,04,20100818,35
SWE,USA,01,20090111,2
SWE,USA,17,20120705,2
SWE,USA,02,20120704,4
SWE,USA,07,20120223,3
SWE,USA,04,20100513,3
SWE,USA,02,20140905,4
SWE,USA,01,20090302,1
SWE,USA,01,20070508,1
SWE,USA,06,20090410,1
SWE,USA,12,20120821,12
SWE,USA,01,20090610,2
SWE,USA,04,20080529,9
SWE,USA,08,20120820,4
SWE,USA,02,20081229,4
SWE,USA,01,20140304,40
SWE,USA,01,20100802,1
SWE,USA,01,20110912,2
SWE,USA,01,20140905,8
SWE,USA,01,20140820,6
SWE,USA,08,20110902,4
SWE,USA,08,20120823,8
SWE,USA,01,20100129,2
SWE,USA,02,20110309,3
SWE,USA,10,20090122,1
SWZ,USA,01,20140709,9
SWZ,USA,04,20080615,1
SWZ,USA,06,20140310,8
SWZ,USA,18,20150121,1
SYC,USA,04,20111102,2
SYC,USA,04,20101011,2
SYC,USA,03,20120606,7
SYC,USA,02,20100921,3
SYC,USA,04,20100819,4
SYC,USA,01,20120104,3
SYC,USA,04,20120523,4
SYR,USA,16,20110809,1
SYR,USA,17,20110426,5
SYR,USA,02,20120905,5
SYR,USA,01,20120812,15
SYR,USA,04,20121028,1
SYR,USA,03,20120529,4
SYR,USA,11,20130831,1
SYR,USA,11,20070314,6
SYR,USA,13,20120227,9
SYR,USA,05,20130910,24
SYR,USA,01,20121122,9
SYR,USA,08,20120301,2
SYR,USA,04,20000323,4
SYR,USA,04,20150211,27
SYR,USA,04,20090609,5
SYR,USA,13,20140910,1
SYR,USA,03,20120628,1
SYR,USA,11,20110720,6
SYR,USA,04,20121114,4
SYR,USA,12,20070818,6
SYR,USA,05,20111125,6
SYR,USA,01,20101202,1
SYR,USA,04,20090921,2
SYR,USA,19,20110628,3
SYR,USA,01,20120308,46
SYR,USA,02,20120417,29
SYR,USA,01,20131231,3
SYR,USA,04,20120609,3
SYR,USA,11,20110903,18
SYR,USA,04,20080902,2
SYR,USA,04,20121227,32
SYR,USA,04,20140924,19
SYR,USA,18,20140820,10
SYR,USA,10,20130711,1
SYR,USA,08,20150210,2
SYR,USA,13,20031102,7
SYR,USA,16,20131112,4
SYR,USA,02,20061115,4
SYR,USA,04,20041209,4
SYR,USA,17,20120816,3
SYR,USA,01,20120726,56
SYR,USA,04,20090901,4
SYR,USA,11,20120702,1
SYR,USA,14,20120919,6
SYR,USA,02,20120220,8
SYR,USA,04,20141110,8
SYR,USA,04,20120204,22
SYR,USA,19,20041121,1
SYR,USA,01,20140528,1
SYR,USA,19,20110606,2
SYR,USA,04,20010814,1
SYR,USA,01,20130103,21
SYR,USA,04,20110704,30
SYR,USA,11,20090131,2
SYR,USA,19,20120208,2
SYR,USA,01,20090725,2
SYR,USA,04,20141225,8
SYR,USA,15,20110402,7
SYR,USA,04,20141213,20
SYR,USA,12,20120216,1
SYR,USA,03,20030501,16
SYR,USA,19,20140409,8
SYR,USA,06,20131102,6
SYR,USA,04,20110627,15
SYR,USA,15,20070609,5
SYR,USA,08,20120125,8
SYR,USA,19,20100809,2
SYR,USA,03,20081109,2
SYR,USA,07,20130825,14
SYR,USA,17,20150210,3
SYR,USA,04,20120630,19
SYR,USA,01,20100830,9
SYR,USA,05,20130919,6
SYR,USA,11,20081028,2
SYR,USA,08,20120811,6
SYR,USA,05,20090521,3
SYR,USA,04,20120225,24
SYR,USA,01,20110325,316
SYR,USA,19,20140828,20
TCD,USA,07,20090409,4
TCD,USA,10,20080803,4
TCD,USA,01,20140901,4
TCD,USA,03,20140203,3
TCD,USA,01,20131226,54
TCD,USA,06,20121219,4
TCD,USA,08,20140521,70
TCD,USA,04,20070416,18
TCD,USA,19,20110625,3
TCD,USA,07,20120703,2
TCD,USA,04,20140211,2
THA,USA,04,20120801,5
THA,USA,17,20060817,6
THA,USA,03,20121113,2
THA,USA,05,20130923,10
THA,USA,01,20110414,2
THA,USA,01,20010915,9
THA,USA,01,20081222,16
THA,USA,04,20120417,7
THA,USA,01,20130906,2
THA,USA,05,20120327,8
THA,USA,07,20130528,5
THA,USA,04,20130801,7
THA,USA,11,20150131,2
THA,USA,04,20130927,5
THA,USA,19,20091207,1
THA,USA,04,20131001,1
THA,USA,03,20090722,1
THA,USA,04,20060825,8
THA,USA,10,20130916,2
THA,USA,04,20121117,12
THA,USA,04,20070503,9
THA,USA,06,20080710,1
THA,USA,13,20141210,2
TJK,USA,04,20070306,7
TJK,USA,01,20120729,22
TJK,USA,04,20140811,5
TJK,USA,01,20051011,9
TJK,USA,04,20000908,2
TJK,USA,01,20120724,88
TJK,USA,04,20100920,4
TKM,USA,04,20010918,1
TKM,USA,02,20110329,4
TMP,USA,03,20120905,2
TON,USA,01,20090806,4
TTO,USA,08,20120525,6
TTO,USA,01,20091206,1
TTO,USA,04,20120813,6
TTO,USA,05,20061016,3
TTO,USA,04,20080628,1
TTO,USA,02,20070917,5
TTO,USA,13,20070604,4
TUN,USA,07,20100924,2
TUN,USA,02,20120225,7
TUN,USA,04,20001227,3
TUN,USA,01,20131118,2
TUR,USA,19,20140404,6
TUR,USA,01,20070906,2
TUR,USA,04,20100302,1
TUR,USA,10,20110901,2
TUR,USA,03,20030219,9
TUR,USA,13,20101219,9
TUR,USA,18,20130721,12
TUR,USA,01,20010912,3
TUR,USA,19,20141125,12
TUR,USA,06,20140701,2
TUR,USA,04,20081128,16
TUR,USA,19,20130422,6
TUR,USA,19,20101117,1
TUR,USA,03,20131127,10
TUR,USA,04,20071102,23
TUR,USA,04,20130921,8
TUR,USA,01,20021003,3
TUR,USA,19,20070529,2
TUR,USA,03,20120627,22
TUR,USA,04,20120824,6
TUR,USA,03,20070613,2
TUR,USA,11,20120520,1
TUR,USA,01,20100806,2
TUR,USA,13,20140809,16
TUR,USA,04,20090220,7
TUR,USA,03,20121227,2
TUR,USA,13,20040120,9
TUR,USA,08,20141113,4
TUR,USA,02,20071102,13
TUR,USA,04,20081010,7
TUR,USA,04,20080920,1
TUR,USA,04,20070917,6
TUR,USA,12,20030318,4
TUR,USA,17,20070920,3
TUR,USA,03,20100126,7
TUR,USA,04,20090603,7
TUR,USA,04,20091025,6
TUR,USA,03,20120327,1
TUR,USA,17,20140408,5
TUR,USA,10,20090201,6
TUR,USA,11,20071028,1
TUR,USA,01,20130617,6
TUR,USA,05,20021106,3
TUR,USA,17,20131005,4
TUR,USA,04,20090320,7
TUR,USA,19,20140916,6
TUR,USA,02,20111208,1
TUR,USA,18,20140522,8
TUR,USA,04,20030401,113
TUR,USA,01,20120125,4
TUR,USA,06,20100222,12
TUR,USA,05,20140716,6
TUR,USA,06,20101127,2
TUR,USA,11,20060913,9
TUR,USA,04,20120308,4
TUR,USA,03,20120327,16
TUR,USA,07,20120414,2
TUR,USA,03,20110818,4
TUR,USA,01,20110920,3
TUR,USA,03,20021119,6
TUR,USA,03,20071004,1
TUR,USA,04,20150212,1
TUR,USA,05,20011009,7
TUR,USA,01,20120214,4
TUR,USA,06,20080630,7
TUR,USA,04,20061209,2
TUR,USA,02,20130219,5
TUR,USA,04,20030918,2
TUR,USA,03,20141013,29
TUR,USA,05,20131101,2
TUR,USA,03,20150127,2
TUR,USA,05,20080709,2
TUR,USA,18,20090918,1
TUR,USA,02,20130513,2
TUR,USA,04,20111124,9
TUR,USA,04,20140724,32
TUR,USA,13,20001217,4
TUR,USA,04,20030220,1
TUR,USA,04,20110618,4
TUR,USA,01,20081025,4
TUR,USA,02,20040912,2
TWN,USA,06,20140522,2
TWN,USA,03,20140403,6
TWN,USA,19,20141014,2
TWN,USA,02,20150218,2
TWN,USA,04,20140205,2
TZA,USA,18,20040522,4
TZA,USA,02,20150211,4
TZA,USA,03,20150114,4
TZA,USA,04,20080216,2
UGA,USA,05,20050324,9
UGA,USA,05,20120210,9
UGA,USA,04,20000201,6
UGA,USA,04,20120301,1
UGA,USA,03,20030716,6
UGA,USA,10,20140302,1
UGA,USA,02,20060313,3
UGA,USA,04,20120807,1
UGA,USA,04,20090306,5
UGA,USA,04,20140809,16
UGA,USA,17,20101002,2
UGA,USA,04,20050829,1
UGA,USA,01,20120310,1
UGA,USA,06,20140702,1
UGA,USA,19,20131227,1
UKR,USA,05,20091209,15
UKR,USA,02,20140308,20
UKR,USA,11,20090820,4
UKR,USA,02,20140728,2
UKR,USA,04,20090530,4
UKR,USA,04,20020315,6
UKR,USA,01,20130614,6
UKR,USA,02,20130729,7
UKR,USA,19,20140412,2
UKR,USA,05,20140523,6
UKR,USA,19,20130318,2
UKR,USA,03,20121212,10
UKR,USA,01,20131124,1
UKR,USA,04,20140831,5
UKR,USA,02,20140815,2
UKR,USA,01,20070206,9
UKR,USA,04,20110221,11
UKR,USA,04,20141113,5
UKR,USA,01,20140505,8
UKR,USA,04,20140316,42
UKR,USA,01,20140904,2
UKR,USA,07,20041014,1
UKR,USA,19,20141004,10
UKR,USA,04,20100805,2
UKR,USA,01,20140719,116
UKR,USA,19,20140318,2
UKR,USA,19,20150124,10
UKR,USA,17,20140306,8
UKR,USA,11,20140512,8
UKR,USA,19,20090413,6
UKR,USA,17,20111029,2
UKR,USA,13,20120201,2
UKR,USA,02,20000514,2
UKR,USA,07,20141002,2
UKR,USA,01,20070817,6
UKR,USA,17,20120406,2
UKR,USA,04,20150128,53
UKR,USA,03,20140725,12
UKR,USA,04,20140409,8
UKR,USA,05,20140707,2
UKR,USA,04,20050406,9
UKR,USA,01,20150126,3
UKR,USA,04,20150113,5
UKR,USA,15,20140422,4
UKR,USA,04,20070412,4
UKR,USA,04,20100221,1
UKR,USA,03,20140531,6
UKR,USA,19,20080929,3
URY,USA,06,20070924,1
URY,USA,01,20090120,1
URY,USA,04,20140428,24
URY,USA,01,20140105,2
USA,USA,17,20070130,10
USA,USA,02,20100802,16
USA,USA,13,20080624,6
USA,USA,04,20050422,6
USA,USA,17,20120206,24
USA,USA,09,20070510,9
USA,USA,04,20121015,1
USA,USA,13,20021213,2
USA,USA,05,20111101,10
USA,USA,16,20141116,7
USA,USA,01,20011013,2
USA,USA,01,20001121,8
USA,USA,13,20110715,4
USA,USA,04,20080309,5
USA,USA,04,20010920,39
USA,USA,07,20130226,92
USA,USA,07,20110412,192
USA,USA,09,20130615,12
USA,USA,03,20131125,40
USA,USA,06,20030502,6
USA,USA,01,20081209,1
USA,USA,11,20130129,28
USA,USA,19,20131023,12
USA,USA,04,20110103,83
USA,USA,17,20091120,7
USA,USA,03,20110803,8
USA,USA,19,20140915,25
USA,USA,12,20131030,16
USA,USA,04,20100926,89
USA,USA,04,20090815,58
USA,USA,11,20130428,1
USA,USA,01,20100219,18
USA,USA,17,20140225,11
USA,USA,01,20000425,3
USA,USA,01,20111015,5
USA,USA,08,20121012,7
USA,USA,06,20140414,6
USA,USA,11,20120204,9
USA,USA,02,20120218,17
USA,USA,07,20090401,3
USA,USA,18,20130726,6
USA,USA,04,20010909,3
USA,USA,07,20090617,2
USA,USA,02,20140221,40
USA,USA,13,20081023,3
USA,USA,08,20150210,23
USA,USA,11,20121112,64
USA,USA,18,20111230,10
USA,USA,04,20040220,3
USA,USA,13,20141208,16
USA,USA,03,20120213,19
USA,USA,13,20100109,1
USA,USA,04,20070923,1
USA,USA,17,20120416,8
USA,USA,12,20150216,16
USA,USA,16,20071022,1
USA,USA,03,20130101,5
USA,USA,19,20121116,4
USA,USA,01,20140918,5
USA,USA,02,20110418,5
USA,USA,03,20130903,45
USA,USA,16,20021102,2
USA,USA,12,20131029,5
USA,USA,02,20040116,6
USA,USA,04,20091007,8
USA,USA,01,20110518,529
USA,USA,12,20120407,2
USA,USA,07,20070824,16
USA,USA,06,20121226,4
USA,USA,02,20121113,9
USA,USA,03,20071122,12
USA,USA,07,20110812,20
USA,USA,17,20120521,18
USA,USA,06,20131215,3
USA,USA,18,20130925,4
USA,USA,04,20000109,3
USA,USA,03,20020201,1
USA,USA,07,20091203,2
USA,USA,15,20090218,12
USA,USA,13,20120802,69
USA,USA,02,20140212,33
USA,USA,04,20091102,99
USA,USA,11,20120907,240
USA,USA,10,20101212,1
USA,USA,09,20100415,7
USA,USA,09,20110101,18
USA,USA,11,20111121,10
USA,USA,05,20080801,45
USA,USA,16,20110630,5
USA,USA,05,20110410,60
USA,USA,19,20140308,24
USA,USA,17,20091120,9
USA,USA,01,20111126,232
USA,USA,01,20110909,106
USA,USA,16,20121029,21
USA,USA,11,20140728,2
USA,USA,05,20130116,24
USA,USA,17,20141111,6
USA,USA,10,20111111,1
USA,USA,17,20120522,49
USA,USA,04,20080311,7
USA,USA,07,20130818,7
USA,USA,10,20120425,10
USA,USA,19,20140916,38
USA,USA,07,20120801,7
USA,USA,02,20071219,117
USA,USA,19,20131111,16
USA,USA,11,20140831,7
USA,USA,07,20120702,60
USA,USA,12,20090320,5
USA,USA,11,20101108,144
USA,USA,04,20100820,29
USA,USA,04,20130629,32
USA,USA,10,20070727,4
USA,USA,04,20120110,15
USA,USA,05,20010227,12
USA,USA,01,20120127,7
USA,USA,11,20120108,54
USA,USA,01,20081017,15
USA,USA,05,20150128,24
USA,USA,09,20110614,15
USA,USA,15,20120403,4
USA,USA,17,20140617,36
USA,USA,02,20070816,54
USA,USA,17,20100515,9
USA,USA,04,20050831,4
USA,USA,11,20110105,270
USA,USA,17,20090324,1
USA,USA,01,20110106,25
USA,USA,12,20061124,9
USA,USA,04,20120705,7
USA,USA,05,20140801,24
USA,USA,11,20140103,2
USA,USA,04,20130704,2
USA,USA,04,20090419,7
USA,USA,05,20090709,14
USA,USA,04,20131022,496
USA,USA,06,20131029,4
USA,USA,07,20020425,2
USA,USA,16,20070316,5
USA,USA,08,20140816,1
USA,USA,12,20120913,32
USA,USA,01,20001203,8
USA,USA,11,20021109,2
USA,USA,11,20130207,6
USA,USA,04,20100419,3
USA,USA,08,20110808,43
USA,USA,12,20030418,2
USA,USA,05,20101102,68
USA,USA,17,20130816,56
USA,USA,02,20150212,7
USA,USA,03,20110317,114
USA,USA,17,20150116,64
USA,USA,09,20080614,4
USA,USA,11,20080408,7
USA,USA,07,20040318,7
USA,USA,02,20020120,18
USA,USA,02,20091129,5
USA,USA,03,20131228,16
USA,USA,02,20100913,14
USA,USA,01,20120730,20
USA,USA,11,20110115,36
USA,USA,08,20001206,7
USA,USA,17,20110302,35
USA,USA,03,20090116,30
USA,USA,01,20140323,224
USA,USA,03,20061228,16
USA,USA,07,20141111,6
USA,USA,15,20110321,3
USA,USA,04,20090312,4
USA,USA,18,20110303,10
USA,USA,04,20060826,4
USA,USA,08,20141118,5
USA,USA,11,20080815,8
USA,USA,03,20100819,8
USA,USA,08,20130607,20
USA,USA,04,20130523,1
USA,USA,19,20130707,19
USA,USA,08,20091102,4
USA,USA,04,20130210,16
USA,USA,03,20140208,4
USA,USA,03,20050922,8
USA,USA,01,20130723,71
USA,USA,04,20070329,56
USA,USA,04,20091117,7
USA,USA,04,20111202,99
USA,USA,05,20120321,4
USA,USA,16,20090213,14
USA,USA,19,20090326,10
USA,USA,04,20090501,42
USA,USA,09,20110525,7
USA,USA,03,20081212,5
USA,USA,01,20090522,29
USA,USA,03,20120614,30
USA,USA,07,20070920,3
USA,USA,09,20140901,20
USA,USA,11,20101031,27
USA,USA,01,20000906,4
USA,USA,16,20121102,2
USA,USA,14,20141213,3
USA,USA,04,20131223,1
USA,USA,04,20090801,1
USA,USA,10,20130807,10
USA,USA,03,20091110,14
USA,USA,12,20101226,2
USA,USA,01,20111001,20
USA,USA,01,20120817,1
USA,USA,13,20000530,2
USA,USA,06,20120301,6
USA,USA,11,20131225,10
USA,USA,02,20101224,18
USA,USA,06,20080717,6
USA,USA,01,20091217,9
USA,USA,01,20120424,40
USA,USA,11,20131118,14
USA,USA,05,20120731,70
USA,USA,10,20120411,42
USA,USA,04,20120305,14
USA,USA,05,20080528,21
USA,USA,02,20090801,106
USA,USA,03,20011025,4
USA,USA,04,20130623,56
USA,USA,08,20080703,5
USA,USA,01,20130405,34
USA,USA,01,20020809,2
USA,USA,04,20020711,10
USA,USA,12,20091005,3
USA,USA,06,20101122,16
USA,USA,01,20110822,1
USA,USA,16,20081227,2
USA,USA,03,20060928,1
USA,USA,06,20090410,27
USA,USA,04,20141028,5
USA,USA,09,20140910,10
USA,USA,04,20130823,58
USA,USA,05,20120209,42
USA,USA,04,20141203,21
USA,USA,19,20140720,26
USA,USA,19,20110112,11
USA,USA,06,20101003,8
USA,USA,12,20140110,15
USA,USA,13,20120630,7
USA,USA,01,20130307,50
USA,USA,04,20141002,11
USA,USA,19,20091202,10
USA,USA,09,20110706,32
USA,USA,08,20091201,2
USA,USA,11,20120820,28
USA,USA,01,20141111,4
USA,USA,11,20030828,5
USA,USA,07,20031126,1
USA,USA,17,20120529,6
USA,USA,01,20131014,1
USA,USA,01,20090728,60
USA,USA,01,20070722,11
USA,USA,04,20110421,16
USA,USA,16,20150205,10
USA,USA,14,20141008,40
USA,USA,13,20141128,8
USA,USA,18,20140326,15
USA,USA,05,20100624,3
USA,USA,13,20110519,6
USA,USA,12,20010816,2
USA,USA,01,20141008,42
USA,USA,04,20071018,8
USA,USA,11,20100817,48
USA,USA,08,20130224,6
USA,USA,03,20100812,2
USA,USA,05,20000825,1
USA,USA,08,20090322,14
USA,USA,12,20091125,1
USA,USA,17,20050712,2
USA,USA,19,20140610,208
USA,USA,04,20140827,32
USA,USA,04,20140628,56
USA,USA,01,20050919,5
USA,USA,08,20120411,143
USA,USA,03,20141012,16
USA,USA,06,20121005,3
USA,USA,09,20101121,1
USA,USA,17,20140605,16
USA,USA,05,20140922,18
USA,USA,03,20071013,6
USA,USA,03,20081127,14
USA,USA,07,20150106,13
USA,USA,19,20141220,4
USA,USA,12,20131004,160
USA,USA,06,20090919,5
USA,USA,04,20070101,2
USA,USA,19,20140116,5
USA,USA,07,20090929,47
USA,USA,19,20000513,4
USA,USA,06,20120423,4
USA,USA,19,20000922,1
USA,USA,06,20130903,14
USA,USA,11,20111221,15
USA,USA,03,20110318,7
USA,USA,01,20130727,8
USA,USA,03,20070730,35
USA,USA,17,20110429,13
USA,USA,07,20120609,10
USA,USA,09,20131207,22
USA,USA,09,20060816,3
USA,USA,04,20110316,38
USA,USA,07,20140525,76
USA,USA,03,20120722,39
USA,USA,07,20140826,24
USA,USA,13,20070710,18
USA,USA,02,20071101,17
USA,USA,01,20110825,15
USA,USA,07,20110726,14
USA,USA,02,20010918,9
USA,USA,10,20110106,10
USA,USA,10,20140314,14
USA,USA,09,20110316,180
USA,USA,16,20120402,8
USA,USA,02,20140221,90
USA,USA,03,20110827,68
USA,USA,01,20140326,47
USA,USA,02,20120323,16
USA,USA,02,20100117,12
USA,USA,17,20110615,12
USA,USA,09,20120810,1
USA,USA,11,20020801,2
USA,USA,04,20130813,36
USA,USA,18,20130129,30
USA,USA,11,20110129,14
USA,USA,02,20140715,2
USA,USA,05,20080731,18
USA,USA,19,20130930,6
USA,USA,08,20090723,9
USA,USA,02,20141114,30
USA,USA,07,20100706,16
USA,USA,19,20140210,38
USA,USA,12,20120612,106
USA,USA,16,20141125,1
USA,USA,12,20091002,9
USA,USA,17,20120112,21
USA,USA,05,20110519,96
USA,USA,07,20090404,18
USA,USA,01,20101016,3
USA,USA,17,20140327,26
USA,USA,19,20090630,4
USA,USA,05,20080715,44
USA,USA,13,20070127,2
USA,USA,10,20120622,4
USA,USA,07,20131218,19
USA,USA,08,20140417,1
USA,USA,03,20090225,50
USA,USA,19,20130728,16
USA,USA,01,20090122,64
USA,USA,01,20141011,20
USA,USA,01,20091224,36
USA,USA,12,20140217,8
USA,USA,05,20140403,1
USA,USA,01,20140611,27
USA,USA,08,20000331,18
USA,USA,08,20080104,9
USA,USA,11,20091202,9
USA,USA,04,20000608,4
USA,USA,02,20110123,29
USA,USA,14,20140424,2
USA,USA,08,20110610,61
USA,USA,08,20131105,155
USA,USA,04,20100428,18
USA,USA,01,20140131,1
USA,USA,17,20100730,2
USA,USA,08,20140105,4
USA,USA,10,20140921,10
USA,USA,04,20131216,30
USA,USA,09,20130220,40
USA,USA,02,20111208,29
USA,USA,04,20080601,15
USA,USA,02,20110103,11
USA,USA,19,20100629,18
USA,USA,07,20121220,80
USA,USA,19,20140516,24
USA,USA,17,20140922,25
USA,USA,01,20140804,32
USA,USA,01,20150209,30
USA,USA,19,20141217,176
USA,USA,04,20140105,3
USA,USA,03,20121211,120
USA,USA,01,20100905,2
USA,USA,09,20011023,2
USA,USA,04,20090414,8
USA,USA,04,20101228,7
USA,USA,02,20120421,3
USA,USA,09,20131229,2
USA,USA,07,20131115,35
USA,USA,02,20130613,17
USA,USA,09,20080111,9
USA,USA,02,20110217,1
USA,USA,07,20111008,16
USA,USA,05,20100310,5
USA,USA,02,20090403,6
USA,USA,15,20140909,2
USA,USA,02,20080716,5
USA,USA,13,20130713,18
USA,USA,09,20000229,3
USA,USA,18,20120131,3
USA,USA,03,20150218,4
USA,USA,03,20131112,11
USA,USA,09,20120303,12
USA,USA,06,20141109,3
USA,USA,19,20110602,24
USA,USA,04,20111109,28
USA,USA,05,20140918,193
USA,USA,11,20060209,2
USA,USA,17,20000921,1
USA,USA,12,20140525,2
USA,USA,10,20141219,16
USA,USA,04,20120224,25
USA,USA,19,20090202,1
USA,USA,19,20100828,45
USA,USA,11,20040802,1
USA,USA,19,20130720,3
USA,USA,18,20090418,7
USA,USA,17,20020820,2
USA,USA,05,20070302,9
USA,USA,04,20090614,12
USA,USA,01,20110707,13
USA,USA,12,20110407,60
USA,USA,08,20090426,18
USA,USA,05,20091221,9
USA,USA,01,20090420,12
USA,USA,04,20010912,8
USA,USA,17,20140812,4
USA,USA,03,20010314,5
USA,USA,06,20120306,8
USA,USA,13,20090712,21
USA,USA,19,20140513,14
USA,USA,07,20050202,2
USA,USA,10,20120612,72
USA,USA,04,20120118,4
USA,USA,11,20001006,9
USA,USA,12,20140305,12
USA,USA,01,20110114,15
USA,USA,18,20150210,18
USA,USA,01,20061017,28
USA,USA,19,20120920,108
USA,USA,03,20140827,6
USA,USA,01,20091113,6
USA,USA,11,20040110,6
USA,USA,01,20140214,7
USA,USA,19,20111218,4
USA,USA,17,20121123,6
USA,USA,14,20090416,4
USA,USA,12,20100804,12
USA,USA,02,20120302,260
USA,USA,11,20031010,5
USA,USA,01,20120430,76
USA,USA,01,20021203,2
USA,USA,04,20110808,30
USA,USA,07,20090309,3
USA,USA,10,20071222,18
USA,USA,10,20060525,6
USA,USA,05,20110105,84
USA,USA,19,20060522,20
USA,USA,18,20141130,12
USA,USA,02,20130708,20
USA,USA,19,20101118,12
USA,USA,03,20000404,4
USA,USA,07,20130213,8
USA,USA,19,20080209,9
USA,USA,10,20110614,5
USA,USA,04,20090209,13
USA,USA,18,20120728,16
USA,USA,14,20150129,3
USA,USA,11,20140714,13
USA,USA,07,20140529,11
USA,USA,11,20120420,2
USA,USA,13,20130623,6
USA,USA,11,20110828,7
USA,USA,05,20050903,1
USA,USA,19,20120720,42
USA,USA,04,20110415,147
USA,USA,19,20100116,2
USA,USA,05,20140204,44
USA,USA,01,20110105,322
USA,USA,14,20140825,8
USA,USA,08,20130104,10
USA,USA,04,20090308,5
USA,USA,02,20000928,30
USA,USA,17,20041202,2
USA,USA,10,20090329,21
USA,USA,09,20110305,5
USA,USA,06,20080804,7
USA,USA,01,20090118,3
USA,USA,09,20120828,10
USA,USA,03,20100815,1
USA,USA,19,20120309,6
USA,USA,04,20130131,6
USA,USA,18,20100913,3
USA,USA,01,20150127,64
USA,USA,01,20010602,4
USA,USA,07,20141008,48
USA,USA,01,20090102,6
USA,USA,04,20100216,1
USA,USA,01,20060507,1
USA,USA,05,20111018,37
USA,USA,18,20140806,18
USA,USA,08,20130115,4
USA,USA,18,20110527,12
USA,USA,04,20150202,34
USA,USA,09,20120709,8
USA,USA,06,20100326,1
USA,USA,04,20111208,17
USA,USA,11,20130121,4
USA,USA,04,20100817,88
USA,USA,13,20130911,1
USA,USA,18,20110529,7
USA,USA,12,20110723,12
USA,USA,09,20141014,18
USA,USA,02,20090901,28
USA,USA,01,20050218,9
USA,USA,10,20130702,36
USA,USA,04,20130325,202
USA,USA,11,20131113,13
USA,USA,05,20090326,8
USA,USA,17,20111223,8
USA,USA,01,20121028,9
USA,USA,10,20060713,2
USA,USA,11,20080116,27
USA,USA,17,20111203,5
USA,USA,07,20090624,7
USA,USA,10,20090817,9
USA,USA,13,20101216,1
USA,USA,16,20091021,1
USA,USA,10,20120210,6
USA,USA,19,20130426,6
USA,USA,14,20090804,8
USA,USA,05,20140515,12
USA,USA,07,20100709,8
USA,USA,11,20080527,1
USA,USA,09,20090831,5
USA,USA,18,20130623,3
USA,USA,02,20130212,7
USA,USA,03,20141006,3
USA,USA,05,20100719,244
USA,USA,17,20091021,38
USA,USA,04,20010412,12
USA,USA,01,20080523,15
USA,USA,11,20000209,5
USA,USA,10,20141126,50
USA,USA,07,20081216,4
USA,USA,09,20110717,8
USA,USA,03,20130903,16
USA,USA,19,20120618,5
USA,USA,07,20130408,2
USA,USA,12,20080211,16
USA,USA,19,20130530,10
USA,USA,01,20060502,6
USA,USA,04,20101027,32
USA,USA,18,20130606,2
USA,USA,03,20120222,5
USA,USA,09,20150126,17
USA,USA,07,20140630,36
USA,USA,08,20110731,18
USA,USA,17,20120229,6
USA,USA,07,20140103,297
USA,USA,12,20100326,4
USA,USA,11,20100118,5
USA,USA,17,20070419,25
USA,USA,02,20130602,2
USA,USA,17,20140108,5
USA,USA,01,20100125,45
USA,USA,06,20100413,5
USA,USA,04,20100828,7
USA,USA,02,20110829,24
USA,USA,10,20090129,20
USA,USA,04,20050201,7
USA,USA,14,20141111,30
USA,USA,12,20150110,4
USA,USA,01,20150208,364
USA,USA,04,20141123,42
USA,USA,16,20140303,26
USA,USA,19,20140805,32
USA,USA,12,20071010,4
USA,USA,05,20141019,24
USA,USA,03,20000415,10
USA,USA,03,20020426,9
USA,USA,02,20130403,5
USA,USA,12,20030109,1
USA,USA,07,20130207,20
USA,USA,03,20130222,4
USA,USA,08,20080501,5
USA,USA,19,20130906,31
USA,USA,08,20140402,6
USA,USA,03,20020822,1
USA,USA,03,20010718,4
USA,USA,04,20130717,37
USA,USA,01,20120427,26
USA,USA,05,20000824,2
USA,USA,04,20001021,9
USA,USA,16,20120504,27
USA,USA,02,20110914,143
USA,USA,11,20110207,4
USA,USA,03,20080414,6
USA,USA,06,20101206,30
USA,USA,17,20120501,48
USA,USA,13,20090319,1
USA,USA,11,20120313,15
USA,USA,19,20090326,11
USA,USA,01,20131106,188
USA,USA,01,20010514,1
USA,USA,19,20140619,5
USA,USA,05,20080929,4
USA,USA,04,20040222,2
USA,USA,11,20001008,1
USA,USA,05,20140420,2
USA,USA,12,20090619,18
USA,USA,08,20100917,6
USA,USA,09,20070106,3
USA,USA,05,20090815,40
USA,USA,11,20120409,121
USA,USA,02,20130824,24
USA,USA,01,20080526,15
USA,USA,01,20140414,37
USA,USA,01,20121113,13
USA,USA,12,20020509,6
USA,USA,04,20110718,23
USA,USA,12,20021025,9
USA,USA,04,20091129,9
USA,USA,18,20150202,16
USA,USA,01,20140129,32
USA,USA,07,20140307,39
USA,USA,19,20140610,22
USA,USA,11,20101022,6
USA,USA,04,20091011,14
USA,USA,01,20150213,336
USA,USA,05,20130604,4
USA,USA,19,20001118,5
USA,USA,11,20130214,28
USA,USA,20,20080818,4
USA,USA,19,20140402,60
USA,USA,04,20110304,95
USA,USA,01,20091222,18
USA,USA,04,20090319,18
USA,USA,04,20080326,29
USA,USA,01,20140417,7
USA,USA,13,20081117,2
USA,USA,02,20100804,5
USA,USA,09,20101225,8
USA,USA,09,20131217,88
USA,USA,19,20141221,44
USA,USA,12,20111020,1
USA,USA,01,20131017,9
USA,USA,11,20140416,101
USA,USA,11,20110703,1
USA,USA,10,20090825,8
USA,USA,05,20110305,22
USA,USA,07,20130820,10
USA,USA,04,20090930,40
USA,USA,08,20110909,4
USA,USA,03,20100912,7
USA,USA,19,20130421,14
USA,USA,12,20080722,95
USA,USA,02,20090612,24
USA,USA,07,20040316,9
USA,USA,02,20070416,9
USA,USA,04,20101211,3
USA,USA,18,20070909,2
USA,USA,02,20071114,45
USA,USA,11,20120926,194
USA,USA,11,20140806,8
USA,USA,04,20130606,1
USA,USA,02,20120827,122
USA,USA,19,20070212,8
USA,USA,07,20141018,501
USA,USA,17,20141020,20
USA,USA,19,20060312,3
USA,USA,09,20130904,10
USA,USA,19,20090416,3
USA,USA,09,20100905,18
USA,USA,07,20131101,544
USA,USA,06,20121105,28
USA,USA,07,20110816,10
USA,USA,18,20090408,14
USA,USA,06,20111230,2
USA,USA,05,20050621,1
USA,USA,11,20121224,19
USA,USA,01,20140414,19
USA,USA,04,20130110,108
USA,USA,17,20141125,60
USA,USA,09,20060205,6
USA,USA,04,20100202,9
USA,USA,14,20111208,5
USA,USA,07,20140624,16
USA,USA,17,20000525,6
USA,USA,10,20090518,27
USA,USA,11,20100914,91
USA,USA,04,20090320,54
USA,USA,05,20121014,18
USA,USA,17,20010904,7
USA,USA,16,20091022,72
USA,USA,03,20000203,9
USA,USA,02,20110922,14
USA,USA,13,20120502,8
USA,USA,17,20111016,21
USA,USA,06,20111019,4
USA,USA,04,20121101,25
USA,USA,17,20120716,20
USA,USA,01,20110922,28
USA,USA,19,20100907,6
USA,USA,05,20130129,14
USA,USA,11,20130812,442
USA,USA,05,20040510,6
USA,USA,03,20110725,13
USA,USA,11,20130830,20
USA,USA,19,20100804,39
USA,USA,16,20020924,11
USA,USA,14,20010412,3
USA,USA,01,20141208,40
USA,USA,08,20091115,15
USA,USA,07,20100201,2
USA,USA,04,20141011,250
USA,USA,17,20140919,45
USA,USA,01,20110122,25
USA,USA,17,20090224,2
USA,USA,07,20121108,3
USA,USA,12,20121231,90
USA,USA,18,20140607,99
USA,USA,11,20110716,18
USA,USA,08,20120204,52
USA,USA,11,20141103,20
USA,USA,03,20091225,4
USA,USA,17,20101115,47
USA,USA,04,20070103,6
USA,USA,01,20120925,22
USA,USA,03,20101104,128
USA,USA,03,20030402,5
USA,USA,04,20060731,5
USA,USA,02,20080724,2
USA,USA,11,20110907,53
USA,USA,15,20090219,7
USA,USA,02,20130829,38
USA,USA,07,20070411,1
USA,USA,07,20121123,8
USA,USA,09,20070320,1
USA,USA,18,20070826,1
USA,USA,12,20140423,2
USA,USA,19,20140629,76
USA,USA,08,20120104,3
USA,USA,01,20130801,34
USA,USA,05,20150103,20
USA,USA,19,20110426,45
USA,USA,16,20150105,23
USA,USA,02,20120720,184
USA,USA,04,20121207,172
USA,USA,03,20120116,2
USA,USA,04,20091107,14
USA,USA,12,20150205,36
USA,USA,04,20000419,1
USA,USA,04,20080414,6
USA,USA,08,20130311,2
USA,USA,01,20110325,3
USA,USA,01,20130801,27
USA,USA,01,20130129,6
USA,USA,07,20090726,38
USA,USA,13,20090419,29
USA,USA,01,20030129,2
USA,USA,01,20110301,3
USA,USA,04,20140921,7
USA,USA,03,20071119,18
USA,USA,06,20080307,1
USA,USA,05,20140619,12
USA,USA,19,20091004,12
USA,USA,04,20121113,6
USA,USA,17,20090522,5
USA,USA,07,20120129,5
USA,USA,04,20060412,6
USA,USA,17,20110302,32
USA,USA,01,20080901,7
USA,USA,06,20130712,3
USA,USA,07,20130108,104
USA,USA,04,20001013,27
USA,USA,01,20120610,10
USA,USA,07,20110308,184
USA,USA,09,20101212,9
USA,USA,03,20101130,25
USA,USA,01,20110301,19
USA,USA,12,20090610,18
USA,USA,19,20150122,24
USA,USA,11,20131026,38
USA,USA,17,20130205,30
USA,USA,07,20090123,5
USA,USA,12,20100815,3
USA,USA,05,20111210,1
USA,USA,12,20090520,1
USA,USA,04,20090102,5
USA,USA,08,20120324,2
USA,USA,17,20140221,18
USA,USA,03,20030319,2
USA,USA,19,20000913,2
USA,USA,05,20100722,2
USA,USA,01,20081112,1
USA,USA,01,20110502,118
USA,USA,18,20131102,37
USA,USA,01,20140107,50
USA,USA,08,20140617,1
USA,USA,03,20130403,20
USA,USA,03,20140126,6
USA,USA,08,20110210,10
USA,USA,01,20130228,244
USA,USA,07,20120517,36
USA,USA,01,20001119,9
USA,USA,02,20040129,1
USA,USA,04,20040831,1
USA,USA,05,20081216,12
USA,USA,15,20140902,6
USA,USA,08,20101227,16
USA,USA,08,20120717,141
USA,USA,01,20110414,9
USA,USA,18,20070409,9
USA,USA,03,20140903,34
USA,USA,19,20101130,49
USA,USA,04,20140811,5
USA,USA,05,20071017,5
USA,USA,18,20120308,7
USA,USA,17,20141011,5
USA,USA,02,20130626,16
USA,USA,04,20090507,9
USA,USA,11,20120113,2
USA,USA,04,20091116,1
USA,USA,12,20120103,1
USA,USA,17,20090507,12
USA,USA,02,20060317,1
USA,USA,03,20140909,46
USA,USA,02,20030116,2
USA,USA,05,20111028,34
USA,USA,04,20120919,45
USA,USA,09,20130615,4
USA,USA,11,20140729,4
USA,USA,15,20141107,1
USA,USA,18,20070815,5
USA,USA,19,20071218,16
USA,USA,02,20111225,18
USA,USA,11,20091209,54
USA,USA,05,20090611,15
USA,USA,01,20130906,48
USA,USA,10,20020308,3
USA,USA,04,20121023,55
USA,USA,17,20091114,1
USA,USA,04,20130928,43
USA,USA,10,20021209,5
USA,USA,19,20130217,15
USA,USA,05,20090901,8
USA,USA,05,20121107,193
USA,USA,09,20130424,10
USA,USA,02,20091117,41
USA,USA,04,20150217,29
USA,USA,19,20121210,12
USA,USA,10,20121004,5
USA,USA,08,20110421,9
USA,USA,09,20130304,6
USA,USA,02,20080905,1
USA,USA,07,20061216,9
USA,USA,01,20130808,4
USA,USA,04,20100425,10
USA,USA,12,20120622,3
USA,USA,17,20140611,11
USA,USA,19,20080102,10
USA,USA,11,20070819,8
USA,USA,04,20141012,70
USA,USA,09,20081226,9
USA,USA,08,20110709,6
USA,USA,17,20020217,1
USA,USA,07,20120828,46
USA,USA,05,20150113,6
USA,USA,01,20071226,27
USA,USA,17,20130602,1
USA,USA,01,20130327,50
USA,USA,05,20080414,30
USA,USA,01,20110814,19
USA,USA,02,20100122,7
USA,USA,04,20100413,20
USA,USA,05,20091019,21
USA,USA,12,20021025,3
USA,USA,17,20140226,40
USA,USA,02,20140622,4
USA,USA,11,20120823,70
USA,USA,03,20091010,69
USA,USA,01,20040807,5
USA,USA,07,20061213,28
USA,USA,04,20110506,26
USA,USA,02,20140125,54
USA,USA,19,20130202,32
USA,USA,14,20100915,10
USA,USA,11,20130309,8
USA,USA,04,20061118,3
USA,USA,11,20030625,3
USA,USA,09,20110408,12
USA,USA,11,20130702,44
USA,USA,18,20140524,16
USA,USA,08,20060213,7
USA,USA,05,20080204,2
USA,USA,06,20080502,6
USA,USA,02,20120203,4
USA,USA,05,20080526,3
USA,USA,01,20130814,4
USA,USA,10,20110321,63
USA,USA,04,20130228,19
USA,USA,07,20061220,2
USA,USA,01,20101221,31
USA,USA,19,20120808,9
USA,USA,03,20110209,3
USA,USA,01,20100805,30
USA,USA,08,20060912,15
USA,USA,04,20140601,55
USA,USA,04,20101205,33
USA,USA,02,20090409,18
USA,USA,01,20120604,57
USA,USA,07,20110725,2
USA,USA,04,20000430,5
USA,USA,01,20070616,5
USA,USA,06,20110214,7
USA,USA,09,20120729,7
USA,USA,11,20130708,40
USA,USA,05,20080703,18
USA,USA,11,20140828,18
USA,USA,12,20071126,5
USA,USA,17,20080723,5
USA,USA,14,20111027,1
USA,USA,09,20120427,8
USA,USA,06,20140215,5
USA,USA,01,20080117,4
USA,USA,07,20120919,1
USA,USA,09,20100401,10
USA,USA,04,20110527,27
USA,USA,14,20081013,2
USA,USA,12,20100904,13
USA,USA,01,20141202,105
USA,USA,17,20080128,13
USA,USA,09,20130626,14
USA,USA,18,20140719,1
USA,USA,01,20141203,34
USA,USA,03,20101229,4
USA,USA,04,20090211,6
USA,USA,02,20150209,23
USA,USA,04,20131020,171
USA,USA,01,20091225,142
USA,USA,12,20130115,13
USA,USA,04,20000911,8
USA,USA,06,20110921,10
USA,USA,19,20121030,34
USA,USA,15,20121222,2
USA,USA,03,20040624,9
USA,USA,19,20141215,9
USA,USA,16,20080824,4
USA,USA,09,20100629,1
USA,USA,01,20100705,45
USA,USA,04,20110203,60
USA,USA,01,20120523,13
USA,USA,12,20090906,3
USA,USA,10,20120124,7
USA,USA,04,20081111,13
USA,USA,17,20101113,22
USA,USA,11,20120220,47
USA,USA,11,20120904,5
USA,USA,05,20130526,10
USA,USA,02,20071103,54
USA,USA,17,20140328,42
USA,USA,05,20110402,5
USA,USA,01,20070926,9
USA,USA,13,20130817,8
USA,USA,16,20090909,2
USA,USA,02,20120813,4
USA,USA,06,20140608,12
USA,USA,10,20110728,1
USA,USA,19,20120419,10
USA,USA,01,20141108,7
USA,USA,04,20100307,5
USA,USA,09,20130713,6
USA,USA,05,20081031,28
USA,USA,11,20100923,24
USA,USA,09,20110720,25
USA,USA,03,20091215,14
USA,USA,01,20061116,33
USA,USA,16,20111003,1
USA,USA,09,20091022,20
USA,USA,06,20110928,5
USA,USA,12,20110422,1
USA,USA,03,20070228,3
USA,USA,01,20000306,9
USA,USA,07,20120322,64
USA,USA,07,20070710,9
USA,USA,03,20080605,4
USA,USA,19,20091212,16
USA,USA,13,20030917,1
USA,USA,05,20070119,7
USA,USA,04,20120119,22
USA,USA,02,20100924,14
USA,USA,07,20100103,9
USA,USA,17,20010804,7
USA,USA,19,20030216,4
USA,USA,01,20120522,213
USA,USA,01,20101010,70
USA,USA,05,20120109,15
USA,USA,02,20100914,21
USA,USA,07,20110623,6
USA,USA,08,20110630,27
USA,USA,14,20090713,10
USA,USA,08,20070712,8
USA,USA,17,20120107,9
USA,USA,11,20090926,6
USA,USA,03,20120222,35
USA,USA,02,20090102,4
USA,USA,17,20070926,10
USA,USA,04,20010308,25
USA,USA,07,20090601,7
USA,USA,01,20150115,101
USA,USA,09,20120703,47
USA,USA,12,20141024,21
USA,USA,01,20140417,38
USA,USA,18,20100111,5
USA,USA,03,20120713,2
USA,USA,14,20150212,302
USA,USA,01,20100112,8
USA,USA,04,20090616,54
USA,USA,02,20121214,6
USA,USA,08,20110327,3
USA,USA,15,20121217,8
USA,USA,09,20140725,104
USA,USA,03,20090925,14
USA,USA,04,20081013,30
USA,USA,12,20001222,2
USA,USA,02,20001112,2
USA,USA,03,20110707,162
USA,USA,01,20150201,4
USA,USA,12,20140529,40
USA,USA,12,20091019,4
USA,USA,04,20100120,2
USA,USA,01,20101224,48
USA,USA,06,20131210,8
USA,USA,04,20090904,1
USA,USA,18,20120221,6
USA,USA,09,20111023,21
USA,USA,14,20140814,12
USA,USA,13,20120819,3
USA,USA,18,20040704,4
USA,USA,04,20150202,75
USA,USA,07,20110714,153
USA,USA,01,20090829,3
USA,USA,01,20130521,40
USA,USA,17,20101009,4
USA,USA,05,20130215,10
USA,USA,04,20140509,15
USA,USA,04,20000325,3
USA,USA,17,20140729,60
USA,USA,13,20000526,3
USA,USA,19,20090822,8
USA,USA,02,20070328,126
USA,USA,02,20141205,354
USA,USA,04,20150112,438
USA,USA,01,20130814,16
USA,USA,05,20120817,15
USA,USA,07,20140206,10
USA,USA,13,20020604,4
USA,USA,18,20150110,12
USA,USA,03,20131018,50
USA,USA,17,20110208,5
USA,USA,07,20090420,6
USA,USA,09,20100816,9
USA,USA,18,20110630,47
USA,USA,05,20030819,2
USA,USA,05,20000611,1
USA,USA,05,20120518,14
USA,USA,08,20131106,122
USA,USA,08,20060724,4
USA,USA,13,20130918,1
USA,USA,03,20110529,643
USA,USA,07,20091108,4
USA,USA,10,20110620,387
USA,USA,12,20140901,2
USA,USA,07,20130703,24
USA,USA,02,20120303,9
USA,USA,18,20130311,12
USA,USA,04,20120725,32
USA,USA,01,20110603,31
USA,USA,04,20090326,19
USA,USA,19,20071005,1
USA,USA,02,20120622,30
USA,USA,18,20120208,7
USA,USA,17,20060830,1
USA,USA,10,20040516,2
USA,USA,11,20090220,13
USA,USA,09,20110225,22
USA,USA,17,20110304,153
USA,USA,02,20080208,63
USA,USA,02,20130311,2
USA,USA,01,20110416,108
USA,USA,07,20100707,15
USA,USA,05,20010327,2
USA,USA,17,20080416,18
USA,USA,03,20110308,6
USA,USA,01,20141001,4
USA,USA,04,20080117,30
USA,USA,14,20061230,6
USA,USA,18,20140526,12
USA,USA,11,20140603,9
USA,USA,01,20100108,52
USA,USA,11,20110407,8
USA,USA,12,20091231,1
USA,USA,04,20090913,6
USA,USA,05,20120523,36
USA,USA,04,20070626,10
USA,USA,11,20091102,9
USA,USA,04,20101024,6
USA,USA,03,20110605,9
USA,USA,12,20130612,18
USA,USA,07,20120116,32
USA,USA,19,20070724,7
USA,USA,12,20030602,2
USA,USA,04,20110210,11
USA,USA,17,20090917,14
USA,USA,17,20140715,98
USA,USA,02,20090923,10
USA,USA,18,20040519,1
USA,USA,13,20050213,1
USA,USA,05,20090617,36
USA,USA,06,20130807,24
USA,USA,10,20110618,1
USA,USA,02,20100511,5
USA,USA,07,20110104,15
USA,USA,07,20110507,12
USA,USA,09,20010305,2
USA,USA,05,20141017,8
USA,USA,12,20140121,1
USA,USA,11,20090929,6
USA,USA,19,20030102,2
USA,USA,08,20120326,4
USA,USA,11,20080907,4
USA,USA,09,20130226,10
USA,USA,19,20070125,9
USA,USA,19,20110213,1
USA,USA,07,20120503,8
USA,USA,17,20080718,4
USA,USA,07,20141207,2
USA,USA,14,20120111,4
USA,USA,01,20110405,54
USA,USA,04,20130818,18
USA,USA,13,20150129,30
USA,USA,11,20140114,50
USA,USA,07,20050219,1
USA,USA,02,20120501,15
USA,USA,07,20100602,4
USA,USA,19,20070223,8
USA,USA,19,20140514,76
USA,USA,01,20140213,56
USA,USA,14,20120319,9
USA,USA,01,20070619,27
USA,USA,12,20101003,1
USA,USA,01,20131128,136
USA,USA,01,20141031,224
USA,USA,02,20060828,1
USA,USA,07,20130728,14
USA,USA,02,20110609,39
USA,USA,06,20111106,9
USA,USA,10,20110101,18
USA,USA,01,20091014,48
USA,USA,01,20130522,10
USA,USA,08,20130925,18
USA,USA,07,20120323,33
USA,USA,01,20131217,4
USA,USA,05,20140117,5
USA,USA,01,20030311,8
USA,USA,02,20120909,6
USA,USA,07,20090608,12
USA,USA,10,20101215,4
USA,USA,02,20140414,4
USA,USA,02,20121228,4
USA,USA,03,20111027,63
USA,USA,11,20090509,10
USA,USA,10,20120831,4
USA,USA,03,20120208,9
USA,USA,19,20070206,4
USA,USA,05,20130703,242
USA,USA,06,20110402,4
USA,USA,04,20070105,6
USA,USA,19,20101021,2
USA,USA,04,20100415,45
USA,USA,12,20150110,24
USA,USA,18,20080229,25
USA,USA,07,20101002,25
USA,USA,03,20140824,14
USA,USA,02,20141210,24
USA,USA,01,20131105,190
USA,USA,17,20130318,228
USA,USA,02,20140421,40
USA,USA,13,20081208,2
USA,USA,14,20010116,3
UZB,USA,04,20020112,3
UZB,USA,13,20050707,32
UZB,USA,03,20020122,5
UZB,USA,03,20020112,1
UZB,USA,03,20040224,15
UZB,USA,05,20100716,1
UZB,USA,03,20030318,4
UZB,USA,06,20050216,1
VAT,USA,01,20110312,113
VAT,USA,05,20100914,4
VAT,USA,04,20130318,6
VAT,USA,04,20140423,4
VAT,USA,05,20061219,6
VAT,USA,01,20080323,6
VAT,USA,04,20130214,4
VAT,USA,04,20141228,6
VAT,USA,04,20121025,6
VCT,USA,19,20120207,1
VCT,USA,11,20110525,4
VCT,USA,12,20080506,4
VEN,USA,04,20140217,4
VEN,USA,02,20150205,2
VEN,USA,12,20130822,2
VEN,USA,01,20080911,9
VEN,USA,11,20080125,5
VEN,USA,12,20110819,5
VEN,USA,16,20081104,4
VEN,USA,11,20120629,2
VEN,USA,12,20060504,1
VEN,USA,06,20130301,1
VEN,USA,11,20090717,12
VEN,USA,11,20141226,14
VEN,USA,16,20090728,5
VEN,USA,04,20030520,2
VEN,USA,11,20050124,9
VEN,USA,01,20130418,2
VEN,USA,02,20140702,8
VEN,USA,11,20090704,6
VEN,USA,04,20141105,10
VEN,USA,06,20120930,2
VEN,USA,17,20060516,1
VEN,USA,06,20100101,1
VEN,USA,04,20131029,1
VEN,USA,01,20150105,4
VEN,USA,17,20090125,9
VEN,USA,03,20140923,4
VEN,USA,02,20090221,4
VEN,USA,06,20130308,4
VEN,USA,01,20090504,1
VEN,USA,11,20140310,2
VEN,USA,01,20110104,53
VEN,USA,11,20141209,6
VEN,USA,01,20090120,5
VEN,USA,16,20120919,1
VEN,USA,11,20110325,2
VEN,USA,01,20130308,4
VEN,USA,02,20050520,5
VEN,USA,11,20050222,1
VEN,USA,04,20140120,2
VEN,USA,10,20120420,2
VEN,USA,03,20050621,4
VNM,USA,04,20140419,16
VNM,USA,19,20120616,1
VNM,USA,04,20130130,4
VNM,USA,04,20121029,5
VNM,USA,09,20030402,1
VNM,USA,04,20140505,16
VNM,USA,04,20130323,4
VNM,USA,06,20140711,8
VNM,USA,12,20130604,1
VNM,USA,02,20130909,3
VNM,USA,06,20141129,5
VNM,USA,07,20070711,1
VNM,USA,19,20060609,4
VNM,USA,07,20130720,7
VNM,USA,03,20061003,1
VNM,USA,01,20011008,16
VNM,USA,17,20101028,9
VNM,USA,04,20110225,4
VNM,USA,05,20141004,2
VNM,USA,19,20150123,2
VNM,USA,01,20090812,4
VNM,USA,05,20090604,1
VNM,USA,19,20130629,1
VNM,USA,19,20140915,4
VNM,USA,08,20130319,2
VNM,USA,03,20140813,6
VNM,USA,19,20130215,27
VNM,USA,02,20071217,1
VNM,USA,05,20120823,4
VNM,USA,04,20120821,2
VNM,USA,19,20140307,3
VNM,USA,04,20130625,6
VNM,USA,05,20130130,2
VNM,USA,03,20020909,1
VNM,USA,05,20080630,2
VNM,USA,20,20090821,21
VNM,USA,03,20111026,1
VNM,USA,04,20040615,3
VNM,USA,05,20130124,44
VNM,USA,03,20130904,3
WST,USA,05,20070914,3
WST,USA,01,20120313,2
WST,USA,04,20030825,1
WST,USA,04,20080505,2
WST,USA,04,20030410,9
WST,USA,04,20101029,4
WST,USA,13,20120423,5
WST,USA,03,20111116,8
WST,USA,10,20080812,1
WST,USA,11,20090219,1
WST,USA,19,20140828,1
WST,USA,02,20130702,5
WST,USA,04,20120509,18
WST,USA,06,20100815,6
WST,USA,02,20120126,2
WST,USA,04,20141016,2
WST,USA,14,20120830,6
WST,USA,04,20140819,5
WST,USA,16,20090212,5
WST,USA,19,20140201,4
YEM,USA,17,20100902,2
YEM,USA,01,20101101,49
YEM,USA,04,20070125,3
YEM,USA,05,20130616,4
YEM,USA,04,20100806,1
YEM,USA,19,20120809,2
YEM,USA,02,20080207,1
YEM,USA,04,20000509,4
YEM,USA,04,20120129,6
YEM,USA,19,20140411,2
YEM,USA,10,20120429,158
YEM,USA,04,20130825,4
YEM,USA,02,20141229,6
YEM,USA,05,20030202,1
YEM,USA,04,20010730,1
YEM,USA,19,20030725,5
YEM,USA,18,20120225,8
YEM,USA,05,20111028,5
YEM,USA,04,20131125,4
YEM,USA,05,20130827,2
YEM,USA,07,20091227,4
YEM,USA,19,20141108,3
YEM,USA,01,20150111,3
YEM,USA,04,20110521,7
YEM,USA,05,20030704,2
YEM,USA,13,20140428,8
YEM,USA,02,20100103,35
YEM,USA,01,20140228,187
YEM,USA,04,20040320,4
YEM,USA,19,20140412,2
YEM,USA,04,20101006,7
YEM,USA,04,20091029,2
YEM,USA,04,20090401,9
YEM,USA,01,20020921,3
YEM,USA,08,20101110,2
ZAF,USA,06,20091204,2
ZAF,USA,14,20010901,2
ZAF,USA,07,20120226,2
ZAF,USA,04,20130526,2
ZAF,USA,01,20141205,1
ZAF,USA,04,20010625,3
ZAF,USA,01,20071117,4
ZAF,USA,04,20100212,1
ZAF,USA,02,20131215,1
ZAF,USA,04,20141021,6
ZMB,USA,06,20030119,7
ZWE,USA,08,20120517,4
ZWE,USA,04,20090904,1
ZWE,USA,02,20100125,4
ZWE,USA,04,20140128,8
ZWE,USA,19,20110422,1
ZWE,USA,11,20010427,16
ZWE,USA,07,20010621,1
ZWE,USA,04,20101102,3
ZWE,USA,04,20120823,5
ZWE,USA,11,20090218,5
ZWE,USA,03,20100401,14
ZWE,USA,01,20080623,2
ZWE,USA,16,20130307,1
ZWE,USA,17,20140128,6
ZWE,USA,06,20120601,7
ZWE,USA,02,20090829,9
ZWE,USA,04,20120625,1
ZWE,USA,17,20140219,15
ZWE,USA,01,20080505,2
AFG,UZB,04,20090327,2
AFG,UZB,04,20070314,9
ARM,UZB,03,20071005,5
ASA,UZB,04,20100505,2
AZE,UZB,04,20140128,2
AZE,UZB,05,20060403,2
BGD,UZB,04,20080630,1
CAS,UZB,04,20100426,2
CHN,UZB,07,20030529,2
CHN,UZB,04,20130913,1
CHN,UZB,05,20140830,2
CHN,UZB,04,20100521,3
CHN,UZB,18,20090621,3
CHN,UZB,11,20080829,20
CHN,UZB,04,20101216,32
CHN,UZB,04,20110920,14
COL,UZB,08,20090803,5
DEU,UZB,04,20021025,2
EUR,UZB,16,20051006,9
GBR,UZB,11,20050517,3
IND,UZB,09,20101007,3
IRL,UZB,01,20130905,2
IRN,UZB,10,20020427,1
IRN,UZB,05,20070327,6
IRN,UZB,03,20131111,12
IRN,UZB,02,20040620,2
IRQ,UZB,11,20090820,7
ISR,UZB,04,20030816,6
JPN,UZB,08,20060830,8
KAZ,UZB,03,20000415,1
KAZ,UZB,01,20110728,2
KAZ,UZB,05,20090917,2
KAZ,UZB,08,20140520,10
KAZ,UZB,04,20100613,5
KAZ,UZB,04,20060331,1
KAZ,UZB,03,20060320,2
KAZ,UZB,05,20020717,2
KAZ,UZB,01,20110609,1
KGZ,UZB,10,20100731,2
KGZ,UZB,05,20000927,4
KGZ,UZB,03,20141003,4
KGZ,UZB,05,20111125,5
KGZ,UZB,05,20100701,2
KGZ,UZB,04,20030304,1
KGZ,UZB,07,20040203,4
KGZ,UZB,18,20000530,4
KGZ,UZB,14,20020118,1
KGZ,UZB,08,20101008,6
KOR,UZB,05,20080225,2
MYS,UZB,01,20080724,2
PAK,UZB,05,20000612,2
PAK,UZB,04,20000612,6
PAK,UZB,11,20000306,10
RUS,UZB,08,20060626,1
RUS,UZB,04,20011225,6
RUS,UZB,12,20051114,7
RUS,UZB,04,20130110,6
RUS,UZB,04,20070917,4
SWE,UZB,06,20111008,2
TJK,UZB,04,20100808,8
TJK,UZB,03,20140808,2
TJK,UZB,05,20090915,2
TJK,UZB,02,20031107,4
TJK,UZB,04,20010614,1
TJK,UZB,17,20101213,8
TJK,UZB,04,20020222,2
TJK,UZB,04,20090305,8
TJK,UZB,01,20120409,6
TJK,UZB,04,20080821,8
TJK,UZB,03,20000420,1
TJK,UZB,03,20100126,2
TKM,UZB,01,20110726,4
TUR,UZB,05,20140226,6
UKR,UZB,04,20040115,1
USA,UZB,04,20000418,18
USA,UZB,05,20120725,1
USA,UZB,19,20140923,2
USA,UZB,11,20110727,9
USA,UZB,04,20120818,4
USA,UZB,04,20011212,3
USA,UZB,04,20011224,2
USA,UZB,08,20090227,5
USA,UZB,04,20120904,4
USA,UZB,08,20120731,5
UZB,UZB,04,20040323,8
UZB,UZB,17,20140923,1
UZB,UZB,04,20001124,2
UZB,UZB,01,20020601,2
UZB,UZB,19,20070514,2
UZB,UZB,19,20040329,4
UZB,UZB,04,20091202,2
UZB,UZB,02,20060621,7
UZB,UZB,01,20021031,4
UZB,UZB,02,20000927,5
UZB,UZB,04,20020106,16
UZB,UZB,07,20100615,1
UZB,UZB,04,20110726,8
UZB,UZB,04,20091221,1
UZB,UZB,05,20100806,2
UZB,UZB,01,20130321,2
UZB,UZB,17,20040307,4
AFR,VAT,04,20091106,5
AFR,VAT,02,20101126,9
AGO,VAT,05,20130120,2
ARG,VAT,18,20140718,6
ARG,VAT,01,20150112,48
ARM,VAT,04,20140919,7
ARM,VAT,01,20130920,1
BGR,VAT,05,20070109,5
BLR,VAT,04,20130625,6
CAN,VAT,08,20090916,4
CAN,VAT,04,20130312,2
CAN,VAT,04,20020728,3
CAN,VAT,04,20141217,6
CHL,VAT,04,20101106,2
CHN,VAT,05,20050405,1
CHN,VAT,04,20050405,5
CHN,VAT,16,20070922,2
CYP,VAT,01,20131202,14
DEU,VAT,04,20100310,12
ECU,VAT,01,20121022,5
EUR,VAT,02,20111019,18
FRA,VAT,04,20101015,18
GBR,VAT,01,20150207,14
GBR,VAT,04,20140403,16
GBR,VAT,04,20120214,27
GBR,VAT,04,20100908,5
GBR,VAT,04,20130312,4
GBR,VAT,03,20140708,1
GHA,VAT,04,20091005,90
GHA,VAT,04,20130302,4
IRL,VAT,01,20120426,5
IRL,VAT,01,20131122,6
ISR,VAT,04,20140516,2
ISR,VAT,04,20090514,1
ITA,VAT,01,20140424,6
ITA,VAT,01,20110428,2
ITA,VAT,04,20030912,2
ITA,VAT,01,20120315,2
ITA,VAT,04,20120930,4
ITA,VAT,02,20121006,5
ITA,VAT,04,20091110,6
ITA,VAT,04,20110329,1
ITA,VAT,04,20101130,2
ITA,VAT,05,20000218,1
JOR,VAT,04,20140529,10
KAZ,VAT,04,20030206,2
KOR,VAT,04,20000727,2
MLT,VAT,04,20100918,1
PAK,VAT,01,20110507,7
PHL,VAT,03,20060607,3
PHL,VAT,01,20141004,3
POL,VAT,04,20130220,4
SYR,VAT,04,20130331,20
USA,VAT,04,20020403,6
USA,VAT,19,20121006,2
USA,VAT,09,20140724,6
USA,VAT,08,20141112,8
USA,VAT,01,20100424,10
USA,VAT,04,20110128,11
USA,VAT,04,20090517,7
USA,VAT,04,20140726,7
USA,VAT,02,20140809,10
VAT,VAT,01,20121222,2
VAT,VAT,01,20121003,24
VAT,VAT,01,20101026,297
VAT,VAT,01,20141006,2
VAT,VAT,17,20140923,41
VAT,VAT,12,20000518,2
ZWE,VAT,04,20110504,9
AUS,VCT,02,20130822,10
BHS,VCT,04,20131012,1
DEU,VCT,07,20100212,7
DNK,VCT,17,20070528,3
GRD,VCT,05,20080825,9
USA,VCT,06,20131230,10
USA,VCT,04,20121205,4
USA,VCT,17,20130909,32
VCT,VCT,04,20120528,5
AFR,VEN,03,20110917,6
AFR,VEN,04,20120817,2
AFR,VEN,03,20110801,9
ARG,VEN,04,20060731,3
ARG,VEN,01,20080809,7
ARG,VEN,04,20140523,6
AUT,VEN,04,20060308,6
BEL,VEN,04,20150122,14
BLR,VEN,04,20120824,2
BOL,VEN,05,20020718,7
BOL,VEN,04,20080915,2
BOL,VEN,05,20130707,10
BOL,VEN,05,20100123,1
BRA,VEN,04,20120524,1
BRA,VEN,05,20120124,45
BRA,VEN,17,20141025,8
BRA,VEN,01,20081112,2
BRA,VEN,04,20070326,1
BRA,VEN,19,20071106,3
BRA,VEN,04,20050606,1
BRA,VEN,12,20040108,7
BRB,VEN,04,20150209,4
CAN,VEN,04,20140916,4
CHL,VEN,18,20120409,2
CHL,VEN,03,20140313,6
CHL,VEN,02,20120819,4
CHN,VEN,04,20130922,24
CHN,VEN,04,20120608,6
CHN,VEN,03,20140730,10
COL,VEN,05,20121113,1
COL,VEN,06,20090728,5
COL,VEN,08,20120720,105
COL,VEN,13,20090917,5
COL,VEN,01,20081105,1
COL,VEN,08,20080704,2
COL,VEN,01,20070701,2
COL,VEN,04,20140324,2
COL,VEN,01,20020715,2
COL,VEN,04,20080204,18
COL,VEN,19,20111105,12
COL,VEN,18,20030903,1
COL,VEN,07,20110622,4
COL,VEN,16,20100811,6
COL,VEN,04,20150206,2
CRI,VEN,05,20010620,8
CUB,VEN,04,20130626,59
CUB,VEN,04,20141009,6
CUB,VEN,04,20130307,5
CUB,VEN,16,20130110,4
CUB,VEN,06,20050610,7
CUB,VEN,19,20130115,6
CUB,VEN,14,20141224,2
CUB,VEN,02,20090608,14
CUB,VEN,04,20080308,3
CUB,VEN,17,20070420,6
CUB,VEN,04,20091218,1
CUB,VEN,05,20130716,2
CUB,VEN,04,20101208,2
CUB,VEN,04,20080308,1
CUB,VEN,05,20010620,1
CUB,VEN,04,20140430,6
CUB,VEN,05,20091020,2
CUB,VEN,11,20091127,5
DEU,VEN,01,20110713,1
ECU,VEN,04,20091212,8
ECU,VEN,05,20130820,1
ESP,VEN,01,20080627,1
ESP,VEN,04,20090121,1
ESP,VEN,04,20140827,6
ESP,VEN,01,20090116,2
ESP,VEN,02,20140404,15
ESP,VEN,11,20030225,2
EUR,VEN,12,20130307,2
GBR,VEN,03,20130623,3
GBR,VEN,19,20140318,4
GBR,VEN,13,20040116,8
HND,VEN,04,20110530,9
HND,VEN,04,20120313,2
HTI,VEN,04,20121222,1
IRN,VEN,05,20111019,1
IRN,VEN,13,20090212,8
IRN,VEN,04,20111007,5
IRN,VEN,19,20070119,2
IRN,VEN,11,20060702,5
IRN,VEN,04,20070701,10
IRN,VEN,04,20041127,1
IRQ,VEN,03,20141203,8
ISR,VEN,05,20090106,2
ISR,VEN,11,20010403,1
ITA,VEN,04,20140731,2
ITA,VEN,05,20111223,1
JAM,VEN,04,20090927,2
KNA,VEN,11,20140107,6
KWT,VEN,03,20000709,2
KWT,VEN,04,20130224,6
LBN,VEN,17,20141006,14
MEX,VEN,03,20080821,5
NIC,VEN,03,20130801,2
PER,VEN,09,20100817,6
PRY,VEN,01,20081221,2
PRY,VEN,11,20120705,23
PSE,VEN,11,20090108,5
PSE,VEN,03,20140726,8
QAT,VEN,19,20090803,3
RUS,VEN,03,20130625,20
RUS,VEN,07,20141023,8
RUS,VEN,03,20100401,7
SAM,VEN,04,20090831,1
SDN,VEN,03,20090924,9
SUR,VEN,05,20101128,1
SYR,VEN,13,20090903,4
SYR,VEN,05,20090904,2
TUR,VEN,06,20110203,3
URY,VEN,04,20130724,2
URY,VEN,16,20150207,10
USA,VEN,08,20140804,4
USA,VEN,09,20130628,10
USA,VEN,04,20131106,10
USA,VEN,05,20090813,7
USA,VEN,11,20101217,8
USA,VEN,06,20080917,2
USA,VEN,01,20140221,6
USA,VEN,11,20010116,7
USA,VEN,08,20140215,6
USA,VEN,04,20141127,8
USA,VEN,01,20090620,2
USA,VEN,16,20110101,10
USA,VEN,04,20140310,2
USA,VEN,06,20150114,42
USA,VEN,04,20150107,15
USA,VEN,05,20090730,1
USA,VEN,04,20090129,3
USA,VEN,04,20090712,3
USA,VEN,13,20060927,5
USA,VEN,11,20140302,10
USA,VEN,04,20131026,8
USA,VEN,04,20050825,1
USA,VEN,07,20120129,4
USA,VEN,01,20080130,4
USA,VEN,17,20110418,10
USA,VEN,05,20140403,8
USA,VEN,02,20090309,6
USA,VEN,04,20121012,1
USA,VEN,04,20091003,10
USA,VEN,06,20080909,2
VEN,VEN,11,20141112,10
VEN,VEN,04,20071002,3
VEN,VEN,07,20140110,6
VEN,VEN,07,20090428,16
VEN,VEN,05,20060326,8
VEN,VEN,11,20140220,14
VEN,VEN,03,20080302,2
VEN,VEN,04,20050822,2
VEN,VEN,12,20101022,4
VEN,VEN,04,20081018,6
VEN,VEN,01,20080920,1
VEN,VEN,04,20080212,2
VEN,VEN,05,20090727,3
VEN,VEN,17,20010109,2
VEN,VEN,19,20130902,8
VEN,VEN,10,20090729,1
VEN,VEN,11,20131001,10
VEN,VEN,05,20111228,18
VEN,VEN,01,20140725,10
VEN,VEN,10,20130101,2
VEN,VEN,05,20060321,2
VEN,VEN,01,20140924,12
VEN,VEN,11,20060213,3
VEN,VEN,04,20040618,2
VEN,VEN,19,20130125,60
VEN,VEN,05,20110227,4
VEN,VEN,04,20090409,5
VEN,VEN,04,20010312,4
VEN,VEN,01,20130112,12
VEN,VEN,02,20140313,2
VEN,VEN,08,20140219,4
VEN,VEN,01,20040103,4
VEN,VEN,01,20050712,1
VEN,VEN,10,20021011,4
AFG,VNM,03,20120910,1
AFR,VNM,05,20120225,1
AFR,VNM,03,20000425,1
AUS,VNM,04,20140910,2
AUS,VNM,04,20090620,15
AUS,VNM,19,20011017,8
AUS,VNM,04,20090929,1
AUS,VNM,07,20090920,4
AUS,VNM,11,20141001,1
AUS,VNM,11,20140122,2
AZE,VNM,05,20111201,2
BEL,VNM,04,20110623,2
BEL,VNM,06,20031216,1
BLR,VNM,04,20121205,2
BLR,VNM,03,20121220,2
BOL,VNM,17,20110530,4
BRA,VNM,06,20081231,5
BRN,VNM,04,20110614,3
BRN,VNM,01,20011114,7
BTN,VNM,04,20120306,2
CAN,VNM,04,20130222,2
CHL,VNM,03,20110613,18
CHN,VNM,03,20140617,47
CHN,VNM,01,20140110,22
CHN,VNM,04,20140814,5
CHN,VNM,11,20111119,8
CHN,VNM,19,20100830,5
CHN,VNM,06,20140414,2
CHN,VNM,03,20090522,4
CHN,VNM,04,20080601,19
CHN,VNM,04,20081130,2
CHN,VNM,06,20000707,4
CHN,VNM,11,20140930,5
CHN,VNM,11,20140511,159
CHN,VNM,14,20140618,2
CHN,VNM,03,20130911,8
CHN,VNM,04,20051019,8
CHN,VNM,04,20141113,3
CHN,VNM,03,20110708,7
CHN,VNM,04,20081022,1
CHN,VNM,02,20050122,8
CHN,VNM,13,20140521,2
CHN,VNM,10,20120508,7
CHN,VNM,03,20131006,2
CHN,VNM,01,20140529,10
CHN,VNM,05,20141028,24
CHN,VNM,02,20140616,21
CHN,VNM,14,20140515,3
CHN,VNM,16,20140605,7
CHN,VNM,04,20000218,2
CHN,VNM,03,20080801,2
CUB,VNM,01,20091223,10
CUB,VNM,05,20140826,2
CUB,VNM,04,20010503,1
CUB,VNM,04,20090424,8
CZE,VNM,06,20100928,2
DEU,VNM,03,20100125,2
ESP,VNM,02,20090107,2
EUR,VNM,05,20150126,1
EUR,VNM,01,20091013,2
EUR,VNM,06,20140226,2
EUR,VNM,06,20120627,4
FRA,VNM,05,20140710,2
FRA,VNM,19,20131015,2
FRA,VNM,10,20100727,18
GBR,VNM,04,20120126,3
GBR,VNM,05,20100830,29
GBR,VNM,04,20141110,12
GBR,VNM,05,20100930,1
GNB,VNM,01,20140520,4
HTI,VNM,04,20130724,4
IDN,VNM,04,20101111,2
IDN,VNM,06,20070808,1
IDN,VNM,03,20030513,4
IND,VNM,04,20030503,4
IND,VNM,04,20140915,32
IRN,VNM,04,20090412,2
IRQ,VNM,04,20070203,4
IRQ,VNM,19,20140105,198
JPN,VNM,08,20140731,6
JPN,VNM,03,20140429,2
JPN,VNM,07,20140409,5
JPN,VNM,05,20120102,9
JPN,VNM,03,20130807,3
JPN,VNM,03,20040114,1
JPN,VNM,07,20050102,4
JPN,VNM,05,20100401,1
JPN,VNM,04,20130917,6
KHM,VNM,17,20141221,48
KHM,VNM,03,20090302,4
KHM,VNM,04,20100115,2
KHM,VNM,08,20050906,4
KHM,VNM,19,20131205,4
KHM,VNM,04,20110913,4
KHM,VNM,05,20010723,1
KHM,VNM,05,20131127,1
KHM,VNM,03,20091218,2
KHM,VNM,04,20140903,2
KHM,VNM,04,20091211,3
KHM,VNM,04,20100813,6
KHM,VNM,19,20140515,144
KHM,VNM,01,20141107,4
KHM,VNM,01,20141002,2
KHM,VNM,03,20020206,4
KHM,VNM,03,20091203,6
KHM,VNM,04,20120714,12
KHM,VNM,04,20100730,4
KOR,VNM,04,20141004,1
KOR,VNM,04,20090524,2
KOR,VNM,05,20131209,4
KOR,VNM,03,20011204,4
KOR,VNM,07,20140623,5
KOR,VNM,04,20120508,3
KOR,VNM,12,20050106,1
KWT,VNM,10,20121227,10
LAO,VNM,06,20051206,2
LAO,VNM,04,20010701,4
LAO,VNM,03,20091024,6
LAO,VNM,04,20150121,8
LAO,VNM,05,20120802,4
LAO,VNM,07,20091227,2
LAO,VNM,04,20091031,1
LAO,VNM,04,20100918,19
LKA,VNM,02,20110131,1
MAR,VNM,05,20100902,3
MMR,VNM,04,20130704,1
MMR,VNM,03,20081004,9
MMR,VNM,03,20010516,2
MMR,VNM,03,20120320,2
MYS,VNM,03,20100112,3
MYS,VNM,03,20090831,1
MYS,VNM,04,20040317,6
NGA,VNM,04,20150120,6
NLD,VNM,02,20121022,1
NZL,VNM,04,20120620,7
NZL,VNM,04,20010726,5
PAN,VNM,01,20131005,2
PHL,VNM,04,20020417,4
PHL,VNM,17,20130331,12
PHL,VNM,09,20091215,2
PRK,VNM,03,20071009,2
PRK,VNM,05,20010712,18
PSE,VNM,03,20100522,2
QAT,VNM,07,20080402,9
QAT,VNM,05,20141215,5
QAT,VNM,04,20110420,10
RUS,VNM,04,20110311,1
RUS,VNM,03,20130827,1
RUS,VNM,04,20020503,18
RUS,VNM,04,20140417,5
RUS,VNM,04,20100129,5
RUS,VNM,07,20140806,4
RUS,VNM,01,20020610,5
RUS,VNM,04,20140105,2
RUS,VNM,01,20090510,2
RUS,VNM,03,20131210,4
RUS,VNM,01,20010302,2
SAU,VNM,07,20110929,4
SEA,VNM,04,20080110,2
SEA,VNM,17,20150121,4
SEA,VNM,04,20080109,2
SEA,VNM,01,20120806,12
SGP,VNM,03,20100929,5
SGP,VNM,04,20090512,5
SGP,VNM,04,20040310,3
SGP,VNM,17,20140116,1
SGP,VNM,04,20140715,4
SGP,VNM,11,20140516,8
SGP,VNM,04,20090730,2
SGP,VNM,05,20110718,8
SGP,VNM,05,20040306,2
THA,VNM,05,20040406,2
THA,VNM,06,20140104,2
THA,VNM,03,20131119,8
THA,VNM,04,20110419,32
THA,VNM,16,20100408,3
THA,VNM,03,20130109,12
THA,VNM,04,20120726,6
THA,VNM,06,20111025,1
THA,VNM,13,20110830,3
TUR,VNM,04,20140420,2
UKR,VNM,04,20121018,2
UKR,VNM,03,20121113,2
USA,VNM,04,20140910,4
USA,VNM,04,20130908,14
USA,VNM,04,20140531,4
USA,VNM,05,20110501,4
USA,VNM,03,20140327,8
USA,VNM,04,20100922,2
USA,VNM,08,20140612,10
USA,VNM,19,20100908,3
USA,VNM,03,20140303,20
USA,VNM,03,20140227,8
USA,VNM,11,20080901,2
USA,VNM,08,20051006,4
USA,VNM,02,20140514,9
USA,VNM,04,20120706,6
USA,VNM,03,20140221,4
USA,VNM,01,20090906,2
USA,VNM,05,20120125,1
USA,VNM,16,20120427,4
USA,VNM,01,20110707,4
USA,VNM,17,20150114,4
USA,VNM,07,20110119,4
USA,VNM,19,20111127,1
USA,VNM,04,20130808,1
USA,VNM,19,20080827,5
USA,VNM,17,20040426,5
USA,VNM,04,20130817,8
USA,VNM,04,20140528,32
USA,VNM,04,20121227,52
USA,VNM,19,20101202,4
USA,VNM,02,20080225,2
USA,VNM,04,20140405,1
USA,VNM,05,20120604,3
USA,VNM,03,20120131,5
USA,VNM,08,20080708,12
USA,VNM,08,20140805,10
USA,VNM,19,20110107,22
USA,VNM,04,20060407,4
USA,VNM,17,20070822,8
USA,VNM,15,20010711,2
USA,VNM,08,20101130,3
USA,VNM,19,20130826,2
USA,VNM,04,20101209,2
USA,VNM,08,20071018,3
USA,VNM,05,20040720,1
USA,VNM,04,20120620,4
USA,VNM,14,20100807,6
USA,VNM,04,20141121,1
USA,VNM,08,20120805,5
USA,VNM,02,20121211,2
USA,VNM,04,20140228,8
USA,VNM,04,20060312,2
USA,VNM,19,20110220,4
USA,VNM,04,20140906,14
USA,VNM,14,20030722,2
USA,VNM,02,20050615,3
USA,VNM,03,20131018,4
USA,VNM,04,20040428,7
USA,VNM,04,20031119,8
USA,VNM,04,20130225,1
USA,VNM,14,20140217,2
USA,VNM,03,20120529,9
USA,VNM,01,20130108,2
VEN,VNM,06,20080823,2
VNM,VNM,04,20070116,3
VNM,VNM,01,20120930,3
VNM,VNM,01,20140413,20
VNM,VNM,01,20100429,1
VNM,VNM,04,20000605,7
VNM,VNM,12,20110517,1
VNM,VNM,03,20070726,9
VNM,VNM,16,20130930,8
VNM,VNM,04,20140603,1
VNM,VNM,03,20050102,2
VNM,VNM,04,20130710,1
VNM,VNM,02,20141014,1
VNM,VNM,07,20100707,7
VNM,VNM,07,20110129,2
VNM,VNM,17,20090904,22
VNM,VNM,08,20140815,2
VNM,VNM,18,20140525,3
VNM,VNM,02,20090216,18
VNM,VNM,04,20130816,4
VNM,VNM,02,20031022,4
VNM,VNM,10,20040729,8
VNM,VNM,04,20010712,2
VNM,VNM,03,20140908,4
VNM,VNM,04,20141231,8
VNM,VNM,19,20150121,1
VNM,VNM,14,20131219,2
VNM,VNM,03,20070615,10
VNM,VNM,04,20060314,2
VNM,VNM,02,20120713,6
VNM,VNM,05,20130806,4
VNM,VNM,14,20141008,1
ZWE,VNM,04,20010930,1
AUS,VUT,04,20130808,2
AUS,VUT,17,20080318,2
AUS,VUT,06,20070603,3
CHN,VUT,01,20100414,2
FJI,VUT,04,20090509,1
KIR,VUT,04,20141130,2
PNG,VUT,05,20020821,8
VUT,VUT,07,20000609,1
VUT,VUT,06,20020430,9
AFR,WAF,04,20030811,5
AFR,WAF,13,20141104,6
AFR,WAF,04,20130111,10
CAN,WAF,13,20010911,4
CHN,WAF,01,20131118,1
CPV,WAF,04,20101229,6
DZA,WAF,03,20050919,3
FRA,WAF,05,20021027,4
FRA,WAF,19,20041129,3
GBR,WAF,02,20000606,1
GHA,WAF,01,20120120,9
GNB,WAF,17,20120415,8
LBR,WAF,04,20030721,8
LBR,WAF,05,20030715,4
MLI,WAF,12,20140210,1
MLI,WAF,07,20120830,4
MLI,WAF,04,20130121,10
NGA,WAF,04,20141105,1
NGA,WAF,04,20010125,2
NGA,WAF,04,20121119,10
NGA,WAF,04,20140919,3
NGA,WAF,02,20130313,5
NGA,WAF,02,20121116,4
TGO,WAF,16,20050311,1
TGO,WAF,04,20021030,9
USA,WAF,05,20020411,9
USA,WAF,08,20050422,5
WAF,WAF,13,20040322,9
WAF,WAF,11,20090401,6
CHN,WSM,07,20090724,1
COK,WSM,04,20120708,2
NZL,WSM,15,20130619,2
PER,WSM,03,20070401,1
PNG,WSM,04,20100219,3
TON,WSM,04,20081013,6
USA,WSM,13,20081102,5
USA,WSM,03,20120224,7
USA,WSM,19,20100111,3
USA,WSM,08,20091217,6
WSM,WSM,01,20080311,5
AFG,WST,03,20090916,2
AFG,WST,07,20040523,5
AFG,WST,03,20130321,5
AFG,WST,19,20100524,10
AFG,WST,18,20110112,18
AFG,WST,13,20120815,5
AFG,WST,19,20100223,1
AFG,WST,04,20120519,3
AFG,WST,19,20100916,4
AFG,WST,12,20101124,9
AFG,WST,11,20140407,8
AFG,WST,05,20121213,16
AFG,WST,19,20111230,24
AFG,WST,07,20060130,1
AFG,WST,19,20140309,1
AFG,WST,05,20120527,9
AFG,WST,19,20100824,7
AFG,WST,19,20120322,2
AFG,WST,11,20110331,18
AFG,WST,19,20120802,17
AFG,WST,03,20120926,4
AFG,WST,03,20130423,2
AFG,WST,11,20110418,7
AFG,WST,19,20120727,2
AFG,WST,19,20091111,5
AFG,WST,13,20120527,4
AFG,WST,19,20120301,14
AFG,WST,04,20040323,8
AFG,WST,19,20120506,251
AFG,WST,19,20110710,295
AFG,WST,19,20090830,10
AFG,WST,10,20140912,6
AFG,WST,01,20100707,8
AFG,WST,11,20131116,6
AFG,WST,14,20110518,17
AFG,WST,19,20110514,6
AFG,WST,19,20120629,6
AFG,WST,19,20090726,9
AFG,WST,05,20110505,9
AFR,WST,04,20070904,6
AFR,WST,11,20140329,2
ALB,WST,04,20090401,2
ALB,WST,05,20010725,8
ALB,WST,19,20090103,1
ALB,WST,04,20120521,34
ALB,WST,03,20090405,1
ALB,WST,12,20110309,7
ARM,WST,05,20130531,2
ARM,WST,04,20101105,5
AUS,WST,07,20100223,1
AUS,WST,03,20060126,9
AZE,WST,05,20091211,31
AZE,WST,05,20070523,6
AZE,WST,04,20100518,4
AZE,WST,13,20120905,2
BEL,WST,04,20080227,8
BEL,WST,04,20000315,4
BEL,WST,04,20120202,47
BEL,WST,01,20080227,4
BEL,WST,04,20030401,1
BEL,WST,04,20110928,5
BEL,WST,03,20110309,3
BEL,WST,04,20090309,12
BEL,WST,04,20090501,2
BGR,WST,13,20110529,5
BGR,WST,01,20000703,3
BLR,WST,01,20040401,1
CAN,WST,19,20090220,2
CHN,WST,03,20120922,4
CHN,WST,02,20110502,2
CHN,WST,01,20141025,8
CZE,WST,04,20030705,7
CZE,WST,01,20140417,6
CZE,WST,04,20010621,6
DEU,WST,01,20140323,4
DEU,WST,02,20101202,21
DEU,WST,07,20070826,20
DEU,WST,02,20030520,6
DEU,WST,01,20080824,14
DEU,WST,05,20090306,4
DEU,WST,03,20090329,5
DNK,WST,01,20121018,10
DZA,WST,02,20110830,34
EGY,WST,07,20110127,7
ESP,WST,05,20110902,2
ESP,WST,04,20030603,4
EST,WST,04,20020731,9
EST,WST,10,20060127,8
EUR,WST,04,20140513,20
EUR,WST,01,20020817,5
EUR,WST,04,20120803,2
EUR,WST,02,20001218,2
EUR,WST,06,20120929,3
EUR,WST,05,20030929,5
EUR,WST,02,20101008,2
EUR,WST,13,20140513,2
FRA,WST,07,20140210,2
FRA,WST,05,20071223,8
FRA,WST,04,20080403,4
GBR,WST,13,20080825,14
GBR,WST,04,20140905,21
GBR,WST,04,20140904,15
GBR,WST,03,20140907,3
GBR,WST,07,20110715,3
GBR,WST,05,20030122,7
GBR,WST,03,20120402,5
GBR,WST,01,20091117,14
GRC,WST,04,20000430,9
GRC,WST,04,20030402,10
HUN,WST,04,20141203,3
IDN,WST,02,20111025,1
IND,WST,11,20111202,2
IRN,WST,12,20131128,10
IRQ,WST,03,20080415,3
ITA,WST,10,20091106,8
ITA,WST,04,20090121,5
ITA,WST,02,20130623,2
JPN,WST,04,20071213,13
LBY,WST,11,20110412,6
LBY,WST,05,20110502,3
LBY,WST,04,20110312,2
LBY,WST,08,20111029,4
LBY,WST,11,20110828,1
LBY,WST,04,20110406,4
LBY,WST,10,20110717,111
LBY,WST,19,20110623,1
LBY,WST,04,20110601,7
LTU,WST,05,20140503,4
MKD,WST,04,20130925,7
MKD,WST,08,20010306,18
MKD,WST,03,20120522,9
MKD,WST,03,20130917,12
MYS,WST,03,20101015,9
NLD,WST,01,20100220,4
NLD,WST,02,20100531,1
NLD,WST,03,20031112,2
NLD,WST,02,20140725,6
PAK,WST,11,20081002,7
PAK,WST,05,20080929,1
PAK,WST,17,20120315,2
PAK,WST,19,20100912,7
PAK,WST,19,20100128,4
PAK,WST,16,20111209,10
PAK,WST,19,20090717,9
POL,WST,07,20141013,6
POL,WST,04,20010826,2
POL,WST,04,20110521,2
POL,WST,04,20131030,10
POL,WST,04,20060910,72
POL,WST,05,20101204,1
POL,WST,15,20140418,2
PRT,WST,17,20101117,2
PRT,WST,04,20140902,6
PRT,WST,19,20141209,2
PSE,WST,04,20110928,2
RUS,WST,01,20120519,3
RUS,WST,04,20090618,2
RUS,WST,11,20130325,30
RUS,WST,03,20120323,9
RUS,WST,05,20011011,14
RUS,WST,01,20080213,9
RUS,WST,03,20140808,4
RUS,WST,05,20010220,21
RUS,WST,02,20080814,1
RUS,WST,01,20080115,2
RUS,WST,01,20021122,22
RUS,WST,01,20130403,6
RUS,WST,01,20140315,106
RUS,WST,12,20091215,9
RUS,WST,11,20070420,9
RUS,WST,02,20081118,1
RUS,WST,19,20150216,8
RUS,WST,02,20140320,6
RUS,WST,04,20090926,9
RUS,WST,19,20090127,9
RUS,WST,05,20061128,27
RUS,WST,04,20130129,4
RUS,WST,11,20060929,9
RUS,WST,09,20010920,14
RUS,WST,01,20140415,48
RUS,WST,16,20080906,7
RUS,WST,08,20040526,4
RUS,WST,11,20101116,8
SAU,WST,02,20140912,1
SAU,WST,03,20141010,1
SAU,WST,08,20140901,2
SRB,WST,01,20140407,5
SRB,WST,19,20010716,4
SVK,WST,02,20010330,10
SWE,WST,06,20101214,6
SWE,WST,04,20121219,1
SYR,WST,19,20120623,5
TUR,WST,08,20130318,12
TUR,WST,01,20080529,9
TUR,WST,03,20110324,3
TUR,WST,04,20040218,14
TUR,WST,04,20001214,1
TUR,WST,02,20090403,7
TUR,WST,17,20001022,2
TUR,WST,04,20040602,5
UKR,WST,04,20140827,8
UKR,WST,08,20150107,1
UKR,WST,04,20080923,2
UKR,WST,03,20080616,3
UKR,WST,04,20141216,40
UKR,WST,05,20000301,2
UKR,WST,19,20150210,2
UKR,WST,12,20060904,7
USA,WST,13,20080819,1
USA,WST,19,20090919,249
USA,WST,06,20130131,7
USA,WST,19,20140709,6
USA,WST,03,20140331,9
USA,WST,04,20120222,4
USA,WST,03,20110326,56
USA,WST,04,20130222,1
USA,WST,04,20071108,2
USA,WST,05,20140411,16
USA,WST,04,20130506,10
USA,WST,03,20140821,1
USA,WST,19,20090207,15
USA,WST,19,20131207,2
USA,WST,04,20011107,8
USA,WST,03,20141125,255
USA,WST,02,20130326,2
USA,WST,04,20131121,4
USA,WST,02,20090427,2
USA,WST,01,20110610,23
USA,WST,04,20090806,6
USA,WST,19,20110404,45
USA,WST,05,20010920,9
USA,WST,05,20120419,5
USA,WST,04,20130830,41
USA,WST,19,20090513,73
USA,WST,07,20140221,70
USA,WST,01,20020829,6
USA,WST,15,20110703,8
VEN,WST,11,20110822,9
VEN,WST,05,20110801,5
WST,WST,01,20121207,6
WST,WST,04,20150210,2
WST,WST,05,20101117,6
WST,WST,11,20121202,80
AFG,YEM,04,20071021,2
AFR,YEM,04,20071220,9
ARE,YEM,04,20110420,14
BHR,YEM,04,20110424,6
BHR,YEM,04,20131207,14
CAN,YEM,17,20000126,15
CHE,YEM,13,20100125,9
CHN,YEM,04,20081226,1
CHN,YEM,18,20141217,10
CHN,YEM,04,20110305,8
COG,YEM,01,20111014,2
COM,YEM,04,20131101,8
DEU,YEM,04,20101129,2
DEU,YEM,17,20030216,4
DEU,YEM,04,20090305,7
DEU,YEM,16,20101101,456
EGY,YEM,01,20110216,1
EGY,YEM,06,20040106,2
EGY,YEM,04,20031005,2
EGY,YEM,04,20060203,9
EGY,YEM,03,20070826,1
EGY,YEM,04,20120114,3
ESP,YEM,14,20120210,2
EST,YEM,05,20120926,2
ETH,YEM,04,20121103,2
EUR,YEM,02,20090518,4
FRA,YEM,04,20060913,7
FRA,YEM,19,20030627,1
GBR,YEM,02,20110605,2
GBR,YEM,03,20100104,4
GBR,YEM,04,20100101,2
GBR,YEM,15,20130827,5
GBR,YEM,16,20050105,4
GBR,YEM,03,20100124,6
IRN,YEM,04,20030107,1
IRN,YEM,01,20120328,8
IRN,YEM,02,20031022,5
IRN,YEM,04,20091127,2
IRN,YEM,04,20120220,7
IRN,YEM,04,20000417,20
IRQ,YEM,18,20100911,2
IRQ,YEM,04,20041219,2
ISR,YEM,04,20090817,2
ISR,YEM,04,20130219,2
ITA,YEM,01,20000406,2
ITA,YEM,08,20120803,2
ITA,YEM,04,20100105,2
JOR,YEM,06,20010925,5
JPN,YEM,04,20100202,4
KEN,YEM,03,20111219,6
KEN,YEM,12,20140501,20
KOR,YEM,05,20101120,4
LBN,YEM,05,20020927,5
LBN,YEM,05,20030925,1
LBN,YEM,04,20071104,1
LBN,YEM,11,20090101,5
LBY,YEM,16,20130801,12
MLI,YEM,19,20140417,1
MRT,YEM,04,20060423,4
NLD,YEM,17,20101029,4
NLD,YEM,17,20100902,14
NLD,YEM,02,20141002,8
OMN,YEM,05,20050222,7
PAK,YEM,14,20120303,3
PAK,YEM,04,20091210,12
PAK,YEM,03,20100930,7
PHL,YEM,01,20150128,10
PHL,YEM,03,20131209,3
POL,YEM,17,20111026,1
PRT,YEM,04,20110117,1
PSE,YEM,03,20041205,4
PSE,YEM,03,20150207,3
PSE,YEM,04,20001012,9
PSE,YEM,04,20110108,3
PSE,YEM,04,20080318,2
QAT,YEM,11,20110526,1
RUS,YEM,04,20130615,4
RUS,YEM,04,20100218,7
RUS,YEM,17,20080611,8
SAU,YEM,04,20140918,6
SAU,YEM,04,20090624,18
SAU,YEM,08,20101129,3
SAU,YEM,05,20130624,5
SAU,YEM,18,20030918,1
SAU,YEM,02,20130806,3
SAU,YEM,04,20110923,32
SAU,YEM,04,20110529,2
SAU,YEM,18,20140807,35
SAU,YEM,10,20140908,4
SAU,YEM,02,20111013,2
SAU,YEM,01,20141125,4
SAU,YEM,18,20120724,2
SAU,YEM,04,20090919,9
SAU,YEM,03,20120510,3
SAU,YEM,04,20131126,8
SAU,YEM,02,20110527,148
SAU,YEM,19,20091221,2
SDN,YEM,04,20001022,9
SGP,YEM,07,20060316,2
SOM,YEM,04,20090425,2
SOM,YEM,08,20090123,12
SOM,YEM,05,20101211,1
SOM,YEM,02,20041107,1
SOM,YEM,19,20090426,5
SOM,YEM,01,20090813,1
SOM,YEM,19,20040306,3
SOM,YEM,04,20140918,4
SOM,YEM,02,20091231,39
SYR,YEM,01,20140212,14
SYR,YEM,04,20110910,2
SYR,YEM,04,20100209,15
SYR,YEM,04,20101121,1
TUN,YEM,08,20110423,4
TUR,YEM,01,20150120,2
USA,YEM,12,20120215,4
USA,YEM,07,20120219,1
USA,YEM,04,20150103,6
USA,YEM,04,20121026,1
USA,YEM,19,20100112,2
USA,YEM,19,20101110,3
USA,YEM,08,20150119,10
USA,YEM,17,20100608,4
USA,YEM,19,20140825,10
USA,YEM,04,20130624,2
USA,YEM,04,20120224,14
USA,YEM,17,20090620,9
USA,YEM,17,20141001,8
USA,YEM,07,20101111,10
USA,YEM,04,20140902,30
USA,YEM,19,20100111,2
USA,YEM,05,20130111,4
USA,YEM,03,20091218,4
USA,YEM,01,20140425,5
USA,YEM,05,20120618,37
USA,YEM,19,20140627,8
USA,YEM,19,20020301,4
USA,YEM,02,20110204,6
USA,YEM,11,20130811,3
USA,YEM,13,20111212,2
USA,YEM,18,20131006,3
USA,YEM,18,20121209,2
USA,YEM,06,20130805,6
USA,YEM,10,20101030,8
USA,YEM,18,20130311,10
USA,YEM,12,20120916,12
USA,YEM,04,20111224,1
USA,YEM,16,20140504,8
USA,YEM,07,20100103,12
USA,YEM,19,20100523,18
USA,YEM,04,20100208,2
USA,YEM,04,20091117,4
USA,YEM,07,20140506,6
USA,YEM,04,20141014,1
USA,YEM,17,20081103,9
USA,YEM,05,20111124,3
YEM,YEM,11,20101218,15
YEM,YEM,19,20110527,66
YEM,YEM,03,20010707,10
YEM,YEM,15,20100829,9
YEM,YEM,17,20090926,3
YEM,YEM,04,20080511,4
YEM,YEM,18,20090624,2
YEM,YEM,08,20121007,8
YEM,YEM,04,20051026,2
YEM,YEM,08,20120112,3
YEM,YEM,07,20090927,2
YEM,YEM,05,20110830,2
YEM,YEM,04,20021010,2
YEM,YEM,02,20100103,9
YEM,YEM,04,20131225,4
YEM,YEM,01,20091121,8
YEM,YEM,09,20090216,2
YEM,YEM,11,20111028,35
YEM,YEM,19,20120925,2
YEM,YEM,11,20100920,1
YEM,YEM,05,20140921,9
YEM,YEM,01,20080818,2
YEM,YEM,14,20080209,2
YEM,YEM,08,20111127,7
YEM,YEM,19,20080812,6
YEM,YEM,07,20130107,16
YEM,YEM,04,20061203,3
YEM,YEM,04,20100923,5
YEM,YEM,14,20111008,6
YEM,YEM,10,20140519,20
YEM,YEM,01,20110403,9
YEM,YEM,08,20120504,1
YEM,YEM,11,20110428,1
YEM,YEM,10,20140516,1
YEM,YEM,11,20110214,5
YEM,YEM,10,20140225,50
YEM,YEM,14,20120205,20
YEM,YEM,05,20110723,1
YEM,YEM,19,20140502,6
YEM,YEM,11,20131022,8
YEM,YEM,04,20121007,2
YEM,YEM,01,20120505,9
YEM,YEM,11,20141108,10
YEM,YEM,02,20070206,5
YEM,YEM,19,20120910,18
YEM,YEM,01,20110410,4
YEM,YEM,05,20011223,2
YEM,YEM,01,20090309,4
YEM,YEM,18,20130427,13
YEM,YEM,04,20010512,5
YEM,YEM,14,20110212,2
YEM,YEM,14,20120928,4
YEM,YEM,02,20030328,2
YEM,YEM,02,20100114,1
YEM,YEM,14,20110715,2
AFG,ZAF,19,20081103,1
AFR,ZAF,05,20101121,9
AFR,ZAF,11,20100906,2
AFR,ZAF,03,20100105,3
AFR,ZAF,01,20010909,3
AFR,ZAF,11,20020219,3
AFR,ZAF,04,20131118,14
AFR,ZAF,09,20130722,1
AFR,ZAF,14,20120528,9
AFR,ZAF,04,20070311,5
AFR,ZAF,03,20070223,4
AFR,ZAF,02,20020201,2
AFR,ZAF,04,20111130,7
AFR,ZAF,15,20080124,2
AFR,ZAF,06,20130703,5
AFR,ZAF,12,20071214,2
AFR,ZAF,04,20120121,20
AFR,ZAF,11,20010902,1
AFR,ZAF,03,20090115,1
AFR,ZAF,08,20141118,2
AFR,ZAF,19,20060627,4
AFR,ZAF,03,20140504,40
AFR,ZAF,01,20140316,20
AFR,ZAF,04,20051027,1
AFR,ZAF,04,20070709,9
AFR,ZAF,19,20140912,4
AFR,ZAF,12,20050529,1
AFR,ZAF,03,20060912,3
AFR,ZAF,02,20120124,4
AFR,ZAF,01,20130301,10
AFR,ZAF,04,20091022,5
AFR,ZAF,19,20130404,2
AFR,ZAF,01,20010701,1
AFR,ZAF,01,20070123,2
AFR,ZAF,04,20030430,8
AFR,ZAF,13,20120731,2
AFR,ZAF,01,20140204,4
AFR,ZAF,13,20020902,4
AFR,ZAF,11,20040119,6
AFR,ZAF,07,20041217,11
AFR,ZAF,17,20130721,2
AFR,ZAF,17,20110107,8
AFR,ZAF,05,20091221,4
AFR,ZAF,02,20111227,2
AFR,ZAF,02,20101102,4
AFR,ZAF,14,20001205,4
AFR,ZAF,08,20120311,4
AFR,ZAF,08,20080710,5
AFR,ZAF,04,20131103,12
AFR,ZAF,04,20120229,19
AFR,ZAF,03,20140324,2
AFR,ZAF,01,20090401,1
AFR,ZAF,12,20010421,4
AFR,ZAF,01,20150105,8
AFR,ZAF,17,20131114,1
AFR,ZAF,03,20131107,3
AFR,ZAF,09,20090715,4
AFR,ZAF,01,20121105,90
AFR,ZAF,01,20080106,1
AFR,ZAF,03,20000803,1
AFR,ZAF,01,20060627,1
AFR,ZAF,02,20130705,11
AFR,ZAF,01,20101104,3
AFR,ZAF,11,20131003,4
AFR,ZAF,19,20120210,8
AFR,ZAF,04,20130328,9
AFR,ZAF,14,20130902,20
AFR,ZAF,04,20041007,2
AFR,ZAF,12,20131212,20
AFR,ZAF,01,20140729,2
AFR,ZAF,01,20051104,1
AFR,ZAF,19,20090908,4
AFR,ZAF,19,20131027,4
AFR,ZAF,08,20100924,1
AFR,ZAF,19,20130125,4
AFR,ZAF,04,20010411,1
AFR,ZAF,03,20040728,7
AFR,ZAF,03,20150129,6
AFR,ZAF,19,20131216,8
AFR,ZAF,17,20110623,19
AFR,ZAF,11,20071209,3
AFR,ZAF,10,20010723,1
AFR,ZAF,01,20140131,8
AFR,ZAF,19,20000316,4
AFR,ZAF,04,20080727,2
AFR,ZAF,02,20110111,16
AFR,ZAF,11,20060606,2
AFR,ZAF,04,20120702,12
AFR,ZAF,04,20120901,8
AFR,ZAF,01,20070403,2
AFR,ZAF,01,20121111,2
AFR,ZAF,03,20131223,5
AFR,ZAF,05,20130624,4
AFR,ZAF,04,20111010,4
AFR,ZAF,04,20140321,1
AGO,ZAF,04,20020729,2
AUS,ZAF,03,20100319,9
AUS,ZAF,04,20091228,4
BDI,ZAF,04,20000816,5
BEL,ZAF,04,20101031,2
BRA,ZAF,04,20100117,2
BRN,ZAF,04,20021102,1
BWA,ZAF,11,20071222,1
BWA,ZAF,10,20120718,8
CAN,ZAF,19,20000310,2
CAN,ZAF,03,20130927,4
CAN,ZAF,02,20041018,4
CHE,ZAF,04,20090220,3
CHN,ZAF,04,20140507,6
CHN,ZAF,04,20110411,2
CIV,ZAF,04,20110303,4
COD,ZAF,03,20120313,2
COD,ZAF,04,20020509,8
COL,ZAF,04,20060717,3
CUB,ZAF,01,20101210,2
CUB,ZAF,04,20070423,2
CZE,ZAF,01,20010216,3
DEU,ZAF,02,20000927,1
DEU,ZAF,04,20110729,2
DNK,ZAF,03,20111006,12
DNK,ZAF,19,20080314,10
ESP,ZAF,04,20150121,1
ETH,ZAF,04,20030202,5
ETH,ZAF,04,20110126,3
ETH,ZAF,04,20060609,1
FRA,ZAF,04,20111102,1
FRA,ZAF,04,20100516,2
FSM,ZAF,02,20100115,3
GBR,ZAF,04,20091124,2
GBR,ZAF,03,20130319,10
GBR,ZAF,02,20140930,20
GBR,ZAF,01,20090508,1
GBR,ZAF,04,20140507,2
GBR,ZAF,03,20100422,15
GBR,ZAF,01,20121228,1
GHA,ZAF,04,20140103,2
IND,ZAF,04,20111017,10
IND,ZAF,19,20100323,4
IRN,ZAF,04,20121226,10
IRQ,ZAF,04,20080802,1
IRQ,ZAF,05,20111214,3
ISR,ZAF,03,20000802,1
JOR,ZAF,17,20130731,6
JOR,ZAF,01,20121011,10
JPN,ZAF,04,20030404,2
KAZ,ZAF,04,20020902,4
KEN,ZAF,02,20081204,2
KEN,ZAF,04,20150216,2
KEN,ZAF,01,20101110,2
LBN,ZAF,04,20110222,2
LBR,ZAF,08,20100811,1
LBY,ZAF,01,20110403,4
MCO,ZAF,11,20051113,2
MDG,ZAF,04,20090316,12
MDV,ZAF,05,20061215,6
MOZ,ZAF,04,20081208,4
MOZ,ZAF,05,20130630,4
MOZ,ZAF,16,20020307,2
NGA,ZAF,16,20090110,162
NGA,ZAF,01,20000929,4
NGA,ZAF,04,20120229,2
NGA,ZAF,04,20050719,1
NLD,ZAF,04,20121223,8
NOR,ZAF,05,20120520,1
NZL,ZAF,04,20020826,6
OMN,ZAF,01,20130214,1
PAK,ZAF,02,20020530,4
PAK,ZAF,08,20080720,2
PAK,ZAF,19,20090407,15
PAK,ZAF,11,20070907,10
PHL,ZAF,03,20000827,4
PSE,ZAF,01,20140726,2
RWA,ZAF,05,20021007,1
SOM,ZAF,07,20090929,3
SOM,ZAF,18,20081012,4
SWZ,ZAF,02,20120905,2
SYR,ZAF,16,20120207,2
TUR,ZAF,04,20120601,2
UGA,ZAF,04,20000908,1
USA,ZAF,17,20090922,2
USA,ZAF,03,20010625,1
USA,ZAF,01,20131129,24
USA,ZAF,14,20130628,44
USA,ZAF,01,20141210,6
USA,ZAF,19,20090223,1
USA,ZAF,04,20110711,5
USA,ZAF,05,20140522,1
USA,ZAF,03,20010424,6
USA,ZAF,19,20120413,1
USA,ZAF,05,20101007,9
USA,ZAF,03,20080417,3
USA,ZAF,07,20010810,3
USA,ZAF,16,20130325,2
USA,ZAF,10,20130223,2
USA,ZAF,04,20110915,1
USA,ZAF,04,20121113,1
USA,ZAF,01,20120310,2
USA,ZAF,04,20090621,2
USA,ZAF,04,20131127,8
USA,ZAF,16,20131209,1
USA,ZAF,02,20131028,6
USA,ZAF,04,20140513,5
VNM,ZAF,05,20101006,4
YEM,ZAF,18,20140220,2
ZAF,ZAF,19,20140524,20
ZAF,ZAF,16,20120529,5
ZAF,ZAF,04,20130515,2
ZAF,ZAF,02,20110527,1
ZAF,ZAF,16,20011204,6
ZAF,ZAF,03,20130329,12
ZAF,ZAF,17,20000403,4
ZAF,ZAF,01,20091130,2
ZAF,ZAF,11,20140814,6
ZAF,ZAF,12,20091105,1
ZAF,ZAF,05,20080610,2
ZAF,ZAF,04,20121110,4
ZAF,ZAF,17,20131208,6
ZAF,ZAF,03,20120121,1
ZAF,ZAF,18,20140401,1
ZAF,ZAF,02,20110531,9
ZAF,ZAF,03,20111107,5
ZAF,ZAF,09,20091120,6
ZAF,ZAF,06,20060830,1
ZAF,ZAF,04,20110913,2
ZAF,ZAF,08,20121119,6
ZAF,ZAF,05,20080922,2
ZAF,ZAF,04,20120920,6
ZAF,ZAF,04,20090214,2
ZAF,ZAF,07,20140319,2
ZAF,ZAF,01,20080314,2
ZAF,ZAF,11,20111102,4
ZAF,ZAF,05,20071219,8
ZAF,ZAF,11,20070813,2
ZAF,ZAF,03,20141005,2
ZAF,ZAF,10,20110328,2
ZAF,ZAF,03,20080127,4
ZAF,ZAF,04,20070130,2
ZAF,ZAF,05,20071123,9
ZAF,ZAF,17,20141002,10
ZAF,ZAF,04,20140812,6
ZAF,ZAF,11,20021128,1
ZAF,ZAF,17,20101223,2
ZAF,ZAF,09,20121107,1
ZMB,ZAF,04,20131122,5
ZWE,ZAF,01,20050819,3
ZWE,ZAF,01,20111103,1
ZWE,ZAF,05,20030905,4
ZWE,ZAF,04,20081219,6
ZWE,ZAF,19,20101015,2
ZWE,ZAF,19,20110920,4
ZWE,ZAF,19,20110607,6
ZWE,ZAF,18,20100115,3
ZWE,ZAF,04,20020219,2
ZWE,ZAF,12,20110415,4
ZWE,ZAF,11,20090116,4
AFR,ZMB,04,20091023,1
AFR,ZMB,04,20000911,6
AFR,ZMB,01,20030618,2
AFR,ZMB,04,20100827,2
AFR,ZMB,16,20130717,10
AFR,ZMB,04,20120201,2
AFR,ZMB,08,20130410,1
AFR,ZMB,03,20110609,2
AGO,ZMB,05,20010614,1
AGO,ZMB,04,20020730,1
BWA,ZMB,04,20140701,6
BWA,ZMB,04,20020706,6
CAF,ZMB,04,20140627,4
CAN,ZMB,04,20090506,8
CHN,ZMB,04,20130408,2
CHN,ZMB,04,20090416,3
CHN,ZMB,02,20120613,2
CHN,ZMB,06,20100107,4
COD,ZMB,04,20000223,2
COD,ZMB,01,20020403,3
COD,ZMB,03,20010914,1
DNK,ZMB,05,20021206,2
DNK,ZMB,03,20140821,2
DZA,ZMB,19,20030505,1
EGY,ZMB,04,20120517,4
ETH,ZMB,05,20111012,15
EUR,ZMB,03,20140317,10
GBR,ZMB,03,20140709,2
GBR,ZMB,07,20130809,20
GBR,ZMB,09,20000724,2
IRN,ZMB,04,20030705,3
ITA,ZMB,19,20141114,2
ITA,ZMB,07,20140914,4
JPN,ZMB,03,20010228,9
JPN,ZMB,02,20031217,1
JPN,ZMB,06,20050304,4
JPN,ZMB,17,20041124,2
JPN,ZMB,01,20120703,2
KEN,ZMB,05,20040728,3
KEN,ZMB,04,20041202,1
LBY,ZMB,14,20110826,2
MLI,ZMB,04,20131001,4
MOZ,ZMB,06,20110227,1
MOZ,ZMB,19,20080603,10
MOZ,ZMB,04,20050224,1
MOZ,ZMB,05,20110303,2
MOZ,ZMB,05,20060306,7
MWI,ZMB,04,20130619,10
MWI,ZMB,04,20101026,2
MWI,ZMB,04,20111027,8
NAM,ZMB,17,20110823,4
NAM,ZMB,03,20070320,4
NAM,ZMB,04,20110402,1
NAM,ZMB,06,20101004,5
NGA,ZMB,07,20120916,8
NGA,ZMB,17,20040727,1
NGA,ZMB,04,20120319,3
PSE,ZMB,18,20101101,6
RWA,ZMB,11,20091127,1
SAU,ZMB,01,20020615,3
SDN,ZMB,04,20011203,10
SLE,ZMB,04,20140818,4
SWZ,ZMB,01,20091017,1
TZA,ZMB,06,20130916,4
TZA,ZMB,06,20130916,8
TZA,ZMB,06,20120309,1
UGA,ZMB,04,20000126,6
USA,ZMB,07,20091121,2
USA,ZMB,05,20110614,1
ZAF,ZMB,03,20020125,2
ZMB,ZMB,01,20120207,2
ZMB,ZMB,11,20040629,2
ZMB,ZMB,09,20030306,2
ZMB,ZMB,01,20090228,4
ZMB,ZMB,05,20110429,18
ZMB,ZMB,05,20110828,3
ZMB,ZMB,11,20150102,4
ZMB,ZMB,01,20021115,7
ZMB,ZMB,12,20090818,5
ZMB,ZMB,11,20040601,2
ZMB,ZMB,10,20111102,4
ZMB,ZMB,04,20040412,7
ZMB,ZMB,17,20020607,5
ZMB,ZMB,01,20110427,2
ZMB,ZMB,02,20060523,1
ZMB,ZMB,05,20140730,2
ZMB,ZMB,11,20031211,1
ZMB,ZMB,02,20080102,2
ZMB,ZMB,01,20081105,2
ZMB,ZMB,03,20030121,4
ZMB,ZMB,02,20020627,3
ZMB,ZMB,01,20140226,1
ZMB,ZMB,18,20010904,2
ZMB,ZMB,03,20120506,2
ZMB,ZMB,16,20111222,5
ZMB,ZMB,12,20090109,4
ZMB,ZMB,04,20080201,3
ZMB,ZMB,08,20101208,1
ZMB,ZMB,11,20131114,6
ZMB,ZMB,01,20140410,2
ZMB,ZMB,01,20091226,2
ZMB,ZMB,02,20140415,11
ZMB,ZMB,19,20141204,1
ZMB,ZMB,04,20021210,2
ZMB,ZMB,02,20091102,2
ZMB,ZMB,01,20130702,2
ZWE,ZMB,04,20030922,2
ZWE,ZMB,04,20110911,2
ZWE,ZMB,04,20140922,8
ZWE,ZMB,19,20020103,4
ZWE,ZMB,06,20040330,9
ZWE,ZMB,04,20100524,2
AFR,ZWE,04,20110616,4
AFR,ZWE,03,20081026,16
AFR,ZWE,04,20050922,1
AFR,ZWE,10,20090710,4
AFR,ZWE,03,20100829,2
AFR,ZWE,01,20081123,7
AFR,ZWE,01,20081109,3
AFR,ZWE,04,20101117,3
AFR,ZWE,06,20090421,5
AFR,ZWE,11,20020916,2
AFR,ZWE,03,20080201,4
AFR,ZWE,14,20031105,2
AFR,ZWE,10,20130821,3
AFR,ZWE,11,20131108,8
AFR,ZWE,02,20101112,1
AFR,ZWE,01,20020326,7
AFR,ZWE,03,20100130,1
AFR,ZWE,04,20010821,2
AFR,ZWE,03,20051113,5
AFR,ZWE,02,20110114,8
AGO,ZWE,04,20021125,7
AUS,ZWE,19,20110612,3
BEL,ZWE,08,20130917,2
BEL,ZWE,04,20090806,4
BWA,ZWE,01,20081123,2
BWA,ZWE,17,20090223,54
CHL,ZWE,04,20011213,6
CHN,ZWE,06,20090816,1
CHN,ZWE,04,20120919,2
CHN,ZWE,16,20080722,9
CHN,ZWE,07,20131022,20
CUB,ZWE,04,20040216,9
DEU,ZWE,04,20131117,36
DEU,ZWE,01,20091103,5
DEU,ZWE,16,20101220,2
EGY,ZWE,04,20061209,9
EGY,ZWE,04,20110227,37
ETH,ZWE,04,20140703,2
ETH,ZWE,04,20050704,2
EUR,ZWE,03,20080623,9
EUR,ZWE,07,20090323,2
EUR,ZWE,16,20131007,32
GBR,ZWE,12,20071206,4
GBR,ZWE,02,20110830,4
GBR,ZWE,16,20080625,4
GBR,ZWE,16,20000430,2
GBR,ZWE,02,20081212,12
GBR,ZWE,01,20100124,1
GBR,ZWE,04,20090623,3
GBR,ZWE,04,20130712,5
GBR,ZWE,13,20120728,6
GBR,ZWE,02,20080425,8
GBR,ZWE,05,20010925,1
JPN,ZWE,07,20130320,10
KEN,ZWE,04,20010115,4
LBY,ZWE,04,20100910,4
LSO,ZWE,04,20020926,8
MCO,ZWE,17,20141217,2
MDV,ZWE,04,20101003,3
MOZ,ZWE,19,20130719,2
MOZ,ZWE,12,20080628,3
MOZ,ZWE,01,20041216,1
MOZ,ZWE,11,20031209,1
MOZ,ZWE,17,20090204,4
MOZ,ZWE,07,20030328,4
MWI,ZWE,02,20100109,9
NAM,ZWE,04,20020823,2
NAM,ZWE,02,20080716,5
NAM,ZWE,16,20020228,8
NGA,ZWE,03,20010906,6
NGA,ZWE,03,20020117,2
NLD,ZWE,03,20090209,9
NOR,ZWE,04,20131020,3
NZL,ZWE,04,20130910,10
PRK,ZWE,05,20090220,4
PRK,ZWE,12,20090526,18
PSE,ZWE,04,20110424,6
RUS,ZWE,05,20140807,8
RUS,ZWE,05,20140512,2
RWA,ZWE,08,20000616,8
SAF,ZWE,01,20101218,5
SAF,ZWE,05,20130816,10
SAF,ZWE,01,20030824,2
SAF,ZWE,11,20091104,11
SAF,ZWE,02,20130730,5
SAF,ZWE,01,20110810,1
SAF,ZWE,09,20080420,4
SAF,ZWE,08,20110114,9
SWE,ZWE,12,20030211,8
SWE,ZWE,02,20090617,5
SWZ,ZWE,04,20100224,1
TCD,ZWE,04,20121220,2
UGA,ZWE,02,20010216,4
UGA,ZWE,04,20061124,7
UGA,ZWE,11,20030419,7
UKR,ZWE,04,20091216,2
USA,ZWE,17,20150202,1
USA,ZWE,06,20140904,2
USA,ZWE,10,20120118,1
USA,ZWE,07,20120429,6
USA,ZWE,11,20091211,3
USA,ZWE,07,20000723,9
USA,ZWE,11,20101223,10
USA,ZWE,18,20100808,5
USA,ZWE,04,20120105,15
USA,ZWE,17,20030413,3
USA,ZWE,08,20080916,8
USA,ZWE,16,20050402,1
USA,ZWE,08,20141116,10
USA,ZWE,01,20130718,6
USA,ZWE,04,20101028,1
USA,ZWE,01,20081124,5
USA,ZWE,01,20090526,9
USA,ZWE,19,20130707,12
USA,ZWE,04,20150122,6
USA,ZWE,04,20120619,1
USA,ZWE,11,20080613,10
USA,ZWE,04,20140127,7
USA,ZWE,04,20130727,1
ZAF,ZWE,05,20090609,5
ZAF,ZWE,13,20001024,2
ZAF,ZWE,12,20080709,4
ZAF,ZWE,04,20090826,3
ZAF,ZWE,11,20040205,8
ZAF,ZWE,09,20080407,1
ZAF,ZWE,01,20080813,7
ZAF,ZWE,11,20080611,2
ZAF,ZWE,17,20060723,2
ZAF,ZWE,17,20070405,4
ZAF,ZWE,05,20140812,2
ZMB,ZWE,19,20040716,1
ZMB,ZWE,04,20140922,8
ZMB,ZWE,13,20101203,9
ZMB,ZWE,10,20111020,9
ZMB,ZWE,11,20050226,7
ZWE,ZWE,17,20060918,3
ZWE,ZWE,16,20080922,9
ZWE,ZWE,11,20091124,13
ZWE,ZWE,05,20080702,8
ZWE,ZWE,01,20000721,2
ZWE,ZWE,08,20140312,20
ZWE,ZWE,17,20120623,4
ZWE,ZWE,08,20140409,5
ZWE,ZWE,19,20101105,2
ZWE,ZWE,01,20091106,18
ZWE,ZWE,02,20130716,4
ZWE,ZWE,10,20111130,2
ZWE,ZWE,10,20070801,1
ZWE,ZWE,11,20030112,4
ZWE,ZWE,04,20080523,2
ZWE,ZWE,17,20100905,7
ZWE,ZWE,03,20100427,4
ZWE,ZWE,05,20030706,1
ZWE,ZWE,01,20020906,9
ZWE,ZWE,04,20111125,3
ZWE,ZWE,01,20040324,1
ZWE,ZWE,02,20100221,24
ZWE,ZWE,01,20090630,14
ZWE,ZWE,12,20100126,8
ZWE,ZWE,05,20011004,7
ZWE,ZWE,07,20110822,6
ZWE,ZWE,01,20140405,2
ZWE,ZWE,04,20030108,4
ZWE,ZWE,10,20141022,10
ZWE,ZWE,01,20061221,4
ZWE,ZWE,16,20120509,8
ZWE,ZWE,17,20091110,2
ZWE,ZWE,01,20101014,3
ZWE,ZWE,16,20110429,2
ZWE,ZWE,05,20080416,9
ZWE,ZWE,01,20140708,2
ZWE,ZWE,11,20141130,1
ZWE,ZWE,12,20090114,9
ZWE,ZWE,19,20110405,2
ZWE,ZWE,03,20101001,18
ZWE,ZWE,11,20140523,10
ZWE,ZWE,11,20061006,5
ZWE,ZWE,13,20081205,9
ZWE,ZWE,02,20100108,9
ZWE,ZWE,04,20130819,2
ZWE,ZWE,04,20110728,7
ZWE,ZWE,07,20061204,4
ZWE,ZWE,11,20090305,2
ZWE,ZWE,11,20110713,7
ZWE,ZWE,10,20090816,2
ZWE,ZWE,17,20140626,1
ZWE,ZWE,06,20010910,9
ZWE,ZWE,01,20110511,1
ZWE,ZWE,11,20080423,3
ZWE,ZWE,19,20081224,2
ZWE,ZWE,13,20070410,9
ZWE,ZWE,17,20141112,4
